1 0.39531248807907104 0.24861110746860504 0.02604166604578495 0.02500000037252903
2 0.7096354365348816 0.6949074268341064 0.17656250298023224 0.2638888955116272
8 0.48385417461395264 0.8578703999519348 0.03750000149011612 0.0972222238779068
0 0.8833333253860474 0.5060185194015503 0.01770833320915699 0.043518517166376114
0 0.9429687261581421 0.7157407402992249 0.02760416641831398 0.0555555559694767
0 0.9671875238418579 0.4851851761341095 0.01770833320915699 0.02777777798473835
0 0.9945312738418579 0.8236111402511597 0.010937499813735485 0.06203703582286835
1 0.39531248807907104 0.24861110746860504 0.02604166604578495 0.02500000037252903
2 0.7096354365348816 0.6949074268341064 0.17656250298023224 0.2638888955116272
8 0.48385417461395264 0.8578703999519348 0.03750000149011612 0.0972222238779068
0 0.8833333253860474 0.5060185194015503 0.01770833320915699 0.043518517166376114
0 0.9429687261581421 0.7157407402992249 0.02760416641831398 0.0555555559694767
0 0.9671875238418579 0.4851851761341095 0.01770833320915699 0.02777777798473835
0 0.9945312738418579 0.8236111402511597 0.010937499813735485 0.06203703582286835
