1 0.44322916865348816 0.24259258806705475 0.02500000037252903 0.024074073880910873
2 0.7447916865348816 0.697685182094574 0.18437500298023224 0.2509259283542633
8 0.512499988079071 0.831944465637207 0.03541666641831398 0.09351851791143417
0 0.938281238079071 0.5291666388511658 0.02031249925494194 0.04537037014961243
0 0.9908854365348816 0.7481481432914734 0.01822916604578495 0.05740740895271301
1 0.44322916865348816 0.24259258806705475 0.02500000037252903 0.024074073880910873
2 0.7447916865348816 0.697685182094574 0.18437500298023224 0.2509259283542633
8 0.512499988079071 0.831944465637207 0.03541666641831398 0.09351851791143417
0 0.938281238079071 0.5291666388511658 0.02031249925494194 0.04537037014961243
0 0.9908854365348816 0.7481481432914734 0.01822916604578495 0.05740740895271301
