2 0.3958333432674408 0.8939814567565918 0.15520833432674408 0.21203704178333282
7 0.04453124850988388 0.5388888716697693 0.05052083358168602 0.046296294778585434
1 0.5661458373069763 0.22453702986240387 0.02291666716337204 0.021296296268701553
2 0.7856770753860474 0.6199073791503906 0.17760416865348816 0.1805555522441864
8 0.5677083134651184 0.6768518686294556 0.03020833246409893 0.07222222536802292
2 0.3958333432674408 0.8939814567565918 0.15520833432674408 0.21203704178333282
7 0.04453124850988388 0.5388888716697693 0.05052083358168602 0.046296294778585434
1 0.5661458373069763 0.22453702986240387 0.02291666716337204 0.021296296268701553
2 0.7856770753860474 0.6199073791503906 0.17760416865348816 0.1805555522441864
8 0.5677083134651184 0.6768518686294556 0.03020833246409893 0.07222222536802292
