1 0.34375 0.25740739703178406 0.02812499925494194 0.02777777798473835
2 0.6734374761581421 0.6958333253860474 0.171875 0.2750000059604645
8 0.4541666805744171 0.8893518447875977 0.03958333283662796 0.10277777910232544
0 0.831250011920929 0.4870370328426361 0.015625 0.04259259253740311
0 0.8916666507720947 0.6888889074325562 0.02500000037252903 0.0555555559694767
0 0.905468761920929 0.46064814925193787 0.015104166232049465 0.026851851493120193
0 0.9549478888511658 0.7879629731178284 0.03072916716337204 0.05925925821065903
0 0.961718738079071 0.4245370328426361 0.01718750037252903 0.037962961941957474
1 0.34375 0.25740739703178406 0.02812499925494194 0.02777777798473835
2 0.6734374761581421 0.6958333253860474 0.171875 0.2750000059604645
8 0.4541666805744171 0.8893518447875977 0.03958333283662796 0.10277777910232544
0 0.831250011920929 0.4870370328426361 0.015625 0.04259259253740311
0 0.8916666507720947 0.6888889074325562 0.02500000037252903 0.0555555559694767
0 0.905468761920929 0.46064814925193787 0.015104166232049465 0.026851851493120193
0 0.9549478888511658 0.7879629731178284 0.03072916716337204 0.05925925821065903
0 0.961718738079071 0.4245370328426361 0.01718750037252903 0.037962961941957474
