8 0.7403646111488342 0.2907407283782959 0.00989583320915699 0.031481482088565826
2 0.4625000059604645 0.7611111402511597 0.1666666716337204 0.35740742087364197
0 0.5643228888511658 0.4402777850627899 0.0078125 0.03981481492519379
0 0.7752603888511658 0.2171296328306198 0.00572916679084301 0.021296296268701553
0 0.9281250238418579 0.2291666716337204 0.0072916666977107525 0.013888888992369175
0 0.6937500238418579 0.3157407343387604 0.0072916666977107525 0.029629629105329514
0 0.6343749761581421 0.6120370626449585 0.012500000186264515 0.051851850003004074
0 0.6088541746139526 0.39027777314186096 0.008333333767950535 0.023148147389292717
0 0.6971353888511658 0.6652777791023254 0.01614583283662796 0.05462963134050369
0 0.8018229007720947 0.31712964177131653 0.008854166604578495 0.03055555559694767
0 0.953125 0.1893518567085266 0.0072916666977107525 0.01944444514811039
0 0.7398437261581421 0.16851851344108582 0.004687500186264515 0.01666666753590107
0 0.6356770992279053 0.3462963104248047 0.006770833395421505 0.031481482088565826
0 0.7890625 0.35092592239379883 0.008333333767950535 0.024074073880910873
8 0.7403646111488342 0.2907407283782959 0.00989583320915699 0.031481482088565826
2 0.4625000059604645 0.7611111402511597 0.1666666716337204 0.35740742087364197
0 0.5643228888511658 0.4402777850627899 0.0078125 0.03981481492519379
0 0.7752603888511658 0.2171296328306198 0.00572916679084301 0.021296296268701553
0 0.9281250238418579 0.2291666716337204 0.0072916666977107525 0.013888888992369175
0 0.6937500238418579 0.3157407343387604 0.0072916666977107525 0.029629629105329514
0 0.6343749761581421 0.6120370626449585 0.012500000186264515 0.051851850003004074
0 0.6088541746139526 0.39027777314186096 0.008333333767950535 0.023148147389292717
0 0.6971353888511658 0.6652777791023254 0.01614583283662796 0.05462963134050369
0 0.8018229007720947 0.31712964177131653 0.008854166604578495 0.03055555559694767
0 0.953125 0.1893518567085266 0.0072916666977107525 0.01944444514811039
0 0.7398437261581421 0.16851851344108582 0.004687500186264515 0.01666666753590107
0 0.6356770992279053 0.3462963104248047 0.006770833395421505 0.031481482088565826
0 0.7890625 0.35092592239379883 0.008333333767950535 0.024074073880910873
