6 0.7723958492279053 0.2203703671693802 0.004166666883975267 0.012962962500751019
6 0.7723958492279053 0.23148147761821747 0.004166666883975267 0.012962962500751019
6 0.7721354365348816 0.23657406866550446 0.00572916679084301 0.017592592164874077
6 0.7723958492279053 0.21481481194496155 0.0052083334885537624 0.01666666753590107
6 0.772656261920929 0.20972222089767456 0.004687500186264515 0.015740741044282913
6 0.7723958492279053 0.2273148149251938 0.0052083334885537624 0.017592592164874077
8 0.6171875 0.2819444537162781 0.0072916666977107525 0.03055555559694767
2 0.3687500059604645 0.8277778029441833 0.19166666269302368 0.3444444537162781
0 0.46145832538604736 0.46203702688217163 0.0072916666977107525 0.040740739554166794
0 0.643750011920929 0.20370370149612427 0.004166666883975267 0.020370369777083397
0 0.7692708373069763 0.20370370149612427 0.0052083334885537624 0.012962962500751019
0 0.5776041746139526 0.31111112236976624 0.0052083334885537624 0.029629629105329514
0 0.54296875 0.6407407522201538 0.00989583320915699 0.05370370298624039
0 0.5026041865348816 0.39953702688217163 0.0072916666977107525 0.023148147389292717
0 0.6119791865348816 0.6759259104728699 0.01354166679084301 0.0555555559694767
0 0.6742187738418579 0.2995370328426361 0.00572916679084301 0.028703704476356506
0 0.7861979007720947 0.1657407432794571 0.004687500186264515 0.01666666753590107
0 0.6091145873069763 0.16018518805503845 0.0026041667442768812 0.01666666753590107
0 0.7184895873069763 0.45092591643333435 0.010937499813735485 0.040740739554166794
0 0.5244791507720947 0.3513889014720917 0.0052083334885537624 0.032407406717538834
0 0.6658853888511658 0.3333333432674408 0.00572916679084301 0.02222222276031971
6 0.7723958492279053 0.2203703671693802 0.004166666883975267 0.012962962500751019
6 0.7723958492279053 0.23148147761821747 0.004166666883975267 0.012962962500751019
6 0.7721354365348816 0.23657406866550446 0.00572916679084301 0.017592592164874077
6 0.7723958492279053 0.21481481194496155 0.0052083334885537624 0.01666666753590107
6 0.772656261920929 0.20972222089767456 0.004687500186264515 0.015740741044282913
6 0.7723958492279053 0.2273148149251938 0.0052083334885537624 0.017592592164874077
8 0.6171875 0.2819444537162781 0.0072916666977107525 0.03055555559694767
2 0.3687500059604645 0.8277778029441833 0.19166666269302368 0.3444444537162781
0 0.46145832538604736 0.46203702688217163 0.0072916666977107525 0.040740739554166794
0 0.643750011920929 0.20370370149612427 0.004166666883975267 0.020370369777083397
0 0.7692708373069763 0.20370370149612427 0.0052083334885537624 0.012962962500751019
0 0.5776041746139526 0.31111112236976624 0.0052083334885537624 0.029629629105329514
0 0.54296875 0.6407407522201538 0.00989583320915699 0.05370370298624039
0 0.5026041865348816 0.39953702688217163 0.0072916666977107525 0.023148147389292717
0 0.6119791865348816 0.6759259104728699 0.01354166679084301 0.0555555559694767
0 0.6742187738418579 0.2995370328426361 0.00572916679084301 0.028703704476356506
0 0.7861979007720947 0.1657407432794571 0.004687500186264515 0.01666666753590107
0 0.6091145873069763 0.16018518805503845 0.0026041667442768812 0.01666666753590107
0 0.7184895873069763 0.45092591643333435 0.010937499813735485 0.040740739554166794
0 0.5244791507720947 0.3513889014720917 0.0052083334885537624 0.032407406717538834
0 0.6658853888511658 0.3333333432674408 0.00572916679084301 0.02222222276031971
