6 0.8052083253860474 0.22499999403953552 0.004166666883975267 0.012962962500751019
6 0.8049479126930237 0.23564815521240234 0.004687500186264515 0.013888888992369175
6 0.8044270873069763 0.24120371043682098 0.00572916679084301 0.017592592164874077
6 0.8052083253860474 0.21898147463798523 0.0052083334885537624 0.015740741044282913
6 0.805468738079071 0.2134259194135666 0.00572916679084301 0.015740741044282913
6 0.8049479126930237 0.23148147761821747 0.00572916679084301 0.01666666753590107
8 0.6442708373069763 0.28148147463798523 0.008333333767950535 0.029629629105329514
2 0.3921875059604645 0.8143518567085266 0.1822916716337204 0.3712962865829468
0 0.4854166805744171 0.4523148238658905 0.0062500000931322575 0.03981481492519379
0 0.6721354126930237 0.20555555820465088 0.004687500186264515 0.020370369777083397
0 0.8020833134651184 0.2074074000120163 0.0052083334885537624 0.012962962500751019
0 0.6033853888511658 0.3097222149372101 0.00572916679084301 0.028703704476356506
0 0.5635416507720947 0.6263889074325562 0.010416666977107525 0.05277777835726738
0 0.5270833373069763 0.3939814865589142 0.0072916666977107525 0.023148147389292717
0 0.6299479007720947 0.6657407283782959 0.01406249962747097 0.0555555559694767
0 0.7013021111488342 0.30092594027519226 0.006770833395421505 0.02777777798473835
0 0.8203125 0.16990740597248077 0.0052083334885537624 0.017592592164874077
0 0.7432291507720947 0.4532407522201538 0.01145833358168602 0.03981481492519379
0 0.550000011920929 0.34675925970077515 0.0052083334885537624 0.032407406717538834
0 0.692187488079071 0.3342592716217041 0.0062500000931322575 0.02222222276031971
6 0.8052083253860474 0.22499999403953552 0.004166666883975267 0.012962962500751019
6 0.8049479126930237 0.23564815521240234 0.004687500186264515 0.013888888992369175
6 0.8044270873069763 0.24120371043682098 0.00572916679084301 0.017592592164874077
6 0.8052083253860474 0.21898147463798523 0.0052083334885537624 0.015740741044282913
6 0.805468738079071 0.2134259194135666 0.00572916679084301 0.015740741044282913
6 0.8049479126930237 0.23148147761821747 0.00572916679084301 0.01666666753590107
8 0.6442708373069763 0.28148147463798523 0.008333333767950535 0.029629629105329514
2 0.3921875059604645 0.8143518567085266 0.1822916716337204 0.3712962865829468
0 0.4854166805744171 0.4523148238658905 0.0062500000931322575 0.03981481492519379
0 0.6721354126930237 0.20555555820465088 0.004687500186264515 0.020370369777083397
0 0.8020833134651184 0.2074074000120163 0.0052083334885537624 0.012962962500751019
0 0.6033853888511658 0.3097222149372101 0.00572916679084301 0.028703704476356506
0 0.5635416507720947 0.6263889074325562 0.010416666977107525 0.05277777835726738
0 0.5270833373069763 0.3939814865589142 0.0072916666977107525 0.023148147389292717
0 0.6299479007720947 0.6657407283782959 0.01406249962747097 0.0555555559694767
0 0.7013021111488342 0.30092594027519226 0.006770833395421505 0.02777777798473835
0 0.8203125 0.16990740597248077 0.0052083334885537624 0.017592592164874077
0 0.7432291507720947 0.4532407522201538 0.01145833358168602 0.03981481492519379
0 0.550000011920929 0.34675925970077515 0.0052083334885537624 0.032407406717538834
0 0.692187488079071 0.3342592716217041 0.0062500000931322575 0.02222222276031971
