8 0.8151041865348816 0.30509260296821594 0.012500000186264515 0.032407406717538834
1 0.03932291641831398 0.34259259700775146 0.0494791679084301 0.04444444552063942
2 0.5088541507720947 0.7370370626449585 0.1614583283662796 0.33703702688217163
0 0.6200520992279053 0.44212964177131653 0.008854166604578495 0.03981481492519379
0 0.8570312261581421 0.23055554926395416 0.0078125 0.02222222276031971
0 0.7622395753860474 0.3282407522201538 0.008854166604578495 0.03055555559694767
0 0.6864583492279053 0.6180555820465088 0.014583333395421505 0.05277777835726738
0 0.66796875 0.39629629254341125 0.008854166604578495 0.024074073880910873
0 0.749218761920929 0.6805555820465088 0.01822916604578495 0.0555555559694767
0 0.8825520873069763 0.33703702688217163 0.010937499813735485 0.031481482088565826
0 0.819531261920929 0.17824074625968933 0.00572916679084301 0.017592592164874077
0 0.698437511920929 0.3541666567325592 0.008333333767950535 0.032407406717538834
0 0.866406261920929 0.3717592656612396 0.00989583320915699 0.02500000037252903
8 0.8151041865348816 0.30509260296821594 0.012500000186264515 0.032407406717538834
1 0.03932291641831398 0.34259259700775146 0.0494791679084301 0.04444444552063942
2 0.5088541507720947 0.7370370626449585 0.1614583283662796 0.33703702688217163
0 0.6200520992279053 0.44212964177131653 0.008854166604578495 0.03981481492519379
0 0.8570312261581421 0.23055554926395416 0.0078125 0.02222222276031971
0 0.7622395753860474 0.3282407522201538 0.008854166604578495 0.03055555559694767
0 0.6864583492279053 0.6180555820465088 0.014583333395421505 0.05277777835726738
0 0.66796875 0.39629629254341125 0.008854166604578495 0.024074073880910873
0 0.749218761920929 0.6805555820465088 0.01822916604578495 0.0555555559694767
0 0.8825520873069763 0.33703702688217163 0.010937499813735485 0.031481482088565826
0 0.819531261920929 0.17824074625968933 0.00572916679084301 0.017592592164874077
0 0.698437511920929 0.3541666567325592 0.008333333767950535 0.032407406717538834
0 0.866406261920929 0.3717592656612396 0.00989583320915699 0.02500000037252903
