6 0.6932291388511658 0.22685185074806213 0.004166666883975267 0.012962962500751019
6 0.6942708492279053 0.23842592537403107 0.004166666883975267 0.013888888992369175
6 0.6947916746139526 0.24444444477558136 0.004166666883975267 0.018518518656492233
6 0.692187488079071 0.2203703671693802 0.004166666883975267 0.01666666753590107
6 0.6916666626930237 0.2143518477678299 0.004166666883975267 0.015740741044282913
6 0.6937500238418579 0.23379629850387573 0.004166666883975267 0.017592592164874077
8 0.538281261920929 0.3222222328186035 0.006770833395421505 0.035185184329748154
0 0.3723958432674408 0.574999988079071 0.01145833358168602 0.04814814776182175
0 0.56640625 0.2171296328306198 0.0036458333488553762 0.021296296268701553
0 0.6875 0.2092592567205429 0.004166666883975267 0.012962962500751019
0 0.4997395873069763 0.35555556416511536 0.004687500186264515 0.03333333507180214
0 0.4723958373069763 0.8861111402511597 0.012500000186264515 0.06666667014360428
0 0.4203124940395355 0.47777777910232544 0.00937500037252903 0.02777777798473835
0 0.5791666507720947 0.8861111402511597 0.015625 0.06851851940155029
0 0.6041666865348816 0.33194443583488464 0.0052083334885537624 0.03055555559694767
0 0.7026041746139526 0.1666666716337204 0.004166666883975267 0.01666666753590107
0 0.6713541746139526 0.5129629373550415 0.010416666977107525 0.04444444552063942
0 0.43932291865348816 0.41805556416511536 0.006770833395421505 0.037962961941957474
0 0.5986979007720947 0.3731481432914734 0.00572916679084301 0.024074073880910873
6 0.6932291388511658 0.22685185074806213 0.004166666883975267 0.012962962500751019
6 0.6942708492279053 0.23842592537403107 0.004166666883975267 0.013888888992369175
6 0.6947916746139526 0.24444444477558136 0.004166666883975267 0.018518518656492233
6 0.692187488079071 0.2203703671693802 0.004166666883975267 0.01666666753590107
6 0.6916666626930237 0.2143518477678299 0.004166666883975267 0.015740741044282913
6 0.6937500238418579 0.23379629850387573 0.004166666883975267 0.017592592164874077
8 0.538281261920929 0.3222222328186035 0.006770833395421505 0.035185184329748154
0 0.3723958432674408 0.574999988079071 0.01145833358168602 0.04814814776182175
0 0.56640625 0.2171296328306198 0.0036458333488553762 0.021296296268701553
0 0.6875 0.2092592567205429 0.004166666883975267 0.012962962500751019
0 0.4997395873069763 0.35555556416511536 0.004687500186264515 0.03333333507180214
0 0.4723958373069763 0.8861111402511597 0.012500000186264515 0.06666667014360428
0 0.4203124940395355 0.47777777910232544 0.00937500037252903 0.02777777798473835
0 0.5791666507720947 0.8861111402511597 0.015625 0.06851851940155029
0 0.6041666865348816 0.33194443583488464 0.0052083334885537624 0.03055555559694767
0 0.7026041746139526 0.1666666716337204 0.004166666883975267 0.01666666753590107
0 0.6713541746139526 0.5129629373550415 0.010416666977107525 0.04444444552063942
0 0.43932291865348816 0.41805556416511536 0.006770833395421505 0.037962961941957474
0 0.5986979007720947 0.3731481432914734 0.00572916679084301 0.024074073880910873
