6 0.6830729246139526 0.21759259700775146 0.0036458333488553762 0.012962962500751019
6 0.6841145753860474 0.22870370745658875 0.0036458333488553762 0.012962962500751019
6 0.684374988079071 0.23472222685813904 0.004166666883975267 0.017592592164874077
6 0.6825520992279053 0.21157407760620117 0.0036458333488553762 0.015740741044282913
6 0.6820312738418579 0.20601852238178253 0.0036458333488553762 0.015740741044282913
6 0.6833333373069763 0.22453702986240387 0.004166666883975267 0.017592592164874077
8 0.5354166626930237 0.3018518388271332 0.0062500000931322575 0.03333333507180214
2 0.26875001192092896 0.9217592477798462 0.2645833194255829 0.15648147463798523
0 0.3786458373069763 0.5291666388511658 0.010416666977107525 0.04537037014961243
0 0.5601562261581421 0.2083333283662796 0.0036458333488553762 0.020370369777083397
0 0.6781250238418579 0.2013888955116272 0.004166666883975267 0.012037036940455437
0 0.4976562559604645 0.33472222089767456 0.004687500186264515 0.03055555559694767
0 0.47604167461395264 0.7675926089286804 0.010416666977107525 0.06111111119389534
0 0.42239582538604736 0.4453703761100769 0.008333333767950535 0.025925925001502037
0 0.5651041865348816 0.7791666388511658 0.01354166679084301 0.06203703582286835
0 0.5960937738418579 0.3125 0.004687500186264515 0.028703704476356506
0 0.6924479007720947 0.16111111640930176 0.0036458333488553762 0.01666666753590107
0 0.5234375 0.16388888657093048 0.0020833334419876337 0.01666666753590107
0 0.6552083492279053 0.4749999940395355 0.00937500037252903 0.04259259253740311
0 0.4416666626930237 0.3898148238658905 0.0062500000931322575 0.035185184329748154
0 0.590624988079071 0.35046297311782837 0.0052083334885537624 0.023148147389292717
6 0.6830729246139526 0.21759259700775146 0.0036458333488553762 0.012962962500751019
6 0.6841145753860474 0.22870370745658875 0.0036458333488553762 0.012962962500751019
6 0.684374988079071 0.23472222685813904 0.004166666883975267 0.017592592164874077
6 0.6825520992279053 0.21157407760620117 0.0036458333488553762 0.015740741044282913
6 0.6820312738418579 0.20601852238178253 0.0036458333488553762 0.015740741044282913
6 0.6833333373069763 0.22453702986240387 0.004166666883975267 0.017592592164874077
8 0.5354166626930237 0.3018518388271332 0.0062500000931322575 0.03333333507180214
2 0.26875001192092896 0.9217592477798462 0.2645833194255829 0.15648147463798523
0 0.3786458373069763 0.5291666388511658 0.010416666977107525 0.04537037014961243
0 0.5601562261581421 0.2083333283662796 0.0036458333488553762 0.020370369777083397
0 0.6781250238418579 0.2013888955116272 0.004166666883975267 0.012037036940455437
0 0.4976562559604645 0.33472222089767456 0.004687500186264515 0.03055555559694767
0 0.47604167461395264 0.7675926089286804 0.010416666977107525 0.06111111119389534
0 0.42239582538604736 0.4453703761100769 0.008333333767950535 0.025925925001502037
0 0.5651041865348816 0.7791666388511658 0.01354166679084301 0.06203703582286835
0 0.5960937738418579 0.3125 0.004687500186264515 0.028703704476356506
0 0.6924479007720947 0.16111111640930176 0.0036458333488553762 0.01666666753590107
0 0.5234375 0.16388888657093048 0.0020833334419876337 0.01666666753590107
0 0.6552083492279053 0.4749999940395355 0.00937500037252903 0.04259259253740311
0 0.4416666626930237 0.3898148238658905 0.0062500000931322575 0.035185184329748154
0 0.590624988079071 0.35046297311782837 0.0052083334885537624 0.023148147389292717
