6 0.686718761920929 0.21990740299224854 0.0036458333488553762 0.012037036940455437
6 0.6875 0.23148147761821747 0.004166666883975267 0.012962962500751019
6 0.6880208253860474 0.2370370328426361 0.004166666883975267 0.018518518656492233
6 0.6856771111488342 0.2134259194135666 0.0036458333488553762 0.015740741044282913
6 0.6851562261581421 0.20787036418914795 0.0036458333488553762 0.015740741044282913
6 0.6869791746139526 0.22685185074806213 0.004166666883975267 0.01666666753590107
8 0.5369791388511658 0.3064814805984497 0.0062500000931322575 0.03333333507180214
2 0.2604166567325592 0.9356481432914734 0.27916666865348816 0.12870369851589203
0 0.37838542461395264 0.5393518805503845 0.010937499813735485 0.04537037014961243
0 0.5627604126930237 0.2101851850748062 0.0036458333488553762 0.020370369777083397
0 0.6815103888511658 0.20324073731899261 0.0036458333488553762 0.012037036940455437
0 0.49921876192092896 0.33981481194496155 0.004687500186264515 0.031481482088565826
0 0.47604167461395264 0.793055534362793 0.01145833358168602 0.06203703582286835
0 0.4229166805744171 0.4523148238658905 0.008333333767950535 0.026851851493120193
0 0.5690104365348816 0.8027777671813965 0.01406249962747097 0.06481481343507767
0 0.5989583134651184 0.31712964177131653 0.0052083334885537624 0.028703704476356506
0 0.696093738079071 0.16296295821666718 0.0036458333488553762 0.01666666753590107
0 0.5255208611488342 0.1657407432794571 0.0020833334419876337 0.01666666753590107
0 0.6596354246139526 0.4842592477798462 0.00989583320915699 0.04259259253740311
0 0.44218748807907104 0.3958333432674408 0.0062500000931322575 0.03611111268401146
0 0.5932291746139526 0.3560185134410858 0.0052083334885537624 0.023148147389292717
6 0.686718761920929 0.21990740299224854 0.0036458333488553762 0.012037036940455437
6 0.6875 0.23148147761821747 0.004166666883975267 0.012962962500751019
6 0.6880208253860474 0.2370370328426361 0.004166666883975267 0.018518518656492233
6 0.6856771111488342 0.2134259194135666 0.0036458333488553762 0.015740741044282913
6 0.6851562261581421 0.20787036418914795 0.0036458333488553762 0.015740741044282913
6 0.6869791746139526 0.22685185074806213 0.004166666883975267 0.01666666753590107
8 0.5369791388511658 0.3064814805984497 0.0062500000931322575 0.03333333507180214
2 0.2604166567325592 0.9356481432914734 0.27916666865348816 0.12870369851589203
0 0.37838542461395264 0.5393518805503845 0.010937499813735485 0.04537037014961243
0 0.5627604126930237 0.2101851850748062 0.0036458333488553762 0.020370369777083397
0 0.6815103888511658 0.20324073731899261 0.0036458333488553762 0.012037036940455437
0 0.49921876192092896 0.33981481194496155 0.004687500186264515 0.031481482088565826
0 0.47604167461395264 0.793055534362793 0.01145833358168602 0.06203703582286835
0 0.4229166805744171 0.4523148238658905 0.008333333767950535 0.026851851493120193
0 0.5690104365348816 0.8027777671813965 0.01406249962747097 0.06481481343507767
0 0.5989583134651184 0.31712964177131653 0.0052083334885537624 0.028703704476356506
0 0.696093738079071 0.16296295821666718 0.0036458333488553762 0.01666666753590107
0 0.5255208611488342 0.1657407432794571 0.0020833334419876337 0.01666666753590107
0 0.6596354246139526 0.4842592477798462 0.00989583320915699 0.04259259253740311
0 0.44218748807907104 0.3958333432674408 0.0062500000931322575 0.03611111268401146
0 0.5932291746139526 0.3560185134410858 0.0052083334885537624 0.023148147389292717
