6 0.6830729246139526 0.21574074029922485 0.0036458333488553762 0.012962962500751019
6 0.6841145753860474 0.22685185074806213 0.0036458333488553762 0.012962962500751019
6 0.684374988079071 0.23287037014961243 0.004166666883975267 0.017592592164874077
6 0.6825520992279053 0.20972222089767456 0.0036458333488553762 0.015740741044282913
6 0.6820312738418579 0.20462962985038757 0.0036458333488553762 0.014814814552664757
6 0.6833333373069763 0.2222222238779068 0.004166666883975267 0.01666666753590107
8 0.5364583134651184 0.2976851761341095 0.0062500000931322575 0.032407406717538834
2 0.2776041626930237 0.9074074029922485 0.25208333134651184 0.18518517911434174
0 0.38203126192092896 0.5189814567565918 0.00989583320915699 0.04537037014961243
0 0.5611979365348816 0.20648148655891418 0.0036458333488553762 0.020370369777083397
0 0.6786458492279053 0.19953703880310059 0.004166666883975267 0.012037036940455437
0 0.49921876192092896 0.33009257912635803 0.004687500186264515 0.03055555559694767
0 0.4781250059604645 0.7435185313224792 0.010416666977107525 0.05925925821065903
0 0.4247395694255829 0.43796294927597046 0.008854166604578495 0.025925925001502037
0 0.5635416507720947 0.7574074268341064 0.012500000186264515 0.06111111119389534
0 0.5963541865348816 0.3087962865829468 0.0052083334885537624 0.028703704476356506
0 0.4937500059604645 0.1578703671693802 0.0020833334419876337 0.015740741044282913
0 0.6924479007720947 0.16018518805503845 0.0036458333488553762 0.01666666753590107
0 0.5244791507720947 0.16296295821666718 0.0020833334419876337 0.01666666753590107
0 0.6533854007720947 0.4671296179294586 0.008854166604578495 0.0416666679084301
0 0.4440104067325592 0.3828703761100769 0.00572916679084301 0.034259259700775146
0 0.590624988079071 0.34583333134651184 0.0052083334885537624 0.023148147389292717
6 0.6830729246139526 0.21574074029922485 0.0036458333488553762 0.012962962500751019
6 0.6841145753860474 0.22685185074806213 0.0036458333488553762 0.012962962500751019
6 0.684374988079071 0.23287037014961243 0.004166666883975267 0.017592592164874077
6 0.6825520992279053 0.20972222089767456 0.0036458333488553762 0.015740741044282913
6 0.6820312738418579 0.20462962985038757 0.0036458333488553762 0.014814814552664757
6 0.6833333373069763 0.2222222238779068 0.004166666883975267 0.01666666753590107
8 0.5364583134651184 0.2976851761341095 0.0062500000931322575 0.032407406717538834
2 0.2776041626930237 0.9074074029922485 0.25208333134651184 0.18518517911434174
0 0.38203126192092896 0.5189814567565918 0.00989583320915699 0.04537037014961243
0 0.5611979365348816 0.20648148655891418 0.0036458333488553762 0.020370369777083397
0 0.6786458492279053 0.19953703880310059 0.004166666883975267 0.012037036940455437
0 0.49921876192092896 0.33009257912635803 0.004687500186264515 0.03055555559694767
0 0.4781250059604645 0.7435185313224792 0.010416666977107525 0.05925925821065903
0 0.4247395694255829 0.43796294927597046 0.008854166604578495 0.025925925001502037
0 0.5635416507720947 0.7574074268341064 0.012500000186264515 0.06111111119389534
0 0.5963541865348816 0.3087962865829468 0.0052083334885537624 0.028703704476356506
0 0.4937500059604645 0.1578703671693802 0.0020833334419876337 0.015740741044282913
0 0.6924479007720947 0.16018518805503845 0.0036458333488553762 0.01666666753590107
0 0.5244791507720947 0.16296295821666718 0.0020833334419876337 0.01666666753590107
0 0.6533854007720947 0.4671296179294586 0.008854166604578495 0.0416666679084301
0 0.4440104067325592 0.3828703761100769 0.00572916679084301 0.034259259700775146
0 0.590624988079071 0.34583333134651184 0.0052083334885537624 0.023148147389292717
