6 0.6932291388511658 0.2152777761220932 0.0031250000465661287 0.012037036940455437
6 0.6940104365348816 0.22638888657093048 0.0036458333488553762 0.013888888992369175
6 0.6942708492279053 0.23194444179534912 0.004166666883975267 0.017592592164874077
6 0.6927083134651184 0.20972222089767456 0.004166666883975267 0.015740741044282913
6 0.6924479007720947 0.20416666567325592 0.0036458333488553762 0.015740741044282913
6 0.6937500238418579 0.2222222238779068 0.004166666883975267 0.01666666753590107
8 0.5463541746139526 0.2935185134410858 0.0062500000931322575 0.031481482088565826
2 0.2927083373069763 0.8902778029441833 0.23854166269302368 0.21944443881511688
0 0.3929687440395355 0.5069444179534912 0.00989583320915699 0.043518517166376114
0 0.571093738079071 0.20555555820465088 0.0036458333488553762 0.020370369777083397
0 0.6890624761581421 0.19907407462596893 0.004166666883975267 0.012962962500751019
0 0.5091145634651184 0.3254629671573639 0.004687500186264515 0.03055555559694767
0 0.4867187440395355 0.7194444537162781 0.00989583320915699 0.05740740895271301
0 0.4351562559604645 0.42916667461395264 0.0078125 0.02500000037252903
0 0.5682291388511658 0.737500011920929 0.012500000186264515 0.06018518656492233
0 0.60546875 0.30509260296821594 0.004687500186264515 0.028703704476356506
0 0.7028645873069763 0.16018518805503845 0.0036458333488553762 0.01666666753590107
0 0.5346354246139526 0.16203702986240387 0.0026041667442768812 0.01666666753590107
0 0.66015625 0.4611110985279083 0.008854166604578495 0.040740739554166794
0 0.4544270932674408 0.37546294927597046 0.00572916679084301 0.034259259700775146
0 0.5994791388511658 0.34166666865348816 0.0052083334885537624 0.02222222276031971
6 0.6932291388511658 0.2152777761220932 0.0031250000465661287 0.012037036940455437
6 0.6940104365348816 0.22638888657093048 0.0036458333488553762 0.013888888992369175
6 0.6942708492279053 0.23194444179534912 0.004166666883975267 0.017592592164874077
6 0.6927083134651184 0.20972222089767456 0.004166666883975267 0.015740741044282913
6 0.6924479007720947 0.20416666567325592 0.0036458333488553762 0.015740741044282913
6 0.6937500238418579 0.2222222238779068 0.004166666883975267 0.01666666753590107
8 0.5463541746139526 0.2935185134410858 0.0062500000931322575 0.031481482088565826
2 0.2927083373069763 0.8902778029441833 0.23854166269302368 0.21944443881511688
0 0.3929687440395355 0.5069444179534912 0.00989583320915699 0.043518517166376114
0 0.571093738079071 0.20555555820465088 0.0036458333488553762 0.020370369777083397
0 0.6890624761581421 0.19907407462596893 0.004166666883975267 0.012962962500751019
0 0.5091145634651184 0.3254629671573639 0.004687500186264515 0.03055555559694767
0 0.4867187440395355 0.7194444537162781 0.00989583320915699 0.05740740895271301
0 0.4351562559604645 0.42916667461395264 0.0078125 0.02500000037252903
0 0.5682291388511658 0.737500011920929 0.012500000186264515 0.06018518656492233
0 0.60546875 0.30509260296821594 0.004687500186264515 0.028703704476356506
0 0.7028645873069763 0.16018518805503845 0.0036458333488553762 0.01666666753590107
0 0.5346354246139526 0.16203702986240387 0.0026041667442768812 0.01666666753590107
0 0.66015625 0.4611110985279083 0.008854166604578495 0.040740739554166794
0 0.4544270932674408 0.37546294927597046 0.00572916679084301 0.034259259700775146
0 0.5994791388511658 0.34166666865348816 0.0052083334885537624 0.02222222276031971
