6 0.696093738079071 0.23101851344108582 0.0036458333488553762 0.013888888992369175
6 0.6973958611488342 0.24351851642131805 0.004166666883975267 0.014814814552664757
6 0.6981770992279053 0.25 0.004687500186264515 0.018518518656492233
6 0.6950520873069763 0.2240740805864334 0.0036458333488553762 0.01666666753590107
6 0.6942708492279053 0.21805556118488312 0.004166666883975267 0.015740741044282913
6 0.6968749761581421 0.23842592537403107 0.004166666883975267 0.017592592164874077
8 0.5377604365348816 0.33379629254341125 0.006770833395421505 0.03611111268401146
0 0.3669270873069763 0.6009259223937988 0.01197916641831398 0.05000000074505806
0 0.5674479007720947 0.22175925970077515 0.0036458333488553762 0.021296296268701553
0 0.6901041865348816 0.21388888359069824 0.004166666883975267 0.012962962500751019
0 0.4989583194255829 0.36666667461395264 0.0052083334885537624 0.03333333507180214
0 0.46953123807907104 0.9587963223457336 0.013020833022892475 0.0694444477558136
0 0.41744792461395264 0.4958333373069763 0.00989583320915699 0.028703704476356506
0 0.5861979126930237 0.9509259462356567 0.01718750037252903 0.07222222536802292
0 0.606249988079071 0.3421296179294586 0.0052083334885537624 0.03055555559694767
0 0.7054687738418579 0.16944444179534912 0.0036458333488553762 0.01666666753590107
0 0.6786458492279053 0.5342592597007751 0.01145833358168602 0.046296294778585434
0 0.4359374940395355 0.4342592656612396 0.0072916666977107525 0.03888889029622078
0 0.6010416746139526 0.3856481611728668 0.0052083334885537624 0.02500000037252903
