6 0.6572916507720947 0.23194444179534912 0.004166666883975267 0.013888888992369175
6 0.659375011920929 0.244907408952713 0.004166666883975267 0.013888888992369175
6 0.66015625 0.25138887763023376 0.0036458333488553762 0.01944444514811039
6 0.6559895873069763 0.22499999403953552 0.0036458333488553762 0.01666666753590107
6 0.6549479365348816 0.21851852536201477 0.0036458333488553762 0.01666666753590107
6 0.6580728888511658 0.23981481790542603 0.0036458333488553762 0.018518518656492233
8 0.5002604126930237 0.35092592239379883 0.006770833395421505 0.03888889029622078
0 0.32343751192092896 0.6583333611488342 0.014583333395421505 0.05370370298624039
0 0.5302083492279053 0.22638888657093048 0.0031250000465661287 0.021296296268701553
0 0.6505208611488342 0.21481481194496155 0.004166666883975267 0.012962962500751019
0 0.4611979126930237 0.3861111104488373 0.00572916679084301 0.035185184329748154
0 0.3776041567325592 0.5319444537162781 0.01145833358168602 0.03055555559694767
0 0.5721353888511658 0.35370370745658875 0.004687500186264515 0.031481482088565826
0 0.664843738079071 0.16851851344108582 0.0036458333488553762 0.01666666753590107
0 0.4893229305744171 0.17546296119689941 0.0026041667442768812 0.017592592164874077
0 0.6533854007720947 0.5546296238899231 0.010937499813735485 0.04814814776182175
0 0.39505207538604736 0.46574074029922485 0.008854166604578495 0.040740739554166794
0 0.5677083134651184 0.4000000059604645 0.0052083334885537624 0.025925925001502037
