6 0.6484375 0.23981481790542603 0.004166666883975267 0.014814814552664757
6 0.6510416865348816 0.2537037134170532 0.004166666883975267 0.014814814552664757
6 0.6520833373069763 0.2606481611728668 0.004166666883975267 0.01944444514811039
6 0.6468750238418579 0.23194444179534912 0.0031250000465661287 0.017592592164874077
6 0.6458333134651184 0.22546295821666718 0.0031250000465661287 0.017592592164874077
6 0.6497395634651184 0.2481481432914734 0.0036458333488553762 0.018518518656492233
8 0.4854166805744171 0.3787037134170532 0.0072916666977107525 0.04259259253740311
0 0.2927083373069763 0.7393518686294556 0.01770833320915699 0.05833333358168602
0 0.518750011920929 0.23564815521240234 0.0031250000465661287 0.023148147389292717
0 0.6411458253860474 0.22175925970077515 0.004166666883975267 0.013888888992369175
0 0.4453125 0.4148148000240326 0.0062500000931322575 0.03703703731298447
0 0.35494792461395264 0.5842592716217041 0.013020833022892475 0.03333333507180214
0 0.5635416507720947 0.37731480598449707 0.0052083334885537624 0.034259259700775146
0 0.6557291746139526 0.1726851910352707 0.0031250000465661287 0.017592592164874077
0 0.47604167461395264 0.18194444477558136 0.0020833334419876337 0.017592592164874077
0 0.6567708253860474 0.602314829826355 0.01145833358168602 0.05092592537403107
0 0.3726562559604645 0.5106481313705444 0.00989583320915699 0.043518517166376114
0 0.66015625 0.20416666567325592 0.004687500186264515 0.012037036940455437
0 0.5598958134651184 0.4287036955356598 0.0052083334885537624 0.02777777798473835
