6 0.6380208134651184 0.2430555522441864 0.004166666883975267 0.013888888992369175
6 0.6408854126930237 0.25740739703178406 0.004687500186264515 0.014814814552664757
6 0.6421874761581421 0.2648148238658905 0.004166666883975267 0.020370369777083397
6 0.6364583373069763 0.23564815521240234 0.0031250000465661287 0.017592592164874077
6 0.6351562738418579 0.2282407432794571 0.0036458333488553762 0.017592592164874077
6 0.639843761920929 0.25138887763023376 0.0036458333488553762 0.01944444514811039
8 0.4729166626930237 0.3939814865589142 0.0072916666977107525 0.043518517166376114
0 0.2705729305744171 0.7888888716697693 0.02031249925494194 0.06111111119389534
0 0.5072916746139526 0.24027778208255768 0.0031250000465661287 0.023148147389292717
0 0.6304687261581421 0.22499999403953552 0.0036458333488553762 0.012962962500751019
0 0.43177083134651184 0.43101853132247925 0.0072916666977107525 0.037962961941957474
0 0.33802083134651184 0.6143518686294556 0.01354166679084301 0.034259259700775146
0 0.553906261920929 0.3888888955116272 0.004687500186264515 0.035185184329748154
0 0.6447916626930237 0.1745370328426361 0.0031250000465661287 0.017592592164874077
0 0.4638020694255829 0.18518517911434174 0.0026041667442768812 0.018518518656492233
0 0.6536458134651184 0.6259258985519409 0.01145833358168602 0.051851850003004074
0 0.3552083373069763 0.5365740656852722 0.01145833358168602 0.04537037014961243
0 0.6489583253860474 0.20648148655891418 0.004166666883975267 0.012962962500751019
0 0.5505208373069763 0.4435185194015503 0.0052083334885537624 0.02777777798473835
