6 0.6669270992279053 0.23101851344108582 0.0036458333488553762 0.013888888992369175
6 0.668749988079071 0.24351851642131805 0.004166666883975267 0.014814814552664757
6 0.6695312261581421 0.25046294927597046 0.0036458333488553762 0.01944444514811039
6 0.6658853888511658 0.2240740805864334 0.0036458333488553762 0.01666666753590107
6 0.664843738079071 0.21759259700775146 0.0036458333488553762 0.01666666753590107
6 0.66796875 0.23888888955116272 0.0036458333488553762 0.018518518656492233
8 0.5104166865348816 0.34490740299224854 0.0062500000931322575 0.037962961941957474
0 0.3361979126930237 0.6388888955116272 0.01406249962747097 0.051851850003004074
0 0.539843738079071 0.22453702986240387 0.0036458333488553762 0.021296296268701553
0 0.6604166626930237 0.21388888359069824 0.004166666883975267 0.012962962500751019
0 0.4716145694255829 0.3791666626930237 0.00572916679084301 0.034259259700775146
0 0.38854166865348816 0.519444465637207 0.010416666977107525 0.029629629105329514
0 0.5763021111488342 0.9884259104728699 0.01718750037252903 0.023148147389292717
0 0.5807291865348816 0.3490740656852722 0.0052083334885537624 0.031481482088565826
0 0.6752604246139526 0.16851851344108582 0.0036458333488553762 0.01666666753590107
0 0.49947917461395264 0.1745370328426361 0.0020833334419876337 0.017592592164874077
0 0.6591145992279053 0.5467592477798462 0.010937499813735485 0.04722222313284874
0 0.4065104126930237 0.4546296298503876 0.0078125 0.040740739554166794
0 0.5765625238418579 0.39444443583488464 0.0052083334885537624 0.025925925001502037
