6 0.594531238079071 0.2509259283542633 0.0036458333488553762 0.014814814552664757
6 0.5979166626930237 0.26620370149612427 0.004166666883975267 0.015740741044282913
6 0.5997396111488342 0.27453702688217163 0.0036458333488553762 0.021296296268701553
6 0.5924479365348816 0.24259258806705475 0.0036458333488553762 0.018518518656492233
6 0.5908854007720947 0.23564815521240234 0.0036458333488553762 0.017592592164874077
6 0.5966145992279053 0.260185182094574 0.0036458333488553762 0.020370369777083397
8 0.4229166805744171 0.442592591047287 0.00937500037252903 0.05000000074505806
0 0.1861979216337204 0.9675925970077515 0.02968749962747097 0.06481481343507767
0 0.4611979126930237 0.2537037134170532 0.0036458333488553762 0.024074073880910873
0 0.5859375 0.23287037014961243 0.004166666883975267 0.013888888992369175
0 0.37968748807907104 0.4819444417953491 0.00937500037252903 0.0416666679084301
0 0.2723958194255829 0.7180555462837219 0.01770833320915699 0.03981481492519379
0 0.5132812261581421 0.42314815521240234 0.004687500186264515 0.03703703731298447
0 0.5997396111488342 0.17777778208255768 0.0026041667442768812 0.018518518656492233
0 0.4140625 0.1953703761100769 0.0031250000465661287 0.018518518656492233
0 0.6330729126930237 0.6916666626930237 0.01197916641831398 0.0555555559694767
0 0.2893229126930237 0.6263889074325562 0.015104166232049465 0.05092592537403107
0 0.5119791626930237 0.4861111044883728 0.0052083334885537624 0.029629629105329514
