6 0.6018229126930237 0.24629630148410797 0.0036458333488553762 0.014814814552664757
6 0.6052083373069763 0.26157405972480774 0.004166666883975267 0.015740741044282913
6 0.6065104007720947 0.2689814865589142 0.0036458333488553762 0.021296296268701553
6 0.6000000238418579 0.23842592537403107 0.0031250000465661287 0.017592592164874077
6 0.598437488079071 0.23148147761821747 0.0031250000465661287 0.01666666753590107
6 0.6039062738418579 0.255092591047287 0.0036458333488553762 0.01944444514811039
8 0.4346354305744171 0.42222222685813904 0.008854166604578495 0.04814814776182175
0 0.21458333730697632 0.895370364189148 0.02604166604578495 0.06481481343507767
0 0.4700520932674408 0.2481481432914734 0.0036458333488553762 0.024074073880910873
0 0.5934895873069763 0.2282407432794571 0.0036458333488553762 0.013888888992369175
0 0.39244791865348816 0.4611110985279083 0.008854166604578495 0.040740739554166794
0 0.2916666567325592 0.6763888597488403 0.01666666753590107 0.037962961941957474
0 0.5210937261581421 0.4078703820705414 0.004687500186264515 0.03611111268401146
0 0.6072916388511658 0.17546296119689941 0.0031250000465661287 0.017592592164874077
0 0.42395833134651184 0.19166666269302368 0.0031250000465661287 0.018518518656492233
0 0.6328125 0.6601851582527161 0.01145833358168602 0.05370370298624039
0 0.3083333373069763 0.5902777910232544 0.01354166679084301 0.049074072390794754
0 0.6109374761581421 0.20879629254341125 0.004166666883975267 0.012037036940455437
0 0.5190104246139526 0.4671296179294586 0.004687500186264515 0.028703704476356506
