6 0.6010416746139526 0.26249998807907104 0.004166666883975267 0.015740741044282913
6 0.6049479246139526 0.27916666865348816 0.004687500186264515 0.017592592164874077
6 0.6067708134651184 0.28796297311782837 0.004166666883975267 0.02222222276031971
6 0.5986979007720947 0.2532407343387604 0.0036458333488553762 0.01944444514811039
6 0.596875011920929 0.24537037312984467 0.0031250000465661287 0.018518518656492233
6 0.6031249761581421 0.27222222089767456 0.004166666883975267 0.020370369777083397
8 0.41718751192092896 0.4861111044883728 0.010416666977107525 0.0555555559694767
0 0.4632812440395355 0.26435184478759766 0.0036458333488553762 0.02500000037252903
0 0.5916666388511658 0.2430555522441864 0.004166666883975267 0.013888888992369175
0 0.3708333373069763 0.5240740776062012 0.010416666977107525 0.04444444552063942
0 0.24843749403953552 0.802314817905426 0.02083333395421505 0.043518517166376114
0 0.5166666507720947 0.4574074149131775 0.0052083334885537624 0.03888889029622078
0 0.6067708134651184 0.18379630148410797 0.0031250000465661287 0.017592592164874077
0 0.4151041805744171 0.2023148089647293 0.0031250000465661287 0.01944444514811039
0 0.651562511920929 0.772685170173645 0.01354166679084301 0.06018518656492233
0 0.26640623807907104 0.7009259462356567 0.01822916604578495 0.0555555559694767
0 0.514843761920929 0.5291666388511658 0.00572916679084301 0.032407406717538834
