6 0.6020833253860474 0.26527777314186096 0.004166666883975267 0.015740741044282913
6 0.6059895753860474 0.28240740299224854 0.004687500186264515 0.01666666753590107
6 0.6078125238418579 0.2907407283782959 0.004166666883975267 0.02222222276031971
6 0.5997396111488342 0.2560185194015503 0.0036458333488553762 0.01944444514811039
6 0.59765625 0.2481481432914734 0.0036458333488553762 0.018518518656492233
6 0.6041666865348816 0.27546295523643494 0.004166666883975267 0.021296296268701553
8 0.4151041805744171 0.4981481432914734 0.01145833358168602 0.05740740895271301
0 0.4632812440395355 0.26759257912635803 0.0036458333488553762 0.025925925001502037
0 0.5927083492279053 0.24583333730697632 0.004166666883975267 0.013888888992369175
0 0.36796873807907104 0.5356481671333313 0.010937499813735485 0.04537037014961243
0 0.24114583432674408 0.8263888955116272 0.02187499962747097 0.04537037014961243
0 0.5169270634651184 0.4671296179294586 0.004687500186264515 0.03981481492519379
0 0.6078125238418579 0.18518517911434174 0.0031250000465661287 0.018518518656492233
0 0.41484373807907104 0.20416666567325592 0.0036458333488553762 0.01944444514811039
0 0.65625 0.7949073910713196 0.014583333395421505 0.06203703582286835
0 0.2593750059604645 0.7222222089767456 0.01875000074505806 0.0555555559694767
0 0.5153645873069763 0.5407407283782959 0.00572916679084301 0.03333333507180214
