6 0.6057291626930237 0.2750000059604645 0.004166666883975267 0.01666666753590107
6 0.6098958253860474 0.2925925850868225 0.0052083334885537624 0.018518518656492233
6 0.6122395992279053 0.302314817905426 0.004687500186264515 0.023148147389292717
6 0.6031249761581421 0.2648148238658905 0.004166666883975267 0.020370369777083397
6 0.6010416746139526 0.2560185194015503 0.004166666883975267 0.01944444514811039
6 0.6080729365348816 0.28518518805503845 0.004687500186264515 0.02222222276031971
8 0.4075520932674408 0.539814829826355 0.013020833022892475 0.06296296417713165
0 0.4632812440395355 0.2768518626689911 0.0036458333488553762 0.025925925001502037
0 0.5958333611488342 0.25462964177131653 0.004166666883975267 0.014814814552664757
0 0.3580729067325592 0.574999988079071 0.01197916641831398 0.04814814776182175
0 0.21510416269302368 0.9115740656852722 0.02500000037252903 0.049074072390794754
0 0.5182291865348816 0.49768519401550293 0.0052083334885537624 0.0416666679084301
0 0.6117187738418579 0.19027778506278992 0.0036458333488553762 0.01944444514811039
0 0.4140625 0.2101851850748062 0.0031250000465661287 0.020370369777083397
0 0.6729166507720947 0.8736110925674438 0.01666666753590107 0.06574074178934097
0 0.23463541269302368 0.7967592477798462 0.02239583246409893 0.06018518656492233
0 0.516406238079071 0.5805555582046509 0.00572916679084301 0.035185184329748154
