6 0.6080729365348816 0.28101852536201477 0.004687500186264515 0.017592592164874077
6 0.612500011920929 0.30000001192092896 0.0052083334885537624 0.018518518656492233
6 0.6148437261581421 0.31018519401550293 0.004687500186264515 0.024074073880910873
6 0.6052083373069763 0.2708333432674408 0.004166666883975267 0.021296296268701553
6 0.6031249761581421 0.26157405972480774 0.004166666883975267 0.01944444514811039
6 0.6106770634651184 0.2925925850868225 0.004687500186264515 0.02222222276031971
8 0.40182292461395264 0.5712962746620178 0.01406249962747097 0.06666667014360428
0 0.46302083134651184 0.2837963104248047 0.004166666883975267 0.026851851493120193
0 0.59765625 0.2606481611728668 0.004687500186264515 0.015740741044282913
0 0.35078126192092896 0.6041666865348816 0.013020833022892475 0.05092592537403107
0 0.19479165971279144 0.9759259223937988 0.02812499925494194 0.04814814776182175
0 0.5190104246139526 0.5208333134651184 0.00572916679084301 0.043518517166376114
0 0.41328126192092896 0.21388888359069824 0.0036458333488553762 0.020370369777083397
0 0.6854166388511658 0.9342592358589172 0.01875000074505806 0.06851851940155029
0 0.21510416269302368 0.855555534362793 0.02500000037252903 0.06296296417713165
0 0.5171874761581421 0.6106481552124023 0.0062500000931322575 0.03611111268401146
