6 0.6044270992279053 0.27129629254341125 0.004687500186264515 0.01666666753590107
6 0.608593761920929 0.28935185074806213 0.004687500186264515 0.017592592164874077
6 0.6106770634651184 0.2986111044883728 0.004687500186264515 0.023148147389292717
6 0.6020833253860474 0.26157405972480774 0.004166666883975267 0.01944444514811039
6 0.6002604365348816 0.2532407343387604 0.0036458333488553762 0.01944444514811039
6 0.6067708134651184 0.2819444537162781 0.004166666883975267 0.021296296268701553
8 0.41015625 0.5249999761581421 0.01197916641831398 0.06111111119389534
0 0.4632812440395355 0.27407407760620117 0.0036458333488553762 0.025925925001502037
0 0.5947916507720947 0.2518518567085266 0.004166666883975267 0.014814814552664757
0 0.3617187440395355 0.5611110925674438 0.01197916641831398 0.04814814776182175
0 0.22447916865348816 0.8805555701255798 0.02395833283662796 0.04814814776182175
0 0.5177083611488342 0.48657408356666565 0.0052083334885537624 0.0416666679084301
0 0.4143229126930237 0.2074074000120163 0.0036458333488553762 0.020370369777083397
0 0.6666666865348816 0.8449074029922485 0.015625 0.06388889253139496
0 0.24375000596046448 0.7699074149131775 0.02083333395421505 0.05833333358168602
0 0.5158854126930237 0.5662037134170532 0.00572916679084301 0.034259259700775146
