6 0.6033853888511658 0.26851850748062134 0.004687500186264515 0.01666666753590107
6 0.6075521111488342 0.2856481373310089 0.004687500186264515 0.017592592164874077
6 0.609375 0.2944444417953491 0.004166666883975267 0.02222222276031971
6 0.600781261920929 0.2587963044643402 0.0036458333488553762 0.01944444514811039
6 0.5989583134651184 0.25046294927597046 0.0031250000465661287 0.01944444514811039
6 0.6057291626930237 0.27824074029922485 0.004166666883975267 0.021296296268701553
8 0.4127604067325592 0.5111111402511597 0.01197916641831398 0.05925925821065903
0 0.4632812440395355 0.27037036418914795 0.0036458333488553762 0.025925925001502037
0 0.59375 0.24861110746860504 0.004166666883975267 0.013888888992369175
0 0.36510416865348816 0.5481481552124023 0.01145833358168602 0.046296294778585434
0 0.23333333432674408 0.852314829826355 0.02291666716337204 0.04537037014961243
0 0.5177083611488342 0.47685185074806213 0.0052083334885537624 0.040740739554166794
0 0.41458332538604736 0.20555555820465088 0.0031250000465661287 0.020370369777083397
0 0.6614583134651184 0.8185185194015503 0.014583333395421505 0.06296296417713165
0 0.25208333134651184 0.7453703880310059 0.01979166641831398 0.05740740895271301
0 0.515625 0.5527777671813965 0.0062500000931322575 0.03333333507180214
