6 0.6216145753860474 0.3185185194015503 0.00572916679084301 0.020370369777083397
6 0.628125011920929 0.34259259700775146 0.0062500000931322575 0.02222222276031971
6 0.6307291388511658 0.35555556416511536 0.0062500000931322575 0.02777777798473835
6 0.617968738079071 0.30509260296821594 0.004687500186264515 0.023148147389292717
6 0.6153646111488342 0.29398149251937866 0.004687500186264515 0.023148147389292717
6 0.6252604126930237 0.3324074149131775 0.00572916679084301 0.025925925001502037
8 0.36015623807907104 0.8009259104728699 0.0234375 0.10000000149011612
0 0.46276041865348816 0.3212963044643402 0.004687500186264515 0.029629629105329514
0 0.609375 0.29490742087364197 0.0052083334885537624 0.017592592164874077
0 0.2984375059604645 0.8069444298744202 0.01979166641831398 0.06388889253139496
0 0.5239583253860474 0.6736111044883728 0.0072916666977107525 0.05277777835726738
0 0.6278645992279053 0.21203704178333282 0.0036458333488553762 0.020370369777083397
0 0.40963542461395264 0.2361111044883728 0.0036458333488553762 0.02222222276031971
0 0.5223958492279053 0.8157407641410828 0.008333333767950535 0.04444444552063942
