6 0.6234375238418579 0.322685182094574 0.0062500000931322575 0.021296296268701553
6 0.6299479007720947 0.34768518805503845 0.006770833395421505 0.023148147389292717
6 0.6328125 0.36064815521240234 0.0062500000931322575 0.028703704476356506
6 0.6195312738418579 0.3092592656612396 0.004687500186264515 0.024074073880910873
6 0.6166666746139526 0.2976851761341095 0.0052083334885537624 0.023148147389292717
6 0.6268228888511658 0.33703702688217163 0.00572916679084301 0.025925925001502037
8 0.3541666567325592 0.8347222208976746 0.02500000037252903 0.10462962836027145
0 0.46276041865348816 0.3254629671573639 0.004687500186264515 0.03055555559694767
0 0.6106770634651184 0.29907408356666565 0.004687500186264515 0.01666666753590107
0 0.29114583134651184 0.835185170173645 0.02083333395421505 0.06481481343507767
0 0.5244791507720947 0.6944444179534912 0.0072916666977107525 0.05370370298624039
0 0.6294270753860474 0.21388888359069824 0.0036458333488553762 0.020370369777083397
0 0.40937501192092896 0.23842592537403107 0.004166666883975267 0.023148147389292717
0 0.6255208253860474 0.26620370149612427 0.0052083334885537624 0.015740741044282913
0 0.5231770873069763 0.8444444537162781 0.008854166604578495 0.046296294778585434
