6 0.6156250238418579 0.302314817905426 0.0052083334885537624 0.01944444514811039
6 0.6213541626930237 0.3245370388031006 0.0062500000931322575 0.021296296268701553
6 0.6236979365348816 0.33564814925193787 0.00572916679084301 0.026851851493120193
6 0.6127604246139526 0.29027777910232544 0.004687500186264515 0.023148147389292717
6 0.6098958253860474 0.28009259700775146 0.004166666883975267 0.021296296268701553
6 0.6187499761581421 0.3152777850627899 0.0052083334885537624 0.02500000037252903
8 0.3802083432674408 0.6898148059844971 0.01875000074505806 0.0833333358168602
0 0.46302083134651184 0.30509260296821594 0.004166666883975267 0.028703704476356506
0 0.6044270992279053 0.2805555462837219 0.004687500186264515 0.01666666753590107
0 0.3231770694255829 0.7111111283302307 0.01614583283662796 0.05740740895271301
0 0.5216146111488342 0.6032407283782959 0.006770833395421505 0.049074072390794754
0 0.4111979305744171 0.22638888657093048 0.0036458333488553762 0.021296296268701553
0 0.5197916626930237 0.7189815044403076 0.0072916666977107525 0.0416666679084301
