6 0.625 0.3273148238658905 0.0062500000931322575 0.021296296268701553
6 0.6315104365348816 0.35277777910232544 0.006770833395421505 0.024074073880910873
6 0.6346353888511658 0.3662036955356598 0.006770833395421505 0.028703704476356506
6 0.62109375 0.31296294927597046 0.004687500186264515 0.024074073880910873
6 0.617968738079071 0.3013888895511627 0.004687500186264515 0.023148147389292717
6 0.6283854246139526 0.3421296179294586 0.00572916679084301 0.026851851493120193
8 0.3473958373069763 0.8708333373069763 0.02708333358168602 0.1101851835846901
0 0.46276041865348816 0.33009257912635803 0.004687500186264515 0.03055555559694767
0 0.6119791865348816 0.30324074625968933 0.0052083334885537624 0.017592592164874077
0 0.2828125059604645 0.8652777671813965 0.02187499962747097 0.06759259104728699
0 0.5252603888511658 0.7157407402992249 0.0078125 0.0555555559694767
0 0.6309896111488342 0.2162037044763565 0.0036458333488553762 0.021296296268701553
0 0.4088541567325592 0.24120371043682098 0.004166666883975267 0.023148147389292717
0 0.6268228888511658 0.26944443583488464 0.00572916679084301 0.01666666753590107
0 0.5239583253860474 0.8745370507240295 0.00937500037252903 0.04722222313284874
