6 0.628125011920929 0.3361110985279083 0.0062500000931322575 0.02222222276031971
6 0.6354166865348816 0.3629629611968994 0.0072916666977107525 0.024074073880910873
6 0.6388021111488342 0.37731480598449707 0.006770833395421505 0.03055555559694767
6 0.624218761920929 0.32083332538604736 0.00572916679084301 0.02500000037252903
6 0.6208333373069763 0.3092592656612396 0.0052083334885537624 0.024074073880910873
6 0.632031261920929 0.35185185074806213 0.00572916679084301 0.02777777798473835
8 0.33255207538604736 0.9453703761100769 0.03177083283662796 0.10925926268100739
0 0.46276041865348816 0.33888888359069824 0.004687500186264515 0.031481482088565826
0 0.6148437261581421 0.3115740716457367 0.00572916679084301 0.017592592164874077
0 0.2653645873069763 0.9314814805984497 0.02447916753590107 0.07037036865949631
0 0.526562511920929 0.762499988079071 0.008333333767950535 0.05833333358168602
0 0.6338541507720947 0.2203703671693802 0.004166666883975267 0.02222222276031971
0 0.4078125059604645 0.24583333730697632 0.004166666883975267 0.023148147389292717
0 0.6291666626930237 0.2759259343147278 0.0062500000931322575 0.01666666753590107
0 0.5257812738418579 0.9416666626930237 0.00989583320915699 0.05000000074505806
