6 0.6299479007720947 0.34074074029922485 0.006770833395421505 0.02222222276031971
6 0.637499988079071 0.3689814805984497 0.0072916666977107525 0.02500000037252903
6 0.6408854126930237 0.3828703761100769 0.006770833395421505 0.03055555559694767
6 0.625781238079071 0.3254629671573639 0.00572916679084301 0.02500000037252903
6 0.6223958134651184 0.31296294927597046 0.0052083334885537624 0.024074073880910873
6 0.6338541507720947 0.3569444417953491 0.0062500000931322575 0.028703704476356506
8 0.32369792461395264 0.967129647731781 0.0338541679084301 0.06574074178934097
0 0.46276041865348816 0.34351852536201477 0.004687500186264515 0.031481482088565826
0 0.616406261920929 0.3157407343387604 0.00572916679084301 0.018518518656492233
0 0.2554687559604645 0.9662036895751953 0.02552083320915699 0.06759259104728699
0 0.52734375 0.7888888716697693 0.008854166604578495 0.05925925821065903
0 0.6354166865348816 0.22268518805503845 0.004166666883975267 0.021296296268701553
0 0.4072916805744171 0.24861110746860504 0.004166666883975267 0.023148147389292717
0 0.6304687261581421 0.2796296179294586 0.00572916679084301 0.01666666753590107
0 0.5270833373069763 0.9763888716697693 0.010416666977107525 0.04722222313284874
