6 0.6187499761581421 0.31018519401550293 0.0052083334885537624 0.020370369777083397
6 0.6244791746139526 0.3333333432674408 0.0062500000931322575 0.02222222276031971
6 0.6273437738418579 0.34490740299224854 0.00572916679084301 0.026851851493120193
6 0.6153646111488342 0.2976851761341095 0.004687500186264515 0.023148147389292717
6 0.612500011920929 0.28703704476356506 0.004166666883975267 0.02222222276031971
6 0.621874988079071 0.3236111104488373 0.0052083334885537624 0.02500000037252903
8 0.3708333373069763 0.7407407164573669 0.02083333395421505 0.09074074029922485
0 0.46276041865348816 0.31296294927597046 0.004687500186264515 0.029629629105329514
0 0.6067708134651184 0.28703704476356506 0.0052083334885537624 0.01666666753590107
0 0.31171876192092896 0.7560185194015503 0.01822916604578495 0.06018518656492233
0 0.522656261920929 0.6365740895271301 0.006770833395421505 0.05092592537403107
0 0.4104166626930237 0.23148147761821747 0.004166666883975267 0.02222222276031971
0 0.5210937261581421 0.7638888955116272 0.0078125 0.04259259253740311
