6 0.6455729007720947 0.3837963044643402 0.0078125 0.026851851493120193
6 0.655468761920929 0.4194444417953491 0.008854166604578495 0.029629629105329514
6 0.66015625 0.4375 0.008854166604578495 0.03611111268401146
6 0.6403645873069763 0.3643518388271332 0.006770833395421505 0.028703704476356506
6 0.635937511920929 0.3490740656852722 0.0062500000931322575 0.02777777798473835
6 0.6507812738418579 0.40416666865348816 0.0078125 0.032407406717538834
0 0.4619791805744171 0.38749998807907104 0.0052083334885537624 0.034259259700775146
0 0.629687488079071 0.35555556416511536 0.0062500000931322575 0.020370369777083397
0 0.3440104126930237 0.26527777314186096 0.00572916679084301 0.02500000037252903
0 0.6486979126930237 0.24120371043682098 0.004687500186264515 0.023148147389292717
0 0.4033854305744171 0.27222222089767456 0.004687500186264515 0.025925925001502037
0 0.6419270634651184 0.31018519401550293 0.006770833395421505 0.018518518656492233
