6 0.6351562738418579 0.35555556416511536 0.006770833395421505 0.024074073880910873
6 0.6434895992279053 0.3856481611728668 0.0078125 0.026851851493120193
6 0.6471354365348816 0.40138888359069824 0.0078125 0.032407406717538834
6 0.6304687261581421 0.33888888359069824 0.00572916679084301 0.025925925001502037
6 0.6270833611488342 0.32499998807907104 0.0052083334885537624 0.025925925001502037
6 0.639843761920929 0.3731481432914734 0.006770833395421505 0.029629629105329514
0 0.4625000059604645 0.35879629850387573 0.0052083334885537624 0.032407406717538834
0 0.6208333373069763 0.3291666805744171 0.0062500000931322575 0.01944444514811039
0 0.5296875238418579 0.8754629492759705 0.010416666977107525 0.06388889253139496
0 0.6401041746139526 0.22870370745658875 0.004166666883975267 0.02222222276031971
0 0.4059895873069763 0.25648146867752075 0.004687500186264515 0.024074073880910873
0 0.6343749761581421 0.29027777910232544 0.0062500000931322575 0.017592592164874077
