6 0.6434895992279053 0.3777777850627899 0.0078125 0.025925925001502037
6 0.6528645753860474 0.4124999940395355 0.008854166604578495 0.028703704476356506
6 0.6575520634651184 0.43009260296821594 0.008854166604578495 0.034259259700775146
6 0.6382812261581421 0.35972222685813904 0.006770833395421505 0.028703704476356506
6 0.6341145634651184 0.34398147463798523 0.00572916679084301 0.026851851493120193
6 0.6486979126930237 0.3976851999759674 0.0078125 0.032407406717538834
0 0.4619791805744171 0.3819444477558136 0.0052083334885537624 0.034259259700775146
0 0.6278645992279053 0.3499999940395355 0.006770833395421505 0.020370369777083397
0 0.6471354365348816 0.23888888955116272 0.004687500186264515 0.02222222276031971
0 0.4039062559604645 0.2689814865589142 0.004687500186264515 0.02500000037252903
0 0.6403645873069763 0.3064814805984497 0.006770833395421505 0.018518518656492233
