6 0.6479166746139526 0.3898148238658905 0.008333333767950535 0.025925925001502037
6 0.6578124761581421 0.4263888895511627 0.00937500037252903 0.03055555559694767
6 0.6627604365348816 0.4453703761100769 0.008854166604578495 0.03703703731298447
6 0.6424478888511658 0.37037035822868347 0.006770833395421505 0.029629629105329514
6 0.6377604007720947 0.35370370745658875 0.006770833395421505 0.02777777798473835
6 0.6533854007720947 0.4106481373310089 0.0078125 0.032407406717538834
0 0.4619791805744171 0.39351850748062134 0.0052083334885537624 0.035185184329748154
0 0.6315104365348816 0.3611111044883728 0.006770833395421505 0.020370369777083397
0 0.3427083194255829 0.2680555582046509 0.0062500000931322575 0.02500000037252903
0 0.6505208611488342 0.2439814805984497 0.004166666883975267 0.023148147389292717
0 0.40286457538604736 0.2750000059604645 0.004687500186264515 0.025925925001502037
0 0.6434895992279053 0.31481480598449707 0.006770833395421505 0.018518518656492233
