6 0.668749988079071 0.44583332538604736 0.010416666977107525 0.032407406717538834
6 0.6822916865348816 0.4939814805984497 0.012500000186264515 0.037962961941957474
6 0.6893228888511658 0.5189814567565918 0.01197916641831398 0.043518517166376114
6 0.660937488079071 0.4203703701496124 0.008333333767950535 0.03333333507180214
6 0.6549479365348816 0.39953702688217163 0.0078125 0.032407406717538834
6 0.6760416626930237 0.4731481373310089 0.010416666977107525 0.03888889029622078
0 0.46145832538604736 0.4504629671573639 0.0062500000931322575 0.03981481492519379
0 0.649218738079071 0.41296297311782837 0.0078125 0.024074073880910873
0 0.3309895694255829 0.2953703701496124 0.006770833395421505 0.02777777798473835
0 0.6653645634651184 0.2657407522201538 0.00572916679084301 0.025925925001502037
0 0.3984375 0.3037036955356598 0.0052083334885537624 0.02777777798473835
0 0.3174479305744171 0.24722221493721008 0.00572916679084301 0.024074073880910873
0 0.6578124761581421 0.35370370745658875 0.0072916666977107525 0.020370369777083397
