6 0.6919270753860474 0.510185182094574 0.013020833022892475 0.03888889029622078
6 0.7109375 0.5736111402511597 0.015625 0.04722222313284874
6 0.7203124761581421 0.6069444417953491 0.015625 0.05277777835726738
6 0.6820312738418579 0.47685185074806213 0.010937499813735485 0.03888889029622078
6 0.6742187738418579 0.45092591643333435 0.00989583320915699 0.03703703731298447
6 0.7020833492279053 0.5453703999519348 0.01354166679084301 0.046296294778585434
0 0.4609375 0.5157407522201538 0.0072916666977107525 0.04444444552063942
0 0.6690104007720947 0.47268518805503845 0.00989583320915699 0.026851851493120193
0 0.31822916865348816 0.32407405972480774 0.0072916666977107525 0.029629629105329514
0 0.6809895634651184 0.28796297311782837 0.006770833395421505 0.02777777798473835
0 0.3932291567325592 0.33379629254341125 0.0062500000931322575 0.03055555559694767
0 0.30520832538604736 0.2671296298503876 0.0062500000931322575 0.02500000037252903
0 0.6736978888511658 0.39629629254341125 0.008854166604578495 0.024074073880910873
