6 0.6815103888511658 0.4810185134410858 0.01197916641831398 0.03611111268401146
6 0.6981770992279053 0.5375000238418579 0.01406249962747097 0.0416666679084301
6 0.7059895992279053 0.5671296119689941 0.01406249962747097 0.049074072390794754
6 0.6723958253860474 0.45185184478759766 0.00937500037252903 0.03703703731298447
6 0.6653645634651184 0.4277777671813965 0.008854166604578495 0.035185184329748154
6 0.6903645992279053 0.512499988079071 0.01197916641831398 0.043518517166376114
0 0.4611979126930237 0.48657408356666565 0.006770833395421505 0.0416666679084301
0 0.6598958373069763 0.44583332538604736 0.008333333767950535 0.02500000037252903
0 0.3239583373069763 0.3115740716457367 0.0072916666977107525 0.028703704476356506
0 0.6742187738418579 0.27824074029922485 0.006770833395421505 0.026851851493120193
0 0.3955729305744171 0.3203703761100769 0.00572916679084301 0.029629629105329514
0 0.31041666865348816 0.25833332538604736 0.0062500000931322575 0.024074073880910873
0 0.6666666865348816 0.37731480598449707 0.008333333767950535 0.023148147389292717
