6 0.7091146111488342 0.5555555820465088 0.015104166232049465 0.04444444552063942
6 0.7317708134651184 0.6314814686775208 0.01875000074505806 0.05370370298624039
6 0.7434895634651184 0.6726852059364319 0.01927083358168602 0.06018518656492233
6 0.6966145634651184 0.5171296000480652 0.01197916641831398 0.043518517166376114
6 0.6875 0.4861111044883728 0.01145833358168602 0.040740739554166794
6 0.7208333611488342 0.5981481671333313 0.015625 0.051851850003004074
7 0.9830729365348816 0.33101850748062134 0.0338541679084301 0.028703704476356506
0 0.46015626192092896 0.5625 0.0078125 0.04722222313284874
0 0.6830729246139526 0.5148147940635681 0.010937499813735485 0.029629629105329514
0 0.9822916388511658 0.3055555522441864 0.012500000186264515 0.02777777798473835
0 0.3098958432674408 0.34351852536201477 0.008333333767950535 0.031481482088565826
0 0.6911458373069763 0.3027777671813965 0.0072916666977107525 0.02777777798473835
0 0.38984376192092896 0.35370370745658875 0.006770833395421505 0.031481482088565826
0 0.29765623807907104 0.2805555462837219 0.006770833395421505 0.025925925001502037
0 0.6846354007720947 0.42592594027519226 0.008854166604578495 0.025925925001502037
