6 0.7184895873069763 0.581944465637207 0.01614583283662796 0.04722222313284874
6 0.7437499761581421 0.6652777791023254 0.02083333395421505 0.05833333358168602
6 0.757031261920929 0.710185170173645 0.02135416679084301 0.06481481343507767
6 0.7049478888511658 0.5393518805503845 0.013020833022892475 0.04537037014961243
6 0.6950520873069763 0.5064814686775208 0.01197916641831398 0.04259259253740311
6 0.7320312261581421 0.6277777552604675 0.01718750037252903 0.0555555559694767
7 0.9885416626930237 0.33981481194496155 0.02291666716337204 0.029629629105329514
0 0.4598958194255829 0.5884259343147278 0.008333333767950535 0.049074072390794754
0 0.6911458373069763 0.5384259223937988 0.01145833358168602 0.03055555559694767
0 0.30546873807907104 0.3532407283782959 0.008854166604578495 0.032407406717538834
0 0.6963541507720947 0.3106481432914734 0.0072916666977107525 0.028703704476356506
0 0.3880208432674408 0.364814817905426 0.0062500000931322575 0.03333333507180214
0 0.29348957538604736 0.2874999940395355 0.006770833395421505 0.026851851493120193
0 0.690625011920929 0.442592591047287 0.00937500037252903 0.025925925001502037
