6 0.7401041388511658 0.6407407522201538 0.01979166641831398 0.0555555559694767
6 0.7718750238418579 0.7430555820465088 0.02500000037252903 0.0694444477558136
6 0.7885416746139526 0.7995370626449585 0.02604166604578495 0.07500000298023224
6 0.7236979007720947 0.5893518328666687 0.015104166232049465 0.05092592537403107
6 0.711718738079071 0.5504629611968994 0.01406249962747097 0.04722222313284874
6 0.7567708492279053 0.6962962746620178 0.02083333395421505 0.06296296417713165
7 0.7497395873069763 0.34953704476356506 0.02864583395421505 0.03055555559694767
0 0.4593749940395355 0.6486111283302307 0.00937500037252903 0.05277777835726738
0 0.7096354365348816 0.5935184955596924 0.013020833022892475 0.03333333507180214
0 0.2958333194255829 0.37546294927597046 0.00937500037252903 0.034259259700775146
0 0.7080729007720947 0.32777777314186096 0.0078125 0.029629629105329514
0 0.3841145932674408 0.38842591643333435 0.006770833395421505 0.034259259700775146
0 0.28463542461395264 0.3018518388271332 0.0078125 0.02777777798473835
0 0.7041666507720947 0.47870370745658875 0.010416666977107525 0.02777777798473835
