6 0.7236979007720947 0.5958333611488342 0.01718750037252903 0.049074072390794754
6 0.7505208253860474 0.6833333373069763 0.02187499962747097 0.06111111119389534
6 0.7643229365348816 0.730555534362793 0.02239583246409893 0.06666667014360428
6 0.7093750238418579 0.5509259104728699 0.01354166679084301 0.046296294778585434
6 0.6989583373069763 0.5162037014961243 0.012500000186264515 0.043518517166376114
6 0.737500011920929 0.6435185074806213 0.01770833320915699 0.05740740895271301
7 0.991406261920929 0.3444444537162781 0.01718750037252903 0.029629629105329514
0 0.4598958194255829 0.6027777791023254 0.008333333767950535 0.05000000074505806
0 0.6955729126930237 0.5513888597488403 0.01197916641831398 0.03055555559694767
0 0.3031249940395355 0.35879629850387573 0.008333333767950535 0.032407406717538834
0 0.69921875 0.31481480598449707 0.0078125 0.029629629105329514
0 0.38723957538604736 0.37037035822868347 0.006770833395421505 0.03333333507180214
0 0.2914062440395355 0.2907407283782959 0.006770833395421505 0.02777777798473835
0 0.6940104365348816 0.4513888955116272 0.00989583320915699 0.026851851493120193
