6 0.7604166865348816 0.6953703761100769 0.02291666716337204 0.06296296417713165
6 0.7989583611488342 0.8171296119689941 0.03020833246409893 0.08055555820465088
6 0.819531261920929 0.8847222328186035 0.03177083283662796 0.08611111342906952
6 0.7411458492279053 0.635185182094574 0.01770833320915699 0.0555555559694767
6 0.7268229126930237 0.5902777910232544 0.01614583283662796 0.05092592537403107
6 0.780468761920929 0.7611111402511597 0.02447916753590107 0.07037036865949631
7 0.7588541507720947 0.36574074625968933 0.03020833246409893 0.031481482088565826
0 0.45911458134651184 0.7041666507720947 0.00989583320915699 0.05648148059844971
0 0.7265625 0.6430555582046509 0.014583333395421505 0.03611111268401146
0 0.2877604067325592 0.3949074149131775 0.00989583320915699 0.03611111268401146
0 0.7182291746139526 0.3421296179294586 0.008333333767950535 0.03055555559694767
0 0.3799479305744171 0.40833333134651184 0.006770833395421505 0.035185184329748154
0 0.2776041626930237 0.3143518567085266 0.008333333767950535 0.028703704476356506
0 0.7164062261581421 0.5106481313705444 0.010937499813735485 0.03055555559694767
