6 0.7286458611488342 0.6097221970558167 0.01770833320915699 0.05092592537403107
6 0.7572916746139526 0.7018518447875977 0.02291666716337204 0.06296296417713165
6 0.7721354365348816 0.7523148059844971 0.0234375 0.0694444477558136
6 0.7138020992279053 0.5629629492759705 0.01406249962747097 0.04814814776182175
6 0.7028645873069763 0.5273148417472839 0.013020833022892475 0.04537037014961243
6 0.7437499761581421 0.6601851582527161 0.01875000074505806 0.05925925821065903
0 0.4596354067325592 0.6171296238899231 0.008854166604578495 0.05092592537403107
0 0.699999988079071 0.5648148059844971 0.012500000186264515 0.031481482088565826
0 0.30078125 0.3643518388271332 0.008854166604578495 0.032407406717538834
0 0.7020833492279053 0.3185185194015503 0.008333333767950535 0.029629629105329514
0 0.38619792461395264 0.3759259283542633 0.006770833395421505 0.03333333507180214
0 0.2890625 0.2944444417953491 0.0072916666977107525 0.02777777798473835
0 0.6971353888511658 0.45972222089767456 0.00989583320915699 0.026851851493120193
