6 0.8343750238418579 0.914814829826355 0.03750000149011612 0.0962962955236435
6 0.8005208373069763 0.8134258985519409 0.02812499925494194 0.07685185223817825
6 0.776562511920929 0.7416666746139526 0.02395833283662796 0.06851851940155029
6 0.8713541626930237 0.9884259104728699 0.04270833358168602 0.023148147389292717
7 0.7799479365348816 0.41898149251937866 0.03489583358168602 0.03611111268401146
0 0.4494791626930237 0.9379629492759705 0.01354166679084301 0.06851851940155029
0 0.7877604365348816 0.8458333611488342 0.02239583246409893 0.04722222313284874
0 0.15677084028720856 0.36064815521240234 0.012500000186264515 0.032407406717538834
0 0.24817708134651184 0.46666666865348816 0.013020833022892475 0.040740739554166794
0 0.742968738079071 0.3907407522201538 0.00989583320915699 0.035185184329748154
0 0.3606770932674408 0.4819444417953491 0.008854166604578495 0.0416666679084301
0 0.24296875298023224 0.35879629850387573 0.00989583320915699 0.032407406717538834
0 0.7533854246139526 0.6310185194015503 0.01406249962747097 0.037962961941957474
