6 0.7848958373069763 0.7768518328666687 0.02812499925494194 0.07407407462596893
6 0.8348958492279053 0.9319444298744202 0.03854166716337204 0.09907407313585281
6 0.8630208373069763 0.9837962985038757 0.0416666679084301 0.032407406717538834
6 0.7601562738418579 0.7027778029441833 0.02135416679084301 0.06296296417713165
6 0.7427083253860474 0.6481481194496155 0.01875000074505806 0.05740740895271301
6 0.8106771111488342 0.8587962985038757 0.03072916716337204 0.0824074074625969
7 0.7627604007720947 0.3861111104488373 0.03177083283662796 0.03333333507180214
0 0.4520833194255829 0.7944444417953491 0.01145833358168602 0.06111111119389534
0 0.7463541626930237 0.7189815044403076 0.01770833320915699 0.03981481492519379
0 0.2669270932674408 0.42592594027519226 0.010937499813735485 0.03703703731298447
0 0.7242187261581421 0.36157408356666565 0.008854166604578495 0.032407406717538834
0 0.36796873807907104 0.4393518567085266 0.0078125 0.037962961941957474
0 0.2580729126930237 0.3342592716217041 0.008854166604578495 0.029629629105329514
0 0.7270833253860474 0.5574073791503906 0.012500000186264515 0.03333333507180214
