6 0.8736979365348816 0.9828703999519348 0.04635416716337204 0.034259259700775146
6 0.8315104246139526 0.8990740776062012 0.0338541679084301 0.08703703433275223
6 0.8026041388511658 0.8120370507240295 0.02812499925494194 0.07592592388391495
7 0.7914062738418579 0.4412037134170532 0.03697916492819786 0.037962961941957474
0 0.8208333253860474 0.9462962746620178 0.02604166604578495 0.051851850003004074
0 0.13984374701976776 0.37731480598449707 0.013020833022892475 0.034259259700775146
0 0.23515625298023224 0.49537035822868347 0.01406249962747097 0.04259259253740311
0 0.7557291388511658 0.4106481373310089 0.010416666977107525 0.03611111268401146
0 0.3552083373069763 0.5115740895271301 0.00937500037252903 0.043518517166376114
0 0.23229166865348816 0.3759259283542633 0.010416666977107525 0.03333333507180214
0 0.7729166746139526 0.6851851940155029 0.015625 0.040740739554166794
