6 0.8596354126930237 0.9652777910232544 0.04322916641831398 0.0694444477558136
6 0.8205729126930237 0.8685185313224792 0.03177083283662796 0.0833333358168602
6 0.7934895753860474 0.7875000238418579 0.02656250074505806 0.07314814627170563
7 0.7880208492279053 0.4333333373069763 0.0364583320915699 0.03703703731298447
0 0.44843751192092896 0.987500011920929 0.014583333395421505 0.02500000037252903
0 0.809374988079071 0.9101851582527161 0.02500000037252903 0.05000000074505806
0 0.14609375596046448 0.3712962865829468 0.013020833022892475 0.03333333507180214
0 0.24010416865348816 0.48564815521240234 0.01354166679084301 0.0416666679084301
0 0.7515624761581421 0.40416666865348816 0.010416666977107525 0.03611111268401146
0 0.35729166865348816 0.5009258985519409 0.00937500037252903 0.04259259253740311
0 0.23645833134651184 0.37037035822868347 0.010416666977107525 0.03333333507180214
0 0.7661458253860474 0.6662036776542664 0.015625 0.03981481492519379
