6 0.8466145992279053 0.9481481313705444 0.04010416567325592 0.10185185074806213
6 0.8101562261581421 0.8402777910232544 0.02968749962747097 0.08055555820465088
6 0.7848958373069763 0.7638888955116272 0.02500000037252903 0.07037036865949631
7 0.7838541865348816 0.42592594027519226 0.03541666641831398 0.03703703731298447
0 0.4489583373069763 0.9689815044403076 0.01354166679084301 0.06203703582286835
0 0.7981770634651184 0.8768518567085266 0.0234375 0.04814814776182175
0 0.24427083134651184 0.47592592239379883 0.01354166679084301 0.040740739554166794
0 0.7471354007720947 0.39722222089767456 0.00989583320915699 0.035185184329748154
0 0.3591145873069763 0.4912036955356598 0.008854166604578495 0.0416666679084301
0 0.2395833283662796 0.364814817905426 0.010416666977107525 0.03333333507180214
0 0.7596353888511658 0.6481481194496155 0.015104166232049465 0.03888889029622078
