6 0.8229166865348816 0.8828703761100769 0.03541666641831398 0.08981481194496155
6 0.7914062738418579 0.7884259223937988 0.02656250074505806 0.07314814627170563
6 0.7690104246139526 0.7208333611488342 0.02239583246409893 0.06574074178934097
6 0.8572916388511658 0.9699074029922485 0.03958333283662796 0.06018518656492233
7 0.7760416865348816 0.41203704476356506 0.03437500074505806 0.035185184329748154
0 0.4502604305744171 0.9050925970077515 0.013020833022892475 0.06759259104728699
0 0.7783854007720947 0.8166666626930237 0.02135416679084301 0.04444444552063942
0 0.2526041567325592 0.45787036418914795 0.012500000186264515 0.03981481492519379
0 0.739062488079071 0.3847222328186035 0.00937500037252903 0.034259259700775146
0 0.36250001192092896 0.4722222089767456 0.008333333767950535 0.040740739554166794
0 0.24609375 0.35370370745658875 0.00989583320915699 0.031481482088565826
0 0.7476562261581421 0.6143518686294556 0.01406249962747097 0.03611111268401146
