6 0.842968761920929 0.9310185313224792 0.03593749925494194 0.09166666865348816
6 0.8119791746139526 0.8388888835906982 0.03020833246409893 0.07962962985038757
7 0.7950521111488342 0.44907405972480774 0.03802083432674408 0.03888889029622078
0 0.8333333134651184 0.9791666865348816 0.02812499925494194 0.0416666679084301
0 0.13333334028720856 0.3837963044643402 0.01354166679084301 0.034259259700775146
0 0.22994790971279144 0.5060185194015503 0.01406249962747097 0.043518517166376114
0 0.7596353888511658 0.4175925850868225 0.010937499813735485 0.03703703731298447
0 0.3526041805744171 0.5231481194496155 0.010416666977107525 0.04444444552063942
0 0.2278645783662796 0.38240739703178406 0.010937499813735485 0.03333333507180214
0 0.7796875238418579 0.7055555582046509 0.01666666753590107 0.04259259253740311
