6 0.85546875 0.9592592716217041 0.0390625 0.08148147910833359
6 0.8221353888511658 0.8675925731658936 0.03177083283662796 0.0833333358168602
7 0.7986978888511658 0.4574074149131775 0.0390625 0.03888889029622078
0 0.9158853888511658 0.4268518388271332 0.01614583283662796 0.03703703731298447
0 0.1263020783662796 0.3898148238658905 0.01406249962747097 0.035185184329748154
0 0.9291666746139526 0.4268518388271332 0.01666666753590107 0.03703703731298447
0 0.22447916865348816 0.5175926089286804 0.014583333395421505 0.04444444552063942
0 0.7638021111488342 0.4254629611968994 0.010937499813735485 0.037962961941957474
0 0.3499999940395355 0.5351851582527161 0.010416666977107525 0.04444444552063942
0 0.22369791567325592 0.3888888955116272 0.010937499813735485 0.035185184329748154
0 0.7872396111488342 0.727314829826355 0.01718750037252903 0.043518517166376114
