6 0.8580729365348816 0.9592592716217041 0.0390625 0.08148147910833359
7 0.8109375238418579 0.48379629850387573 0.0416666679084301 0.0416666679084301
0 0.9359375238418579 0.44999998807907104 0.01770833320915699 0.03888889029622078
0 0.10598958283662796 0.41018518805503845 0.015104166232049465 0.03703703731298447
0 0.9494791626930237 0.4504629671573639 0.01770833320915699 0.03981481492519379
0 0.20781250298023224 0.5537037253379822 0.01666666753590107 0.046296294778585434
0 0.7789062261581421 0.44907405972480774 0.01197916641831398 0.03888889029622078
0 0.3427083194255829 0.5736111402511597 0.01145833358168602 0.04722222313284874
0 0.21067708730697632 0.4087963104248047 0.01197916641831398 0.03611111268401146
0 0.813281238079071 0.8013888597488403 0.01927083358168602 0.04722222313284874
