7 0.801562488079071 0.5208333134651184 0.04374999925494194 0.043518517166376114
0 0.934374988079071 0.47592592239379883 0.01875000074505806 0.040740739554166794
0 0.02734375 0.46666666865348816 0.01927083358168602 0.040740739554166794
0 0.9731770753860474 0.6629629731178284 0.02447916753590107 0.03703703731298447
0 0.9479166865348816 0.47592592239379883 0.01875000074505806 0.040740739554166794
0 0.14479166269302368 0.6435185074806213 0.02187499962747097 0.051851850003004074
0 0.7778645753860474 0.4819444417953491 0.013020833022892475 0.0416666679084301
0 0.30260416865348816 0.6615740656852722 0.015625 0.05277777835726738
0 0.1549479216337204 0.4601851999759674 0.015104166232049465 0.03888889029622078
0 0.8434895873069763 0.9324073791503906 0.0234375 0.0555555559694767
0 0.9802083373069763 0.4851851761341095 0.01770833320915699 0.02777777798473835
