6 0.8812500238418579 0.9921296238899231 0.04479166492819786 0.015740741044282913
7 0.8138020634651184 0.5009258985519409 0.04322916641831398 0.04259259253740311
0 0.9434896111488342 0.46388888359069824 0.01822916604578495 0.040740739554166794
0 0.08515624701976776 0.427314817905426 0.01614583283662796 0.037962961941957474
0 0.9572916626930237 0.4643518626689911 0.01875000074505806 0.03981481492519379
0 0.19114583730697632 0.5824074149131775 0.01770833320915699 0.04814814776182175
0 0.784375011920929 0.46388888359069824 0.012500000186264515 0.040740739554166794
0 0.3335937559604645 0.6032407283782959 0.013020833022892475 0.049074072390794754
0 0.1966145783662796 0.42500001192092896 0.013020833022892475 0.03703703731298447
0 0.8291666507720947 0.8532407283782959 0.02083333395421505 0.05092592537403107
0 0.9906250238418579 0.47453704476356506 0.01770833320915699 0.026851851493120193
