7 0.9080728888511658 0.45277777314186096 0.03697916492819786 0.04259259253740311
7 0.6713541746139526 0.5185185074806213 0.03750000149011612 0.05000000074505806
0 0.7846354246139526 0.4407407343387604 0.013020833022892475 0.03888889029622078
0 0.8880208134651184 0.41203704476356506 0.01354166679084301 0.024074073880910873
0 0.8380208611488342 0.6226851940155029 0.01875000074505806 0.03611111268401146
0 0.7947916388511658 0.43796294927597046 0.01354166679084301 0.03888889029622078
0 0.6617187261581421 0.47962963581085205 0.00989583320915699 0.040740739554166794
0 0.13385416567325592 0.8847222328186035 0.03020833246409893 0.06574074178934097
0 0.7755208611488342 0.9763888716697693 0.02395833283662796 0.04722222313284874
0 0.8190104365348816 0.4402777850627899 0.013020833022892475 0.02500000037252903
