7 0.7260416746139526 0.4208333194255829 0.02708333358168602 0.043518517166376114
7 0.5192708373069763 0.5671296119689941 0.03541666641831398 0.06388889253139496
7 0.758593738079071 0.3967592716217041 0.02552083320915699 0.0416666679084301
0 0.6265624761581421 0.43703705072402954 0.00937500037252903 0.03888889029622078
0 0.7505208253860474 0.34583333134651184 0.00937500037252903 0.032407406717538834
0 0.70703125 0.3819444477558136 0.00989583320915699 0.023148147389292717
0 0.6966145634651184 0.6217592358589172 0.015104166232049465 0.037962961941957474
0 0.6346353888511658 0.43101853132247925 0.008854166604578495 0.037962961941957474
0 0.5252603888511658 0.5138888955116272 0.006770833395421505 0.04444444552063942
0 0.6541666388511658 0.4268518388271332 0.010416666977107525 0.025925925001502037
