7 0.734375 0.519444465637207 0.04062499850988388 0.046296294778585434
0 0.856249988079071 0.4574074149131775 0.015625 0.03888889029622078
0 0.9765625 0.4402777850627899 0.01666666753590107 0.02500000037252903
0 0.9041666388511658 0.644444465637207 0.02187499962747097 0.03703703731298447
0 0.867968738079071 0.4555555582046509 0.01614583283662796 0.03888889029622078
0 0.02083333395421505 0.7745370268821716 0.03229166567325592 0.05833333358168602
0 0.7190104126930237 0.4819444417953491 0.010937499813735485 0.0416666679084301
0 0.22109374403953552 0.7662037014961243 0.02239583246409893 0.06018518656492233
0 0.03489583358168602 0.5393518805503845 0.02187499962747097 0.04537037014961243
0 0.8122395873069763 0.9699074029922485 0.02447916753590107 0.05648148059844971
0 0.8955729007720947 0.4611110985279083 0.015104166232049465 0.025925925001502037
