7 0.8596354126930237 0.4375 0.0338541679084301 0.0416666679084301
7 0.6356770992279053 0.519444465637207 0.03593749925494194 0.051851850003004074
0 0.7445312738418579 0.43287035822868347 0.01197916641831398 0.037962961941957474
0 0.8401041626930237 0.39814814925193787 0.012500000186264515 0.024074073880910873
0 0.8005208373069763 0.6115740537643433 0.01770833320915699 0.03611111268401146
0 0.75390625 0.42916667461395264 0.01197916641831398 0.037962961941957474
0 0.6283854246139526 0.47962963581085205 0.008854166604578495 0.040740739554166794
0 0.07578124850988388 0.9675925970077515 0.03697916492819786 0.06481481343507767
0 0.753125011920929 0.9791666865348816 0.02291666716337204 0.0416666679084301
0 0.7763020992279053 0.43009260296821594 0.01197916641831398 0.02500000037252903
