7 0.7604166865348816 0.520370364189148 0.0416666679084301 0.04444444552063942
0 0.8864583373069763 0.46481481194496155 0.01666666753590107 0.040740739554166794
0 0.9315103888511658 0.6527777910232544 0.02239583246409893 0.03703703731298447
0 0.8989583253860474 0.4634259343147278 0.01666666753590107 0.03981481492519379
0 0.07187499850988388 0.7194444537162781 0.02708333358168602 0.0555555559694767
0 0.7424479126930237 0.4828703701496124 0.01197916641831398 0.0416666679084301
0 0.25390625 0.7240740656852722 0.01927083358168602 0.05740740895271301
0 0.08437500149011612 0.5060185194015503 0.01875000074505806 0.043518517166376114
0 0.8257812261581421 0.9597222208976746 0.02447916753590107 0.05648148059844971
0 0.9281250238418579 0.4703703820705414 0.01666666753590107 0.025925925001502037
