7 0.7864583134651184 0.42129629850387573 0.02916666679084301 0.04259259253740311
7 0.5765625238418579 0.5319444537162781 0.03437500074505806 0.05648148059844971
7 0.8221353888511658 0.4009259343147278 0.02864583395421505 0.040740739554166794
0 0.6812499761581421 0.427314817905426 0.010416666977107525 0.037962961941957474
0 0.8158854246139526 0.35185185074806213 0.010937499813735485 0.03333333507180214
0 0.7671874761581421 0.3837963044643402 0.010416666977107525 0.023148147389292717
0 0.7427083253860474 0.6041666865348816 0.015625 0.03611111268401146
0 0.6898437738418579 0.4226851761341095 0.00989583320915699 0.037962961941957474
0 0.5739583373069763 0.48842594027519226 0.0072916666977107525 0.0416666679084301
0 0.7106770873069763 0.42129629850387573 0.010937499813735485 0.024074073880910873
