7 0.711718738079071 0.42314815521240234 0.02656250074505806 0.04444444552063942
7 0.5033854246139526 0.5824074149131775 0.03593749925494194 0.06666667014360428
7 0.7432291507720947 0.3976851999759674 0.02500000037252903 0.0416666679084301
0 0.6127604246139526 0.44212964177131653 0.008854166604578495 0.03981481492519379
0 0.735156238079071 0.34583333134651184 0.008854166604578495 0.032407406717538834
0 0.6927083134651184 0.3837963044643402 0.00937500037252903 0.023148147389292717
0 0.6861979365348816 0.6310185194015503 0.015104166232049465 0.037962961941957474
0 0.62109375 0.43611112236976624 0.008854166604578495 0.03888889029622078
0 0.512499988079071 0.5240740776062012 0.0062500000931322575 0.04444444552063942
0 0.6403645873069763 0.4314814805984497 0.00989583320915699 0.025925925001502037
