7 0.7020833492279053 0.427314817905426 0.02604166604578495 0.04537037014961243
7 0.49036458134651184 0.5995370149612427 0.03697916492819786 0.0694444477558136
7 0.7330729365348816 0.4009259343147278 0.02447916753590107 0.04259259253740311
0 0.6028645634651184 0.44907405972480774 0.008854166604578495 0.040740739554166794
0 0.7247396111488342 0.34768518805503845 0.008854166604578495 0.032407406717538834
0 0.6822916865348816 0.38749998807907104 0.00937500037252903 0.023148147389292717
0 0.9919270873069763 0.1648148149251938 0.006770833395421505 0.01666666753590107
0 0.6794270873069763 0.644444465637207 0.015104166232049465 0.03888889029622078
0 0.6106770634651184 0.44305557012557983 0.008854166604578495 0.03981481492519379
0 0.9867187738418579 0.16388888657093048 0.006770833395421505 0.01666666753590107
0 0.503125011920929 0.5365740656852722 0.0062500000931322575 0.04537037014961243
0 0.6304687261581421 0.43703705072402954 0.00989583320915699 0.025925925001502037
