7 0.692187488079071 0.43888887763023376 0.02604166604578495 0.046296294778585434
7 0.9888020753860474 0.16990740597248077 0.010937499813735485 0.015740741044282913
7 0.4703125059604645 0.6388888955116272 0.03958333283662796 0.07592592388391495
1 0.9924479126930237 0.1657407432794571 0.015104166232049465 0.018518518656492233
7 0.7216145992279053 0.41111111640930176 0.02447916753590107 0.04444444552063942
0 0.590624988079071 0.4662036895751953 0.008333333767950535 0.0416666679084301
0 0.7127603888511658 0.3550925850868225 0.008854166604578495 0.032407406717538834
0 0.6708333492279053 0.39722222089767456 0.00937500037252903 0.024074073880910873
0 0.9684895873069763 0.16296295821666718 0.00572916679084301 0.01666666753590107
0 0.6736978888511658 0.6777777671813965 0.015104166232049465 0.040740739554166794
0 0.5986979007720947 0.45879629254341125 0.008854166604578495 0.0416666679084301
0 0.9630208611488342 0.16203702986240387 0.0062500000931322575 0.01666666753590107
0 0.49140626192092896 0.5634258985519409 0.006770833395421505 0.04722222313284874
0 0.9856770634651184 0.14259259402751923 0.00572916679084301 0.014814814552664757
0 0.617968738079071 0.4523148238658905 0.00989583320915699 0.026851851493120193
