8 0.9223958253860474 0.12546296417713165 0.0052083334885537624 0.013888888992369175
7 0.6447916626930237 0.47453704476356506 0.02604166604578495 0.05277777835726738
7 0.8955729007720947 0.16018518805503845 0.008854166604578495 0.014814814552664757
7 0.9291666746139526 0.11759259551763535 0.0062500000931322575 0.011111111380159855
7 0.3921875059604645 0.7888888716697693 0.0520833320915699 0.10370370000600815
1 0.8994791507720947 0.15509259700775146 0.014583333395421505 0.017592592164874077
7 0.671093761920929 0.4402777850627899 0.0234375 0.049074072390794754
0 0.5390625 0.520370364189148 0.008333333767950535 0.046296294778585434
0 0.66015625 0.37361112236976624 0.0078125 0.034259259700775146
0 0.620312511920929 0.4263888895511627 0.00937500037252903 0.02500000037252903
0 0.8776041865348816 0.15324074029922485 0.0052083334885537624 0.015740741044282913
0 0.645312488079071 0.7837963104248047 0.01666666753590107 0.04722222313284874
0 0.546875 0.5106481313705444 0.008333333767950535 0.04537037014961243
0 0.8729166388511658 0.15324074029922485 0.0052083334885537624 0.015740741044282913
0 0.44088542461395264 0.6569444537162781 0.008854166604578495 0.05277777835726738
0 0.8903645873069763 0.1328703761100769 0.004687500186264515 0.013888888992369175
0 0.932812511920929 0.08888889104127884 0.0031250000465661287 0.009259259328246117
0 0.9166666865348816 0.10972221940755844 0.004166666883975267 0.012037036940455437
0 0.9169270992279053 0.10462962836027145 0.0036458333488553762 0.011111111380159855
0 0.7388020753860474 0.2944444417953491 0.0078125 0.02777777798473835
0 0.9424479007720947 0.08009259402751923 0.0036458333488553762 0.008333333767950535
0 0.5666666626930237 0.4990740716457367 0.010416666977107525 0.029629629105329514
