7 0.6822916865348816 0.44999998807907104 0.02604166604578495 0.04814814776182175
7 0.965624988079071 0.16805554926395416 0.010416666977107525 0.015740741044282913
7 0.4502604305744171 0.6796296238899231 0.04218750074505806 0.0833333358168602
1 0.9703124761581421 0.16296295821666718 0.01666666753590107 0.018518518656492233
7 0.710156261920929 0.42129629850387573 0.02447916753590107 0.046296294778585434
0 0.5786458253860474 0.48240742087364197 0.008333333767950535 0.04259259253740311
0 0.7007812261581421 0.3620370328426361 0.008854166604578495 0.03333333507180214
0 0.659375011920929 0.4069444537162781 0.00937500037252903 0.02500000037252903
0 0.946093738079071 0.16018518805503845 0.00572916679084301 0.01666666753590107
0 0.6682291626930237 0.710185170173645 0.015625 0.04259259253740311
0 0.586718738079071 0.47453704476356506 0.008854166604578495 0.0416666679084301
0 0.940625011920929 0.1597222238779068 0.0062500000931322575 0.015740741044282913
0 0.47968751192092896 0.5902777910232544 0.0072916666977107525 0.049074072390794754
0 0.961718738079071 0.14074073731899261 0.00572916679084301 0.014814814552664757
0 0.6059895753860474 0.46666666865348816 0.00989583320915699 0.02777777798473835
