6 0.7591145634651184 0.6328703761100769 0.01718750037252903 0.05092592537403107
8 0.8500000238418579 0.12314815074205399 0.004166666883975267 0.012962962500751019
7 0.6109374761581421 0.552314817905426 0.02812499925494194 0.06388889253139496
8 0.8692708611488342 0.08935185521841049 0.0031250000465661287 0.010185184888541698
7 0.8309895992279053 0.1587962955236435 0.0078125 0.015740741044282913
7 0.8552083373069763 0.11481481790542603 0.0052083334885537624 0.011111111380159855
1 0.8666666746139526 0.09490741044282913 0.008333333767950535 0.010185184888541698
1 0.8343750238418579 0.1518518477678299 0.012500000186264515 0.01666666753590107
7 0.6369791626930237 0.5050926208496094 0.02500000037252903 0.06018518656492233
2 0.8736979365348816 0.10324074327945709 0.02031249925494194 0.0416666679084301
0 0.4924479126930237 0.6300926208496094 0.008854166604578495 0.05277777835726738
0 0.8567708134651184 0.2013888955116272 0.0052083334885537624 0.013888888992369175
0 0.6226562261581421 0.4166666567325592 0.0078125 0.03703703731298447
0 0.5825520753860474 0.4870370328426361 0.00989583320915699 0.029629629105329514
0 0.8143228888511658 0.15000000596046448 0.004687500186264515 0.014814814552664757
0 0.8481770753860474 0.2569444477558136 0.0078125 0.02500000037252903
0 0.5013020634651184 0.614814817905426 0.008854166604578495 0.051851850003004074
0 0.8098958134651184 0.15138888359069824 0.004166666883975267 0.015740741044282913
0 0.7554687261581421 0.5958333611488342 0.015104166232049465 0.05092592537403107
0 0.39010417461395264 0.8509259223937988 0.01354166679084301 0.06296296417713165
0 0.8606770634651184 0.10462962836027145 0.0036458333488553762 0.011111111380159855
0 0.8239583373069763 0.12962962687015533 0.004166666883975267 0.012962962500751019
0 0.85546875 0.08425925672054291 0.0026041667442768812 0.009259259328246117
0 0.8442708253860474 0.10555555671453476 0.0031250000465661287 0.011111111380159855
0 0.84375 0.10092592239379883 0.0031250000465661287 0.011111111380159855
0 0.6989583373069763 0.31111112236976624 0.0072916666977107525 0.029629629105329514
0 0.8627604246139526 0.07592592388391495 0.0026041667442768812 0.009259259328246117
0 0.5229166746139526 0.5949074029922485 0.01145833358168602 0.03611111268401146
