6 0.7627604007720947 0.6231481432914734 0.01718750037252903 0.05000000074505806
8 0.8630208373069763 0.12361110746860504 0.004166666883975267 0.013888888992369175
7 0.6174479126930237 0.5416666865348816 0.02760416641831398 0.06296296417713165
8 0.8828125 0.0902777761220932 0.0031250000465661287 0.010185184888541698
7 0.8424479365348816 0.15925925970077515 0.0078125 0.014814814552664757
7 0.867968738079071 0.11527777463197708 0.00572916679084301 0.012037036940455437
1 0.8802083134651184 0.09583333134651184 0.008333333767950535 0.010185184888541698
1 0.8460937738418579 0.1527777761220932 0.013020833022892475 0.01666666753590107
7 0.6434895992279053 0.4967592656612396 0.02447916753590107 0.05833333358168602
2 0.8872395753860474 0.10370370000600815 0.02135416679084301 0.04259259253740311
0 0.500781238079071 0.6143518686294556 0.008854166604578495 0.05277777835726738
0 0.8682291507720947 0.20185184478759766 0.0052083334885537624 0.014814814552664757
0 0.6299479007720947 0.41111111640930176 0.0078125 0.03703703731298447
0 0.5895833373069763 0.4791666567325592 0.00937500037252903 0.028703704476356506
0 0.8257812261581421 0.1509259194135666 0.004687500186264515 0.014814814552664757
0 0.8580729365348816 0.25740739703178406 0.0078125 0.024074073880910873
0 0.6434895992279053 0.980555534362793 0.02031249925494194 0.03888889029622078
0 0.5093749761581421 0.6000000238418579 0.008333333767950535 0.051851850003004074
0 0.821093738079071 0.1518518477678299 0.004687500186264515 0.014814814552664757
0 0.7598958611488342 0.5870370268821716 0.015625 0.05000000074505806
0 0.39895832538604736 0.8208333253860474 0.012500000186264515 0.06203703582286835
0 0.8739583492279053 0.10601852089166641 0.004166666883975267 0.012037036940455437
0 0.8359375 0.13055555522441864 0.004166666883975267 0.012962962500751019
0 0.8687499761581421 0.08518518507480621 0.0031250000465661287 0.009259259328246117
0 0.8570312261581421 0.10648148506879807 0.0036458333488553762 0.011111111380159855
0 0.8565104007720947 0.10138888657093048 0.0036458333488553762 0.010185184888541698
0 0.70703125 0.3097222149372101 0.0078125 0.028703704476356506
0 0.8763020634651184 0.07685185223817825 0.0026041667442768812 0.009259259328246117
0 0.5307291746139526 0.5814814567565918 0.01145833358168602 0.035185184329748154
