8 0.8882812261581421 0.1240740716457367 0.004687500186264515 0.012962962500751019
7 0.6286458373069763 0.5115740895271301 0.02708333358168602 0.05833333358168602
8 0.9104166626930237 0.0912037044763565 0.0031250000465661287 0.010185184888541698
7 0.8651041388511658 0.1597222238779068 0.008333333767950535 0.015740741044282913
7 0.8940104246139526 0.11620370298624039 0.00572916679084301 0.012037036940455437
7 0.3505208194255829 0.9226852059364319 0.06354166567325592 0.13055555522441864
1 0.9075520634651184 0.09675925970077515 0.008854166604578495 0.010185184888541698
1 0.8687499761581421 0.1537037044763565 0.01354166679084301 0.01666666753590107
7 0.655468761920929 0.47083333134651184 0.02447916753590107 0.05462963134050369
2 0.9130208492279053 0.10555555671453476 0.02291666716337204 0.04259259253740311
0 0.5177083611488342 0.5699074268341064 0.008333333767950535 0.049074072390794754
0 0.8890625238418579 0.2013888955116272 0.0052083334885537624 0.013888888992369175
0 0.6429687738418579 0.3939814865589142 0.0078125 0.03611111268401146
0 0.6031249761581421 0.4546296298503876 0.00937500037252903 0.02777777798473835
0 0.8481770753860474 0.15138888359069824 0.004687500186264515 0.015740741044282913
0 0.8755208253860474 0.255092591047287 0.008333333767950535 0.02500000037252903
0 0.6429687738418579 0.8898147940635681 0.01822916604578495 0.05370370298624039
0 0.5260416865348816 0.5583333373069763 0.008333333767950535 0.04814814776182175
0 0.842968761920929 0.15231481194496155 0.004687500186264515 0.015740741044282913
0 0.4177083373069763 0.7407407164573669 0.010416666977107525 0.05740740895271301
0 0.9005208611488342 0.10740740597248077 0.004166666883975267 0.011111111380159855
0 0.8588541746139526 0.1319444477558136 0.004166666883975267 0.013888888992369175
0 0.8958333134651184 0.08703703433275223 0.0031250000465661287 0.009259259328246117
0 0.8822916746139526 0.10787037014961243 0.004166666883975267 0.012037036940455437
0 0.882031261920929 0.10277777910232544 0.0036458333488553762 0.011111111380159855
0 0.7208333611488342 0.30324074625968933 0.0072916666977107525 0.028703704476356506
0 0.9041666388511658 0.07824073731899261 0.0031250000465661287 0.008333333767950535
0 0.5466145873069763 0.543055534362793 0.010937499813735485 0.032407406717538834
