8 0.9111979007720947 0.125 0.004687500186264515 0.012962962500751019
7 0.6390625238418579 0.48240742087364197 0.02604166604578495 0.05370370298624039
7 0.8851562738418579 0.1597222238779068 0.008854166604578495 0.015740741044282913
7 0.9177083373069763 0.11712963134050369 0.0062500000931322575 0.012037036940455437
7 0.3804687559604645 0.8189814686775208 0.0546875 0.1101851835846901
1 0.9322916865348816 0.09814814478158951 0.00937500037252903 0.011111111380159855
1 0.8890625238418579 0.15416666865348816 0.014583333395421505 0.017592592164874077
7 0.6656249761581421 0.44675925374031067 0.02395833283662796 0.05092592537403107
0 0.5322916507720947 0.5314815044403076 0.008333333767950535 0.046296294778585434
0 0.6544271111488342 0.3782407343387604 0.0078125 0.034259259700775146
0 0.6143229007720947 0.432407408952713 0.008854166604578495 0.025925925001502037
0 0.8677083253860474 0.15231481194496155 0.0052083334885537624 0.015740741044282913
0 0.6429687738418579 0.8060185313224792 0.01718750037252903 0.049074072390794754
0 0.5406249761581421 0.5208333134651184 0.008333333767950535 0.04537037014961243
0 0.8627604246139526 0.15231481194496155 0.004687500186264515 0.015740741044282913
0 0.43437498807907104 0.6759259104728699 0.00937500037252903 0.05370370298624039
0 0.9252604246139526 0.10879629850387573 0.004687500186264515 0.012037036940455437
0 0.8799479007720947 0.1328703761100769 0.004687500186264515 0.013888888992369175
0 0.9208333492279053 0.08796296268701553 0.0031250000465661287 0.009259259328246117
0 0.9052083492279053 0.10879629850387573 0.004166666883975267 0.012037036940455437
0 0.905468761920929 0.1041666641831398 0.0036458333488553762 0.012037036940455437
0 0.7325521111488342 0.29629629850387573 0.0078125 0.02777777798473835
0 0.9302083253860474 0.07962962985038757 0.0031250000465661287 0.009259259328246117
0 0.5604166388511658 0.5087962746620178 0.010416666977107525 0.03055555559694767
