6 0.768750011920929 0.5472221970558167 0.02083333395421505 0.046296294778585434
6 0.760937511920929 0.5907407402992249 0.014583333395421505 0.051851850003004074
6 0.7947916388511658 0.4148148000240326 0.010416666977107525 0.03333333507180214
6 0.7450520992279053 0.6499999761581421 0.01614583283662796 0.05370370298624039
8 0.8153645992279053 0.12083332985639572 0.0036458333488553762 0.013888888992369175
7 0.5919271111488342 0.5740740895271301 0.02760416641831398 0.06851851940155029
8 0.83203125 0.08703703433275223 0.0026041667442768812 0.009259259328246117
7 0.7979166507720947 0.15648147463798523 0.0072916666977107525 0.014814814552664757
7 0.8197916746139526 0.11249999701976776 0.0052083334885537624 0.012037036940455437
1 0.8299478888511658 0.09212963283061981 0.0078125 0.010185184888541698
1 0.8013020753860474 0.14907407760620117 0.01197916641831398 0.01666666753590107
7 0.617968738079071 0.520370364189148 0.02447916753590107 0.06296296417713165
2 0.8372395634651184 0.10046296566724777 0.01927083358168602 0.03981481492519379
0 0.4697916805744171 0.6666666865348816 0.010416666977107525 0.0555555559694767
0 0.8247395753860474 0.19861111044883728 0.004687500186264515 0.013888888992369175
0 0.6015625 0.427314817905426 0.0072916666977107525 0.037962961941957474
0 0.5619791746139526 0.5037037134170532 0.00937500037252903 0.029629629105329514
0 0.7822916507720947 0.14722222089767456 0.004166666883975267 0.014814814552664757
0 0.8187500238418579 0.25462964177131653 0.0072916666977107525 0.024074073880910873
0 0.47864583134651184 0.6495370268821716 0.00937500037252903 0.05462963134050369
0 0.7778645753860474 0.14907407760620117 0.0036458333488553762 0.014814814552664757
0 0.7403646111488342 0.6129629611968994 0.015104166232049465 0.051851850003004074
0 0.3669270873069763 0.9236111044883728 0.01614583283662796 0.06574074178934097
0 0.82421875 0.10277777910232544 0.0036458333488553762 0.011111111380159855
0 0.7903645634651184 0.12731482088565826 0.0036458333488553762 0.013888888992369175
0 0.8190104365348816 0.0824074074625969 0.0026041667442768812 0.009259259328246117
0 0.8088541626930237 0.10277777910232544 0.0031250000465661287 0.011111111380159855
0 0.8083333373069763 0.09814814478158951 0.0031250000465661287 0.011111111380159855
0 0.6752604246139526 0.31388887763023376 0.006770833395421505 0.029629629105329514
0 0.8252604007720947 0.07361111044883728 0.0026041667442768812 0.008333333767950535
0 0.5010416507720947 0.625 0.01145833358168602 0.03703703731298447
