6 0.7789062261581421 0.543055534362793 0.02135416679084301 0.04537037014961243
6 0.7700520753860474 0.5847222208976746 0.015104166232049465 0.05092592537403107
6 0.8072916865348816 0.4148148000240326 0.010416666977107525 0.03333333507180214
6 0.753125011920929 0.6412037014961243 0.01666666753590107 0.05277777835726738
8 0.8343750238418579 0.12222222238779068 0.004166666883975267 0.012962962500751019
7 0.602343738079071 0.5629629492759705 0.02760416641831398 0.06666667014360428
8 0.852343738079071 0.08796296268701553 0.0026041667442768812 0.009259259328246117
7 0.8158854246139526 0.1578703671693802 0.0078125 0.015740741044282913
7 0.839062511920929 0.11342592537403107 0.0052083334885537624 0.012037036940455437
1 0.8502604365348816 0.09351851791143417 0.0078125 0.009259259328246117
1 0.819531261920929 0.1509259194135666 0.01197916641831398 0.01666666753590107
7 0.6283854246139526 0.512499988079071 0.02447916753590107 0.06203703582286835
2 0.8572916388511658 0.10185185074806213 0.01979166641831398 0.040740739554166794
0 0.4820312559604645 0.647685170173645 0.00989583320915699 0.05462963134050369
0 0.8424479365348816 0.19953703880310059 0.004687500186264515 0.013888888992369175
0 0.61328125 0.4217592477798462 0.0078125 0.037962961941957474
0 0.573437511920929 0.49537035822868347 0.00937500037252903 0.029629629105329514
0 0.800000011920929 0.14907407760620117 0.004166666883975267 0.014814814552664757
0 0.8348958492279053 0.2560185194015503 0.0072916666977107525 0.02500000037252903
0 0.4908854067325592 0.6314814686775208 0.008854166604578495 0.05370370298624039
0 0.7953125238418579 0.15046297013759613 0.004166666883975267 0.015740741044282913
0 0.7489583492279053 0.604629635810852 0.015625 0.051851850003004074
0 0.37968748807907104 0.8847222328186035 0.014583333395421505 0.06388889253139496
0 0.8440104126930237 0.10370370000600815 0.0036458333488553762 0.011111111380159855
0 0.80859375 0.12870369851589203 0.0036458333488553762 0.012962962500751019
0 0.8388020992279053 0.0833333358168602 0.0026041667442768812 0.009259259328246117
0 0.828125 0.10462962836027145 0.0031250000465661287 0.011111111380159855
0 0.8276041746139526 0.09953703731298447 0.0031250000465661287 0.010185184888541698
0 0.6885416507720947 0.3125 0.0072916666977107525 0.028703704476356506
0 0.8455728888511658 0.07500000298023224 0.0026041667442768812 0.009259259328246117
0 0.5130208134651184 0.6092592477798462 0.01145833358168602 0.03703703731298447
