6 0.7645833492279053 0.6129629611968994 0.01770833320915699 0.04814814776182175
8 0.8731771111488342 0.1240740716457367 0.004687500186264515 0.012962962500751019
7 0.6223958134651184 0.5314815044403076 0.02708333358168602 0.06111111119389534
8 0.893750011920929 0.09074074029922485 0.0031250000465661287 0.009259259328246117
7 0.8515625 0.1597222238779068 0.008333333767950535 0.015740741044282913
7 0.8783854246139526 0.11574073880910873 0.00572916679084301 0.011111111380159855
7 0.3296875059604645 0.9643518328666687 0.07083333283662796 0.07129629701375961
1 0.8911458253860474 0.09583333134651184 0.008333333767950535 0.010185184888541698
1 0.85546875 0.15324074029922485 0.013020833022892475 0.017592592164874077
7 0.6484375 0.4879629611968994 0.02500000037252903 0.05740740895271301
2 0.8973958492279053 0.10462962836027145 0.02187499962747097 0.04259259253740311
0 0.5072916746139526 0.5995370149612427 0.008333333767950535 0.05092592537403107
0 0.8770833611488342 0.2023148089647293 0.0052083334885537624 0.013888888992369175
0 0.6356770992279053 0.40601852536201477 0.0078125 0.03611111268401146
0 0.5953124761581421 0.4712963104248047 0.00937500037252903 0.02777777798473835
0 0.8348958492279053 0.15138888359069824 0.004166666883975267 0.015740741044282913
0 0.8658854365348816 0.2569444477558136 0.0078125 0.02500000037252903
0 0.6440104246139526 0.9564814567565918 0.01927083358168602 0.05740740895271301
0 0.5158854126930237 0.5861111283302307 0.008854166604578495 0.05000000074505806
0 0.8299478888511658 0.15231481194496155 0.004687500186264515 0.015740741044282913
0 0.762499988079071 0.5768518447875977 0.015625 0.05000000074505806
0 0.4059895873069763 0.792129635810852 0.01197916641831398 0.06018518656492233
0 0.8846353888511658 0.10648148506879807 0.0036458333488553762 0.011111111380159855
0 0.8453124761581421 0.1310185194015503 0.004166666883975267 0.013888888992369175
0 0.879687488079071 0.08611111342906952 0.0031250000465661287 0.009259259328246117
0 0.8669270873069763 0.10694444179534912 0.0036458333488553762 0.012037036940455437
0 0.8669270873069763 0.10185185074806213 0.0036458333488553762 0.011111111380159855
0 0.7130208611488342 0.30787035822868347 0.0072916666977107525 0.028703704476356506
0 0.8872395753860474 0.0773148164153099 0.0026041667442768812 0.008333333767950535
0 0.5372396111488342 0.5680555701255798 0.010937499813735485 0.034259259700775146
