8 0.90234375 0.12453703582286835 0.004687500186264515 0.013888888992369175
7 0.6348958611488342 0.4912036955356598 0.02604166604578495 0.05462963134050369
8 0.9263020753860474 0.09212963283061981 0.0036458333488553762 0.010185184888541698
7 0.8773437738418579 0.15925925970077515 0.008854166604578495 0.014814814552664757
7 0.9083333611488342 0.11620370298624039 0.0062500000931322575 0.012037036940455437
7 0.3695312440395355 0.8518518805503845 0.05781250074505806 0.11666666716337204
1 0.922656238079071 0.09768518805503845 0.008854166604578495 0.010185184888541698
1 0.8812500238418579 0.15416666865348816 0.01354166679084301 0.017592592164874077
7 0.6614583134651184 0.45370370149612427 0.02395833283662796 0.051851850003004074
2 0.9278646111488342 0.10648148506879807 0.0234375 0.04259259253740311
0 0.5270833373069763 0.543055534362793 0.008333333767950535 0.04722222313284874
0 0.6497395634651184 0.38333332538604736 0.0078125 0.035185184329748154
0 0.6098958253860474 0.4393518567085266 0.00937500037252903 0.026851851493120193
0 0.860156238079071 0.1518518477678299 0.004687500186264515 0.014814814552664757
0 0.6421874761581421 0.8314814567565918 0.01770833320915699 0.05000000074505806
0 0.5348958373069763 0.5324074029922485 0.008333333767950535 0.046296294778585434
0 0.8552083373069763 0.15231481194496155 0.0052083334885537624 0.015740741044282913
0 0.4283854067325592 0.6958333253860474 0.00989583320915699 0.05462963134050369
0 0.9158853888511658 0.10833333432674408 0.004687500186264515 0.011111111380159855
0 0.871874988079071 0.1319444477558136 0.004166666883975267 0.013888888992369175
0 0.9111979007720947 0.08749999850988388 0.0036458333488553762 0.010185184888541698
0 0.8963541388511658 0.10833333432674408 0.004166666883975267 0.011111111380159855
0 0.8966146111488342 0.10370370000600815 0.0036458333488553762 0.011111111380159855
0 0.7278645634651184 0.29814815521240234 0.0078125 0.02777777798473835
0 0.9200521111488342 0.07870370149612427 0.0026041667442768812 0.009259259328246117
0 0.5552083253860474 0.519444465637207 0.010416666977107525 0.031481482088565826
