6 0.7291666865348816 0.5583333373069763 0.01875000074505806 0.04814814776182175
6 0.7239583134651184 0.6060185432434082 0.012500000186264515 0.05462963134050369
6 0.7458333373069763 0.4148148000240326 0.008333333767950535 0.03333333507180214
6 0.7122395634651184 0.6736111044883728 0.01406249962747097 0.05833333358168602
8 0.746874988079071 0.11666666716337204 0.0031250000465661287 0.012962962500751019
7 0.5520833134651184 0.6097221970558167 0.02708333358168602 0.07500000298023224
8 0.7606770992279053 0.0824074074625969 0.0026041667442768812 0.009259259328246117
7 0.7333333492279053 0.1518518477678299 0.0062500000931322575 0.014814814552664757
7 0.7505208253860474 0.10833333432674408 0.004166666883975267 0.011111111380159855
1 0.7591145634651184 0.08796296268701553 0.006770833395421505 0.009259259328246117
1 0.7364583611488342 0.14444445073604584 0.010416666977107525 0.01666666753590107
7 0.5770833492279053 0.5449073910713196 0.02291666716337204 0.06759259104728699
2 0.7666666507720947 0.0962962955236435 0.015625 0.03703703731298447
0 0.42265623807907104 0.7365740537643433 0.013020833022892475 0.06018518656492233
0 0.760937511920929 0.19212962687015533 0.004166666883975267 0.013888888992369175
0 0.5562499761581421 0.44490739703178406 0.0062500000931322575 0.03981481492519379
0 0.5179687738418579 0.5342592597007751 0.008854166604578495 0.031481482088565826
0 0.7184895873069763 0.14259259402751923 0.0036458333488553762 0.014814814552664757
0 0.7588541507720947 0.2490740716457367 0.0062500000931322575 0.024074073880910873
0 0.4322916567325592 0.7143518328666687 0.012500000186264515 0.05833333358168602
0 0.7145833373069763 0.14444445073604584 0.0031250000465661287 0.014814814552664757
0 0.7049478888511658 0.6365740895271301 0.01406249962747097 0.05277777835726738
0 0.75390625 0.09768518805503845 0.0026041667442768812 0.010185184888541698
0 0.7252604365348816 0.12268518656492233 0.0026041667442768812 0.012037036940455437
0 0.7484375238418579 0.07824073731899261 0.0020833334419876337 0.008333333767950535
0 0.7408854365348816 0.09861110895872116 0.0026041667442768812 0.010185184888541698
0 0.7398437261581421 0.09398148208856583 0.0026041667442768812 0.010185184888541698
0 0.625781238079071 0.3166666626930237 0.00572916679084301 0.029629629105329514
0 0.7536458373069763 0.07037036865949631 0.0020833334419876337 0.007407407276332378
0 0.4559895694255829 0.6814814805984497 0.013020833022892475 0.040740739554166794
