6 0.6966145634651184 0.6000000238418579 0.01822916604578495 0.051851850003004074
6 0.6955729126930237 0.6592592597007751 0.010937499813735485 0.06296296417713165
6 0.7020833492279053 0.43194442987442017 0.0072916666977107525 0.03611111268401146
6 0.6885416507720947 0.7444444298744202 0.012500000186264515 0.06666667014360428
8 0.680468738079071 0.11574073880910873 0.0026041667442768812 0.012962962500751019
7 0.507031261920929 0.7004629373550415 0.02864583395421505 0.08981481194496155
8 0.6908854246139526 0.08055555820465088 0.0015625000232830644 0.009259259328246117
7 0.6697916388511658 0.1518518477678299 0.0052083334885537624 0.014814814552664757
7 0.6830729246139526 0.10648148506879807 0.0036458333488553762 0.011111111380159855
1 0.6898437738418579 0.08564814925193787 0.00572916679084301 0.008333333767950535
1 0.6723958253860474 0.14259259402751923 0.00937500037252903 0.01666666753590107
7 0.53515625 0.604629635810852 0.0234375 0.07777778059244156
2 0.6976562738418579 0.09444444626569748 0.013020833022892475 0.03333333507180214
0 0.3583333194255829 0.895370364189148 0.01875000074505806 0.06851851940155029
0 0.69921875 0.19166666269302368 0.0036458333488553762 0.012962962500751019
0 0.507031261920929 0.4888888895511627 0.00572916679084301 0.04259259253740311
0 0.4684895873069763 0.602314829826355 0.00989583320915699 0.034259259700775146
0 0.655468761920929 0.14166666567325592 0.0026041667442768812 0.014814814552664757
0 0.7020833492279053 0.2518518567085266 0.0052083334885537624 0.024074073880910873
0 0.37031251192092896 0.8620370626449585 0.01770833320915699 0.06666667014360428
0 0.6520833373069763 0.14444445073604584 0.0031250000465661287 0.014814814552664757
0 0.6776041388511658 0.7074074149131775 0.014583333395421505 0.05740740895271301
0 0.6848958134651184 0.09583333134651184 0.0020833334419876337 0.010185184888541698
0 0.6606770753860474 0.12083332985639572 0.0026041667442768812 0.012037036940455437
0 0.6794270873069763 0.07592592388391495 0.0015625000232830644 0.009259259328246117
0 0.6734374761581421 0.0962962955236435 0.0020833334419876337 0.011111111380159855
0 0.6723958253860474 0.09166666865348816 0.0020833334419876337 0.009259259328246117
0 0.574999988079071 0.33101850748062134 0.0052083334885537624 0.03055555559694767
0 0.68359375 0.06805555522441864 0.0015625000232830644 0.008333333767950535
0 0.39791667461395264 0.8101851940155029 0.01666666753590107 0.04814814776182175
