6 0.6869791746139526 0.6486111283302307 0.01875000074505806 0.05648148059844971
6 0.6888020634651184 0.7199074029922485 0.010937499813735485 0.07129629701375961
6 0.68359375 0.4541666805744171 0.006770833395421505 0.037962961941957474
6 0.6854166388511658 0.824999988079071 0.012500000186264515 0.07777778059244156
8 0.6468750238418579 0.11712963134050369 0.0020833334419876337 0.012037036940455437
7 0.48255208134651184 0.7916666865348816 0.03177083283662796 0.10555555671453476
8 0.6559895873069763 0.08055555820465088 0.0015625000232830644 0.009259259328246117
7 0.6380208134651184 0.1546296328306198 0.0052083334885537624 0.014814814552664757
7 0.649218738079071 0.10740740597248077 0.0036458333488553762 0.011111111380159855
1 0.6552083492279053 0.08518518507480621 0.0052083334885537624 0.009259259328246117
1 0.6403645873069763 0.14398148655891418 0.008854166604578495 0.015740741044282913
7 0.5122395753860474 0.6699073910713196 0.02447916753590107 0.08796296268701553
2 0.6638020873069763 0.09444444626569748 0.01197916641831398 0.029629629105329514
0 0.6690104007720947 0.1944444477558136 0.0036458333488553762 0.012962962500751019
0 0.4789062440395355 0.5347222089767456 0.006770833395421505 0.04537037014961243
0 0.4385416805744171 0.6731481552124023 0.01145833358168602 0.03703703731298447
0 0.6236979365348816 0.14259259402751923 0.0026041667442768812 0.014814814552664757
0 0.675000011920929 0.2578703761100769 0.0052083334885537624 0.02500000037252903
0 0.3231770694255829 0.9944444298744202 0.0234375 0.011111111380159855
0 0.6205729246139526 0.14629629254341125 0.0026041667442768812 0.014814814552664757
0 0.671875 0.7875000238418579 0.015625 0.06203703582286835
0 0.6502603888511658 0.09537036716938019 0.0026041667442768812 0.011111111380159855
0 0.628125011920929 0.12129629403352737 0.0020833334419876337 0.012962962500751019
0 0.64453125 0.0754629597067833 0.0015625000232830644 0.008333333767950535
0 0.639843761920929 0.09583333134651184 0.0015625000232830644 0.010185184888541698
0 0.6385416388511658 0.09166666865348816 0.0020833334419876337 0.009259259328246117
0 0.5486978888511658 0.34675925970077515 0.004687500186264515 0.032407406717538834
0 0.6481770873069763 0.06759259104728699 0.0015625000232830644 0.007407407276332378
0 0.35546875 0.9509259462356567 0.02135416679084301 0.0555555559694767
