6 0.682812511920929 0.6925926208496094 0.02083333395421505 0.06111111119389534
6 0.6872395873069763 0.7754629850387573 0.013020833022892475 0.07870370149612427
6 0.6723958253860474 0.4740740656852722 0.0072916666977107525 0.040740739554166794
6 0.6880208253860474 0.8995370268821716 0.015625 0.08796296268701553
8 0.6247395873069763 0.11851851642131805 0.0026041667442768812 0.012962962500751019
7 0.4651041626930237 0.8787037134170532 0.03541666641831398 0.12222222238779068
8 0.6328125 0.08055555820465088 0.0010416667209938169 0.009259259328246117
7 0.6166666746139526 0.15694443881511688 0.0052083334885537624 0.015740741044282913
7 0.6268228888511658 0.10879629850387573 0.0036458333488553762 0.012037036940455437
1 0.6322916746139526 0.08564814925193787 0.0052083334885537624 0.008333333767950535
1 0.6192708611488342 0.1449074000120163 0.008333333767950535 0.015740741044282913
7 0.4958333373069763 0.7319444417953491 0.02604166604578495 0.09907407313585281
2 0.6411458253860474 0.09444444626569748 0.01145833358168602 0.029629629105329514
0 0.6494791507720947 0.19768518209457397 0.0031250000465661287 0.013888888992369175
0 0.45885416865348816 0.574999988079071 0.008333333767950535 0.04814814776182175
0 0.4164062440395355 0.7384259104728699 0.013020833022892475 0.03981481492519379
0 0.602343738079071 0.14351852238178253 0.0026041667442768812 0.014814814552664757
0 0.6572916507720947 0.26342591643333435 0.0052083334885537624 0.02500000037252903
0 0.5992187261581421 0.14814814925193787 0.0026041667442768812 0.014814814552664757
0 0.671875 0.862500011920929 0.01666666753590107 0.06574074178934097
0 0.6270833611488342 0.09583333134651184 0.0020833334419876337 0.010185184888541698
0 0.606249988079071 0.12222222238779068 0.0020833334419876337 0.012962962500751019
0 0.6216145753860474 0.0754629597067833 0.0015625000232830644 0.008333333767950535
0 0.6174479126930237 0.09675925970077515 0.0015625000232830644 0.010185184888541698
0 0.6158854365348816 0.09212963283061981 0.0015625000232830644 0.010185184888541698
0 0.5309895873069763 0.3601851761341095 0.004687500186264515 0.03333333507180214
0 0.625 0.06759259104728699 0.0010416667209938169 0.007407407276332378
