6 0.655468761920929 0.7504629492759705 0.0234375 0.06759259104728699
6 0.6656249761581421 0.8513888716697693 0.01666666753590107 0.08981481194496155
6 0.6317708492279053 0.4967592656612396 0.008333333767950535 0.043518517166376114
6 0.6747395992279053 0.9782407283782959 0.02135416679084301 0.043518517166376114
8 0.5653645992279053 0.11990740895271301 0.0015625000232830644 0.013888888992369175
7 0.4192708432674408 0.9861111044883728 0.04270833358168602 0.02777777798473835
8 0.5713541507720947 0.08055555820465088 0.0010416667209938169 0.009259259328246117
7 0.5591145753860474 0.1597222238779068 0.004687500186264515 0.015740741044282913
8 0.5835937261581421 0.08935185521841049 0.004687500186264515 0.008333333767950535
7 0.5669270753860474 0.10972221940755844 0.0026041667442768812 0.012037036940455437
1 0.5713541507720947 0.08518518507480621 0.0052083334885537624 0.009259259328246117
1 0.5611979365348816 0.14629629254341125 0.0078125 0.01666666753590107
7 0.45130208134651184 0.8444444537162781 0.02968749962747097 0.12037037312984467
2 0.5804687738418579 0.09351851791143417 0.010937499813735485 0.029629629105329514
0 0.5934895873069763 0.19953703880310059 0.0026041667442768812 0.013888888992369175
0 0.4065104126930237 0.645370364189148 0.010937499813735485 0.051851850003004074
0 0.36145833134651184 0.8597221970558167 0.01666666753590107 0.04537037014961243
0 0.5921875238418579 0.07870370149612427 0.0010416667209938169 0.009259259328246117
0 0.5442708134651184 0.14537036418914795 0.0020833334419876337 0.014814814552664757
0 0.6049479246139526 0.26944443583488464 0.004687500186264515 0.025925925001502037
0 0.5416666865348816 0.15000000596046448 0.0020833334419876337 0.014814814552664757
0 0.655468761920929 0.970370352268219 0.01718750037252903 0.05925925821065903
0 0.5658854246139526 0.09537036716938019 0.0015625000232830644 0.011111111380159855
0 0.5471354126930237 0.12314815074205399 0.0015625000232830644 0.012962962500751019
0 0.5604166388511658 0.0754629597067833 0.0010416667209938169 0.008333333767950535
0 0.5575520992279053 0.0962962955236435 0.0015625000232830644 0.011111111380159855
0 0.555468738079071 0.09166666865348816 0.0015625000232830644 0.009259259328246117
0 0.47994792461395264 0.3819444477558136 0.004687500186264515 0.034259259700775146
0 0.5635416507720947 0.06759259104728699 0.0010416667209938169 0.007407407276332378
