6 0.6619791388511658 0.7347221970558167 0.02291666716337204 0.06574074178934097
6 0.6705729365348816 0.8305555582046509 0.01614583283662796 0.08703703433275223
6 0.6419270634651184 0.49074074625968933 0.0078125 0.04259259253740311
6 0.6773437261581421 0.9643518328666687 0.01927083358168602 0.07129629701375961
8 0.5799478888511658 0.11944444477558136 0.0015625000232830644 0.012962962500751019
7 0.4312500059604645 0.9638888835906982 0.04062499850988388 0.07222222536802292
8 0.5864583253860474 0.08055555820465088 0.0010416667209938169 0.009259259328246117
7 0.5731770992279053 0.1587962955236435 0.004687500186264515 0.015740741044282913
8 0.5981770753860474 0.08935185521841049 0.004687500186264515 0.008333333767950535
7 0.5817708373069763 0.10925926268100739 0.0031250000465661287 0.011111111380159855
1 0.5864583253860474 0.08518518507480621 0.0052083334885537624 0.009259259328246117
1 0.5755208134651184 0.1458333283662796 0.008333333767950535 0.015740741044282913
7 0.46276041865348816 0.8125 0.02864583395421505 0.11388888955116272
2 0.5955728888511658 0.09351851791143417 0.010937499813735485 0.029629629105329514
0 0.6070312261581421 0.19907407462596893 0.0026041667442768812 0.012962962500751019
0 0.42005208134651184 0.6254629492759705 0.00989583320915699 0.05092592537403107
0 0.37552082538604736 0.8254629373550415 0.015625 0.043518517166376114
0 0.6072916388511658 0.07870370149612427 0.0010416667209938169 0.009259259328246117
0 0.5588541626930237 0.14444445073604584 0.0020833334419876337 0.014814814552664757
0 0.617968738079071 0.26759257912635803 0.004687500186264515 0.025925925001502037
0 0.5559895634651184 0.14907407760620117 0.0026041667442768812 0.014814814552664757
0 0.6591145992279053 0.9444444179534912 0.01718750037252903 0.06851851940155029
0 0.5809895992279053 0.09490741044282913 0.0015625000232830644 0.010185184888541698
0 0.561718761920929 0.12222222238779068 0.0015625000232830644 0.012962962500751019
0 0.5752604007720947 0.0754629597067833 0.0015625000232830644 0.008333333767950535
0 0.5721353888511658 0.0962962955236435 0.0015625000232830644 0.011111111380159855
0 0.5703125 0.09166666865348816 0.0010416667209938169 0.009259259328246117
0 0.4924479126930237 0.3759259283542633 0.004687500186264515 0.03333333507180214
0 0.5783854126930237 0.06759259104728699 0.0015625000232830644 0.007407407276332378
