6 0.6057291626930237 0.6185185313224792 0.01145833358168602 0.05740740895271301
8 0.5015624761581421 0.13055555522441864 0.0010416667209938169 0.014814814552664757
8 0.5062500238418579 0.08425925672054291 0.0010416667209938169 0.009259259328246117
7 0.4971354305744171 0.17592592537403107 0.004687500186264515 0.01666666753590107
8 0.522656261920929 0.09305555373430252 0.004687500186264515 0.008333333767950535
7 0.5028645992279053 0.11851851642131805 0.0026041667442768812 0.012962962500751019
1 0.507031261920929 0.08935185521841049 0.00572916679084301 0.010185184888541698
1 0.4989583194255829 0.15648147463798523 0.008333333767950535 0.01666666753590107
2 0.516406238079071 0.0962962955236435 0.00989583320915699 0.031481482088565826
0 0.5361979007720947 0.21944443881511688 0.0026041667442768812 0.014814814552664757
0 0.3075520694255829 0.9550926089286804 0.02135416679084301 0.06574074178934097
0 0.5276041626930237 0.08055555820465088 0.0010416667209938169 0.009259259328246117
0 0.48098957538604736 0.15509259700775146 0.0015625000232830644 0.015740741044282913
0 0.5544270873069763 0.30509260296821594 0.004687500186264515 0.028703704476356506
0 0.4791666567325592 0.16296295821666718 0.0020833334419876337 0.01666666753590107
0 0.4989583194255829 0.09953703731298447 0.0010416667209938169 0.010185184888541698
0 0.4830729067325592 0.130092591047287 0.0015625000232830644 0.013888888992369175
0 0.4947916567325592 0.07777778059244156 0.0010416667209938169 0.009259259328246117
0 0.4934895932674408 0.10092592239379883 0.0015625000232830644 0.011111111380159855
0 0.4906249940395355 0.09583333134651184 0.0010416667209938169 0.010185184888541698
0 0.4151041805744171 0.4625000059604645 0.0072916666977107525 0.03981481492519379
0 0.4973958432674408 0.06990740448236465 0.0010416667209938169 0.008333333767950535
