6 0.6557291746139526 0.8685185313224792 0.02916666679084301 0.08148147910833359
6 0.6734374761581421 0.9745370149612427 0.02395833283662796 0.05092592537403107
6 0.6156250238418579 0.5458333492279053 0.00937500037252903 0.049074072390794754
8 0.5315104126930237 0.12453703582286835 0.0015625000232830644 0.013888888992369175
8 0.5369791388511658 0.08148147910833359 0.0010416667209938169 0.009259259328246117
7 0.526562511920929 0.1666666716337204 0.004166666883975267 0.01666666753590107
8 0.55078125 0.09074074029922485 0.004687500186264515 0.009259259328246117
7 0.5330728888511658 0.11342592537403107 0.0026041667442768812 0.012037036940455437
1 0.5372396111488342 0.08703703433275223 0.00572916679084301 0.009259259328246117
1 0.5283854007720947 0.1509259194135666 0.0078125 0.01666666753590107
2 0.5466145873069763 0.09490741044282913 0.00989583320915699 0.03055555559694767
0 0.563281238079071 0.20787036418914795 0.0026041667442768812 0.013888888992369175
0 0.36380207538604736 0.7611111402511597 0.01406249962747097 0.05740740895271301
0 0.557812511920929 0.07962962985038757 0.0010416667209938169 0.009259259328246117
0 0.5111979246139526 0.14953704178333282 0.0015625000232830644 0.015740741044282913
0 0.5776041746139526 0.28425925970077515 0.004166666883975267 0.025925925001502037
0 0.5088541507720947 0.15509259700775146 0.0020833334419876337 0.015740741044282913
0 0.5307291746139526 0.0972222238779068 0.0010416667209938169 0.011111111380159855
0 0.5132812261581421 0.1259259283542633 0.0015625000232830644 0.012962962500751019
0 0.5255208611488342 0.0763888880610466 0.0010416667209938169 0.008333333767950535
0 0.5236979126930237 0.09814814478158951 0.0015625000232830644 0.011111111380159855
0 0.5213541388511658 0.09305555373430252 0.0010416667209938169 0.010185184888541698
0 0.4476562440395355 0.41527777910232544 0.00572916679084301 0.03611111268401146
0 0.528124988079071 0.06851851940155029 0.0010416667209938169 0.007407407276332378
