4 0.7127603888511658 0.08287037163972855 0.07447917014360428 0.028703704476356506
6 0.6627604365348816 0.9708333611488342 0.03489583358168602 0.05833333358168602
6 0.6072916388511658 0.5912036895751953 0.010416666977107525 0.05462963134050369
8 0.5101562738418579 0.12824073433876038 0.0015625000232830644 0.013888888992369175
8 0.5151041746139526 0.0833333358168602 0.0010416667209938169 0.009259259328246117
7 0.5054687261581421 0.17222222685813904 0.004687500186264515 0.01666666753590107
8 0.5299479365348816 0.09212963283061981 0.004687500186264515 0.008333333767950535
7 0.5111979246139526 0.11666666716337204 0.0026041667442768812 0.011111111380159855
1 0.5153645873069763 0.08888889104127884 0.00572916679084301 0.009259259328246117
1 0.5072916746139526 0.1546296328306198 0.008333333767950535 0.01666666753590107
2 0.5247395634651184 0.09537036716938019 0.00989583320915699 0.031481482088565826
0 0.5440104007720947 0.2152777761220932 0.0026041667442768812 0.013888888992369175
0 0.32734376192092896 0.8796296119689941 0.01822916604578495 0.06296296417713165
0 0.535937488079071 0.08055555820465088 0.0010416667209938169 0.009259259328246117
0 0.4893229305744171 0.15324074029922485 0.0015625000232830644 0.015740741044282913
0 0.5609375238418579 0.2976851761341095 0.004166666883975267 0.026851851493120193
0 0.48750001192092896 0.16018518805503845 0.0020833334419876337 0.01666666753590107
0 0.5080729126930237 0.09907407313585281 0.0015625000232830644 0.011111111380159855
0 0.49140626192092896 0.12870369851589203 0.0015625000232830644 0.012962962500751019
0 0.5036458373069763 0.0773148164153099 0.0010416667209938169 0.008333333767950535
0 0.5020833611488342 0.10000000149011612 0.0010416667209938169 0.011111111380159855
0 0.4989583194255829 0.09490741044282913 0.0010416667209938169 0.010185184888541698
0 0.4247395694255829 0.4453703761100769 0.006770833395421505 0.03888889029622078
0 0.5059896111488342 0.0694444477558136 0.0005208333604969084 0.007407407276332378
4 0.7130208611488342 0.08287037163972855 0.07500000298023224 0.028703704476356506
