6 0.6546875238418579 0.8416666388511658 0.02812499925494194 0.07777778059244156
6 0.6708333492279053 0.9583333134651184 0.02187499962747097 0.0833333358168602
6 0.6182291507720947 0.5351851582527161 0.00937500037252903 0.04814814776182175
8 0.5377604365348816 0.12314815074205399 0.0015625000232830644 0.012962962500751019
8 0.5432291626930237 0.08148147910833359 0.0010416667209938169 0.009259259328246117
7 0.5325520634651184 0.16527777910232544 0.004687500186264515 0.015740741044282913
8 0.5565103888511658 0.0902777761220932 0.004687500186264515 0.008333333767950535
7 0.5393229126930237 0.11249999701976776 0.0026041667442768812 0.012037036940455437
1 0.5434895753860474 0.08657407760620117 0.00572916679084301 0.008333333767950535
1 0.534375011920929 0.15000000596046448 0.008333333767950535 0.01666666753590107
7 0.4221354126930237 0.9657407402992249 0.03697916492819786 0.06851851940155029
2 0.5526041388511658 0.09398148208856583 0.010416666977107525 0.03055555559694767
0 0.5684896111488342 0.20601852238178253 0.0026041667442768812 0.013888888992369175
0 0.3723958432674408 0.7347221970558167 0.01354166679084301 0.05648148059844971
0 0.5640624761581421 0.07916666567325592 0.0010416667209938169 0.008333333767950535
0 0.5171874761581421 0.14814814925193787 0.0020833334419876337 0.014814814552664757
0 0.582812488079071 0.28101852536201477 0.004166666883975267 0.026851851493120193
0 0.5151041746139526 0.15416666865348816 0.0020833334419876337 0.015740741044282913
0 0.5372396111488342 0.09675925970077515 0.0015625000232830644 0.010185184888541698
0 0.51953125 0.125 0.0015625000232830644 0.012962962500751019
0 0.5317708253860474 0.07592592388391495 0.0010416667209938169 0.009259259328246117
0 0.5299479365348816 0.09768518805503845 0.0015625000232830644 0.010185184888541698
0 0.5276041626930237 0.09305555373430252 0.0010416667209938169 0.010185184888541698
0 0.45390623807907104 0.4078703820705414 0.00572916679084301 0.03611111268401146
0 0.5348958373069763 0.06805555522441864 0.0010416667209938169 0.008333333767950535
