6 0.6528645753860474 0.792129635810852 0.02552083320915699 0.07129629701375961
6 0.6658853888511658 0.904629647731781 0.01927083358168602 0.09814814478158951
6 0.6226562261581421 0.5143518447875977 0.008854166604578495 0.04537037014961243
8 0.5492187738418579 0.12129629403352737 0.0015625000232830644 0.012962962500751019
8 0.5546875 0.08055555820465088 0.0010416667209938169 0.009259259328246117
7 0.5434895753860474 0.16249999403953552 0.004687500186264515 0.015740741044282913
8 0.5674479007720947 0.08981481194496155 0.004687500186264515 0.009259259328246117
7 0.5505208373069763 0.1111111119389534 0.0031250000465661287 0.011111111380159855
1 0.5549479126930237 0.08611111342906952 0.00572916679084301 0.009259259328246117
1 0.5453125238418579 0.1476851850748062 0.008333333767950535 0.015740741044282913
7 0.4359374940395355 0.918055534362793 0.03229166567325592 0.13425925374031067
2 0.5640624761581421 0.09398148208856583 0.010416666977107525 0.03055555559694767
0 0.5786458253860474 0.20277777314186096 0.0031250000465661287 0.014814814552664757
0 0.3882812559604645 0.6870370507240295 0.01197916641831398 0.05370370298624039
0 0.33906251192092896 0.9342592358589172 0.01875000074505806 0.05000000074505806
0 0.5755208134651184 0.07870370149612427 0.0010416667209938169 0.009259259328246117
0 0.5283854007720947 0.14629629254341125 0.0015625000232830644 0.014814814552664757
0 0.5916666388511658 0.2750000059604645 0.004166666883975267 0.025925925001502037
0 0.5260416865348816 0.1518518477678299 0.0020833334419876337 0.014814814552664757
0 0.5489583611488342 0.09583333134651184 0.0010416667209938169 0.010185184888541698
0 0.5309895873069763 0.1240740716457367 0.0015625000232830644 0.012962962500751019
0 0.543749988079071 0.0754629597067833 0.0010416667209938169 0.008333333767950535
0 0.5414062738418579 0.09675925970077515 0.0015625000232830644 0.010185184888541698
0 0.5390625 0.09212963283061981 0.0010416667209938169 0.010185184888541698
0 0.46484375 0.39444443583488464 0.00572916679084301 0.035185184329748154
0 0.5463541746139526 0.06759259104728699 0.0010416667209938169 0.007407407276332378
