6 0.6343749761581421 0.8189814686775208 0.01875000074505806 0.08425925672054291
8 0.4950520694255829 0.14305555820465088 0.0015625000232830644 0.015740741044282913
8 0.5005208253860474 0.08842592686414719 0.0010416667209938169 0.010185184888541698
7 0.4906249940395355 0.19490741193294525 0.0052083334885537624 0.01944444514811039
8 0.5210937261581421 0.09814814478158951 0.004687500186264515 0.009259259328246117
7 0.49661457538604736 0.12870369851589203 0.0026041667442768812 0.012962962500751019
1 0.5018228888511658 0.09398148208856583 0.006770833395421505 0.010185184888541698
1 0.49296873807907104 0.16851851344108582 0.008854166604578495 0.018518518656492233
2 0.510937511920929 0.10000000149011612 0.010416666977107525 0.03703703731298447
0 0.534375011920929 0.2439814805984497 0.0031250000465661287 0.015740741044282913
0 0.5223958492279053 0.08425925672054291 0.0010416667209938169 0.009259259328246117
0 0.47343748807907104 0.1657407432794571 0.0020833334419876337 0.01666666753590107
0 0.5570312738418579 0.35277777910232544 0.004687500186264515 0.031481482088565826
0 0.47265625 0.17638888955116272 0.0026041667442768812 0.017592592164874077
0 0.524218738079071 0.10092592239379883 0.0015625000232830644 0.011111111380159855
0 0.49140626192092896 0.10462962836027145 0.0015625000232830644 0.011111111380159855
0 0.4755208194255829 0.13842593133449554 0.0020833334419876337 0.013888888992369175
0 0.4885416626930237 0.08101851493120193 0.0010416667209938169 0.008333333767950535
0 0.48776042461395264 0.10555555671453476 0.0015625000232830644 0.011111111380159855
0 0.4841145873069763 0.10046296566724777 0.0015625000232830644 0.010185184888541698
0 0.39140623807907104 0.5652777552604675 0.00989583320915699 0.04722222313284874
0 0.4911458194255829 0.07268518209457397 0.0010416667209938169 0.008333333767950535
