6 0.620312511920929 0.7245370149612427 0.014583333395421505 0.07129629701375961
8 0.4976562559604645 0.1379629671573639 0.0015625000232830644 0.014814814552664757
8 0.5026041865348816 0.08657407760620117 0.0010416667209938169 0.010185184888541698
7 0.49296873807907104 0.18703703582286835 0.004687500186264515 0.018518518656492233
8 0.5216146111488342 0.0962962955236435 0.004687500186264515 0.009259259328246117
7 0.49921876192092896 0.1240740716457367 0.0026041667442768812 0.012962962500751019
1 0.50390625 0.09212963283061981 0.006770833395421505 0.010185184888541698
1 0.49531251192092896 0.16342592239379883 0.008333333767950535 0.017592592164874077
2 0.5132812261581421 0.09861110895872116 0.00989583320915699 0.034259259700775146
0 0.53515625 0.23379629850387573 0.0026041667442768812 0.015740741044282913
0 0.5244791507720947 0.0824074074625969 0.0010416667209938169 0.009259259328246117
0 0.4765625 0.1615740805864334 0.0020833334419876337 0.015740741044282913
0 0.555468738079071 0.33194443583488464 0.004687500186264515 0.03055555559694767
0 0.4752604067325592 0.17083333432674408 0.0026041667442768812 0.017592592164874077
0 0.49401041865348816 0.10277777910232544 0.0015625000232830644 0.011111111380159855
0 0.47838541865348816 0.13472221791744232 0.0015625000232830644 0.013888888992369175
0 0.4911458194255829 0.07962962985038757 0.0010416667209938169 0.009259259328246117
0 0.49036458134651184 0.10370370000600815 0.0015625000232830644 0.011111111380159855
0 0.4867187440395355 0.09861110895872116 0.0015625000232830644 0.010185184888541698
0 0.40182292461395264 0.5189814567565918 0.008854166604578495 0.043518517166376114
0 0.4934895932674408 0.07175926119089127 0.0005208333604969084 0.008333333767950535
