6 0.6315104365348816 0.7949073910713196 0.01718750037252903 0.08055555820465088
8 0.4971354305744171 0.14166666567325592 0.0015625000232830644 0.014814814552664757
8 0.5023437738418579 0.08796296268701553 0.0005208333604969084 0.009259259328246117
7 0.4924479126930237 0.19305555522441864 0.004687500186264515 0.01944444514811039
8 0.5223958492279053 0.0972222238779068 0.0052083334885537624 0.009259259328246117
7 0.4984374940395355 0.12777778506278992 0.0031250000465661287 0.012962962500751019
1 0.50390625 0.09351851791143417 0.006770833395421505 0.009259259328246117
1 0.4947916567325592 0.1675925999879837 0.008333333767950535 0.018518518656492233
2 0.5130208134651184 0.09953703731298447 0.010416666977107525 0.03611111268401146
0 0.5356770753860474 0.24166665971279144 0.0026041667442768812 0.01666666753590107
0 0.5239583253860474 0.08425925672054291 0.0010416667209938169 0.009259259328246117
0 0.4755208194255829 0.1648148149251938 0.0020833334419876337 0.01666666753590107
0 0.557812511920929 0.3481481373310089 0.0052083334885537624 0.031481482088565826
0 0.4742187559604645 0.17546296119689941 0.0026041667442768812 0.017592592164874077
0 0.4934895932674408 0.1041666641831398 0.0015625000232830644 0.012037036940455437
0 0.47734373807907104 0.13750000298023224 0.0015625000232830644 0.013888888992369175
0 0.4906249940395355 0.08055555820465088 0.0010416667209938169 0.009259259328246117
0 0.4898437559604645 0.10555555671453476 0.0015625000232830644 0.011111111380159855
0 0.4859375059604645 0.10000000149011612 0.0010416667209938169 0.011111111380159855
0 0.39531248807907104 0.5532407164573669 0.00937500037252903 0.04537037014961243
0 0.49296873807907104 0.07268518209457397 0.0005208333604969084 0.008333333767950535
