6 0.6143229007720947 0.6865741014480591 0.01406249962747097 0.06574074178934097
8 0.49817708134651184 0.13518518209457397 0.0015625000232830644 0.014814814552664757
8 0.5028645992279053 0.08564814925193787 0.0005208333604969084 0.010185184888541698
7 0.4934895932674408 0.18333333730697632 0.004687500186264515 0.018518518656492233
8 0.5205729007720947 0.09537036716938019 0.004687500186264515 0.009259259328246117
7 0.49921876192092896 0.12222222238779068 0.0026041667442768812 0.012962962500751019
1 0.50390625 0.0912037044763565 0.006770833395421505 0.010185184888541698
1 0.49531251192092896 0.16111111640930176 0.008333333767950535 0.018518518656492233
2 0.5132812261581421 0.09814814478158951 0.00989583320915699 0.03333333507180214
0 0.5346354246139526 0.22870370745658875 0.0026041667442768812 0.014814814552664757
0 0.5244791507720947 0.0824074074625969 0.0010416667209938169 0.009259259328246117
0 0.4768229126930237 0.15925925970077515 0.0015625000232830644 0.01666666753590107
0 0.5544270873069763 0.3231481611728668 0.004687500186264515 0.029629629105329514
0 0.4755208194255829 0.16805554926395416 0.0020833334419876337 0.017592592164874077
0 0.4947916567325592 0.10138888657093048 0.0010416667209938169 0.010185184888541698
0 0.4789062440395355 0.13379628956317902 0.0015625000232830644 0.013888888992369175
0 0.4911458194255829 0.07916666567325592 0.0010416667209938169 0.008333333767950535
0 0.49036458134651184 0.10277777910232544 0.0015625000232830644 0.011111111380159855
0 0.4869791567325592 0.09768518805503845 0.0010416667209938169 0.010185184888541698
0 0.40546876192092896 0.49953705072402954 0.0078125 0.0416666679084301
0 0.4937500059604645 0.07083333283662796 0.0010416667209938169 0.008333333767950535
