6 0.6111978888511658 0.6689814925193787 0.013020833022892475 0.06388889253139496
8 0.4976562559604645 0.13425925374031067 0.0015625000232830644 0.014814814552664757
8 0.5023437738418579 0.08518518507480621 0.0005208333604969084 0.009259259328246117
7 0.49296873807907104 0.18101851642131805 0.004687500186264515 0.017592592164874077
8 0.51953125 0.09444444626569748 0.004687500186264515 0.009259259328246117
7 0.4989583194255829 0.12129629403352737 0.0031250000465661287 0.012962962500751019
1 0.503125011920929 0.09074074029922485 0.0062500000931322575 0.009259259328246117
1 0.4950520694255829 0.1597222238779068 0.0078125 0.017592592164874077
2 0.5127604007720947 0.09768518805503845 0.00989583320915699 0.032407406717538834
0 0.5335937738418579 0.22638888657093048 0.0026041667442768812 0.015740741044282913
0 0.5236979126930237 0.08148147910833359 0.0005208333604969084 0.009259259328246117
0 0.4765625 0.15833333134651184 0.0020833334419876337 0.01666666753590107
0 0.5531250238418579 0.3185185194015503 0.004166666883975267 0.029629629105329514
0 0.4752604067325592 0.1666666716337204 0.0026041667442768812 0.01666666753590107
0 0.4945312440395355 0.10092592239379883 0.0015625000232830644 0.011111111380159855
0 0.47864583134651184 0.1328703761100769 0.0020833334419876337 0.013888888992369175
0 0.4906249940395355 0.07870370149612427 0.0010416667209938169 0.009259259328246117
0 0.4898437559604645 0.10185185074806213 0.0015625000232830644 0.011111111380159855
0 0.48645833134651184 0.0972222238779068 0.0010416667209938169 0.011111111380159855
0 0.40677082538604736 0.4902777671813965 0.008333333767950535 0.0416666679084301
0 0.4932291805744171 0.07083333283662796 0.0010416667209938169 0.008333333767950535
