6 0.6078125238418579 0.6509259343147278 0.012500000186264515 0.06111111119389534
8 0.4971354305744171 0.1328703761100769 0.0015625000232830644 0.013888888992369175
8 0.5020833611488342 0.08472222089767456 0.0010416667209938169 0.010185184888541698
7 0.49296873807907104 0.1796296238899231 0.004687500186264515 0.01666666753590107
8 0.5190104246139526 0.09398148208856583 0.004687500186264515 0.008333333767950535
7 0.4984374940395355 0.12037037312984467 0.0031250000465661287 0.012962962500751019
1 0.5028645992279053 0.0902777761220932 0.00572916679084301 0.010185184888541698
1 0.4947916567325592 0.1587962955236435 0.008333333767950535 0.017592592164874077
2 0.5122395753860474 0.0972222238779068 0.00989583320915699 0.031481482088565826
0 0.5330728888511658 0.2240740805864334 0.0026041667442768812 0.014814814552664757
0 0.5234375 0.08148147910833359 0.0010416667209938169 0.009259259328246117
0 0.4763020873069763 0.15694443881511688 0.0015625000232830644 0.015740741044282913
0 0.5520833134651184 0.3134259283542633 0.004166666883975267 0.028703704476356506
0 0.47473958134651184 0.1657407432794571 0.0026041667442768812 0.01666666753590107
0 0.49427083134651184 0.10046296566724777 0.0010416667209938169 0.010185184888541698
0 0.47838541865348816 0.1319444477558136 0.0015625000232830644 0.013888888992369175
0 0.49036458134651184 0.07870370149612427 0.0005208333604969084 0.009259259328246117
0 0.4893229305744171 0.10185185074806213 0.0015625000232830644 0.011111111380159855
0 0.4859375059604645 0.09675925970077515 0.0010416667209938169 0.010185184888541698
0 0.40807291865348816 0.4810185134410858 0.0078125 0.0416666679084301
0 0.49296873807907104 0.07037036865949631 0.0005208333604969084 0.007407407276332378
