4 0.707812488079071 0.08611111342906952 0.07708333432674408 0.029629629105329514
6 0.628125011920929 0.770370364189148 0.01666666753590107 0.07777778059244156
8 0.49817708134651184 0.14027777314186096 0.0015625000232830644 0.015740741044282913
8 0.503125011920929 0.08749999850988388 0.0010416667209938169 0.010185184888541698
7 0.4934895932674408 0.19074073433876038 0.004687500186264515 0.018518518656492233
8 0.522656261920929 0.0972222238779068 0.004687500186264515 0.009259259328246117
7 0.49947917461395264 0.1268518567085266 0.0031250000465661287 0.012962962500751019
1 0.5044270753860474 0.09305555373430252 0.006770833395421505 0.010185184888541698
1 0.49557292461395264 0.1657407432794571 0.008854166604578495 0.018518518656492233
2 0.5138021111488342 0.09953703731298447 0.00989583320915699 0.03611111268401146
0 0.5361979007720947 0.23888888955116272 0.0026041667442768812 0.01666666753590107
0 0.5249999761581421 0.0833333358168602 0.0010416667209938169 0.009259259328246117
0 0.4765625 0.16388888657093048 0.0020833334419876337 0.01666666753590107
0 0.557812511920929 0.34259259700775146 0.0052083334885537624 0.031481482088565826
0 0.4752604067325592 0.1736111044883728 0.0026041667442768812 0.017592592164874077
0 0.5268229246139526 0.10000000149011612 0.0015625000232830644 0.011111111380159855
0 0.49427083134651184 0.10370370000600815 0.0020833334419876337 0.011111111380159855
0 0.47838541865348816 0.13657407462596893 0.0015625000232830644 0.013888888992369175
0 0.49140626192092896 0.08055555820465088 0.0005208333604969084 0.009259259328246117
0 0.4908854067325592 0.10462962836027145 0.0015625000232830644 0.011111111380159855
0 0.4869791567325592 0.09953703731298447 0.0010416667209938169 0.010185184888541698
0 0.39791667461395264 0.5412036776542664 0.00937500037252903 0.04537037014961243
0 0.49401041865348816 0.07222222536802292 0.0005208333604969084 0.007407407276332378
4 0.7080729007720947 0.08611111342906952 0.07656250149011612 0.029629629105329514
