8 0.4854166805744171 0.15555556118488312 0.0020833334419876337 0.01666666753590107
8 0.4911458194255829 0.09212963283061981 0.0010416667209938169 0.010185184888541698
7 0.48046875 0.2152777761220932 0.00572916679084301 0.021296296268701553
8 0.5161458253860474 0.10277777910232544 0.0052083334885537624 0.009259259328246117
7 0.4869791567325592 0.1388888955116272 0.0031250000465661287 0.014814814552664757
1 0.4934895932674408 0.09861110895872116 0.0078125 0.010185184888541698
1 0.4833333194255829 0.18101851642131805 0.00937500037252903 0.021296296268701553
2 0.5023437738418579 0.10555555671453476 0.010937499813735485 0.035185184329748154
0 0.5291666388511658 0.2708333432674408 0.0031250000465661287 0.017592592164874077
0 0.5135416388511658 0.08703703433275223 0.0010416667209938169 0.009259259328246117
0 0.46276041865348816 0.17731481790542603 0.0026041667442768812 0.017592592164874077
0 0.557812511920929 0.4097222089767456 0.0062500000931322575 0.03611111268401146
0 0.4622395932674408 0.19074073433876038 0.0026041667442768812 0.018518518656492233
0 0.514843761920929 0.10555555671453476 0.0015625000232830644 0.011111111380159855
0 0.4807291626930237 0.1101851835846901 0.0020833334419876337 0.011111111380159855
0 0.46484375 0.14629629254341125 0.0015625000232830644 0.014814814552664757
0 0.47864583134651184 0.08425925672054291 0.0010416667209938169 0.009259259328246117
0 0.47838541865348816 0.11064814776182175 0.0015625000232830644 0.012037036940455437
0 0.4742187559604645 0.10462962836027145 0.0015625000232830644 0.011111111380159855
0 0.3583333194255829 0.7050926089286804 0.01354166679084301 0.05462963134050369
0 0.48124998807907104 0.0754629597067833 0.0010416667209938169 0.008333333767950535
