8 0.4828124940395355 0.15694443881511688 0.0020833334419876337 0.017592592164874077
8 0.4880208373069763 0.09305555373430252 0.0010416667209938169 0.010185184888541698
7 0.4778645932674408 0.21805556118488312 0.00572916679084301 0.021296296268701553
8 0.5140625238418579 0.10324074327945709 0.0052083334885537624 0.010185184888541698
7 0.484375 0.1398148089647293 0.0031250000465661287 0.014814814552664757
1 0.4908854067325592 0.09953703731298447 0.0078125 0.010185184888541698
1 0.4807291626930237 0.18287037312984467 0.00937500037252903 0.021296296268701553
2 0.49947917461395264 0.10601852089166641 0.010416666977107525 0.034259259700775146
0 0.5270833373069763 0.27453702688217163 0.0031250000465661287 0.017592592164874077
0 0.510937511920929 0.08796296268701553 0.0010416667209938169 0.009259259328246117
0 0.4598958194255829 0.17824074625968933 0.0020833334419876337 0.017592592164874077
0 0.5565103888511658 0.41712963581085205 0.00572916679084301 0.03611111268401146
0 0.4593749940395355 0.192592591047287 0.0031250000465661287 0.018518518656492233
0 0.5122395753860474 0.10648148506879807 0.0015625000232830644 0.011111111380159855
0 0.4778645932674408 0.11064814776182175 0.0015625000232830644 0.012037036940455437
0 0.4619791805744171 0.14722222089767456 0.0020833334419876337 0.014814814552664757
0 0.47604167461395264 0.08425925672054291 0.0010416667209938169 0.009259259328246117
0 0.4752604067325592 0.1111111119389534 0.0015625000232830644 0.011111111380159855
0 0.4713541567325592 0.10555555671453476 0.0010416667209938169 0.011111111380159855
0 0.35234373807907104 0.7259259223937988 0.01406249962747097 0.0555555559694767
0 0.47864583134651184 0.0763888880610466 0.0010416667209938169 0.008333333767950535
