6 0.6419270634651184 0.8731481432914734 0.02031249925494194 0.09259258955717087
8 0.49296873807907104 0.1458333283662796 0.0015625000232830644 0.015740741044282913
8 0.4984374940395355 0.08935185521841049 0.0010416667209938169 0.010185184888541698
7 0.4885416626930237 0.19953703880310059 0.0052083334885537624 0.01944444514811039
8 0.5200520753860474 0.09907407313585281 0.004687500186264515 0.009259259328246117
7 0.4947916567325592 0.13055555522441864 0.0031250000465661287 0.012962962500751019
1 0.5 0.09490741044282913 0.0072916666977107525 0.010185184888541698
1 0.4908854067325592 0.17083333432674408 0.008854166604578495 0.01944444514811039
2 0.5093749761581421 0.10092592239379883 0.010416666977107525 0.03703703731298447
0 0.5330728888511658 0.24953703582286835 0.0026041667442768812 0.015740741044282913
0 0.520312488079071 0.08518518507480621 0.0010416667209938169 0.009259259328246117
0 0.4713541567325592 0.16851851344108582 0.0020833334419876337 0.01666666753590107
0 0.5572916865348816 0.3638888895511627 0.0052083334885537624 0.03333333507180214
0 0.47057291865348816 0.17916665971279144 0.0026041667442768812 0.017592592164874077
0 0.5221354365348816 0.10185185074806213 0.0015625000232830644 0.011111111380159855
0 0.48906248807907104 0.10555555671453476 0.0020833334419876337 0.011111111380159855
0 0.47317707538604736 0.14027777314186096 0.0015625000232830644 0.013888888992369175
0 0.48645833134651184 0.08148147910833359 0.0010416667209938169 0.009259259328246117
0 0.4856770932674408 0.10648148506879807 0.0015625000232830644 0.011111111380159855
0 0.4820312559604645 0.10138888657093048 0.0015625000232830644 0.010185184888541698
0 0.3854166567325592 0.5907407402992249 0.010416666977107525 0.04814814776182175
0 0.48906248807907104 0.07361111044883728 0.0010416667209938169 0.008333333767950535
