6 0.657031238079071 0.9597222208976746 0.02447916753590107 0.08055555820465088
8 0.4911458194255829 0.15000000596046448 0.0020833334419876337 0.01666666753590107
8 0.49661457538604736 0.0902777761220932 0.0005208333604969084 0.010185184888541698
7 0.48645833134651184 0.20601852238178253 0.0052083334885537624 0.01944444514811039
8 0.51953125 0.10092592239379883 0.004687500186264515 0.009259259328246117
7 0.49270832538604736 0.13425925374031067 0.0031250000465661287 0.012962962500751019
1 0.4984374940395355 0.09675925970077515 0.0072916666977107525 0.010185184888541698
1 0.48880207538604736 0.17546296119689941 0.008854166604578495 0.01944444514811039
2 0.5078125 0.10277777910232544 0.010416666977107525 0.03703703731298447
0 0.5328124761581421 0.25833332538604736 0.0031250000465661287 0.01666666753590107
0 0.518750011920929 0.08611111342906952 0.0010416667209938169 0.009259259328246117
0 0.46875 0.17175926268100739 0.0020833334419876337 0.017592592164874077
0 0.55859375 0.38240739703178406 0.00572916679084301 0.03333333507180214
0 0.46822917461395264 0.18425926566123962 0.0031250000465661287 0.018518518656492233
0 0.5205729007720947 0.10370370000600815 0.0015625000232830644 0.011111111380159855
0 0.4867187440395355 0.10787037014961243 0.0015625000232830644 0.012037036940455437
0 0.47083333134651184 0.14259259402751923 0.0020833334419876337 0.014814814552664757
0 0.484375 0.0824074074625969 0.0010416667209938169 0.009259259328246117
0 0.48385417461395264 0.10833333432674408 0.0010416667209938169 0.011111111380159855
0 0.47994792461395264 0.10277777910232544 0.0015625000232830644 0.011111111380159855
0 0.37552082538604736 0.6347222328186035 0.01145833358168602 0.05092592537403107
0 0.4869791567325592 0.07453703880310059 0.0010416667209938169 0.008333333767950535
