8 0.48828125 0.1527777761220932 0.0015625000232830644 0.01666666753590107
8 0.4937500059604645 0.0912037044763565 0.0010416667209938169 0.010185184888541698
7 0.4833333194255829 0.21064814925193787 0.0052083334885537624 0.021296296268701553
8 0.5177083611488342 0.10185185074806213 0.0052083334885537624 0.009259259328246117
7 0.4895833432674408 0.13657407462596893 0.0031250000465661287 0.013888888992369175
1 0.4958333373069763 0.09768518805503845 0.0072916666977107525 0.010185184888541698
1 0.4859375059604645 0.17777778208255768 0.00937500037252903 0.020370369777083397
2 0.504687488079071 0.1041666641831398 0.010416666977107525 0.03611111268401146
0 0.5307291746139526 0.26435184478759766 0.0031250000465661287 0.017592592164874077
0 0.5161458253860474 0.08657407760620117 0.0010416667209938169 0.010185184888541698
0 0.46562498807907104 0.1745370328426361 0.0020833334419876337 0.017592592164874077
0 0.5580729246139526 0.39537036418914795 0.00572916679084301 0.035185184329748154
0 0.4651041626930237 0.18703703582286835 0.0031250000465661287 0.018518518656492233
0 0.5174478888511658 0.10462962836027145 0.0015625000232830644 0.011111111380159855
0 0.48359376192092896 0.10879629850387573 0.0015625000232830644 0.012037036940455437
0 0.4677083194255829 0.14444445073604584 0.0020833334419876337 0.014814814552664757
0 0.4815104305744171 0.0833333358168602 0.0015625000232830644 0.009259259328246117
0 0.48098957538604736 0.10925926268100739 0.0015625000232830644 0.011111111380159855
0 0.4768229126930237 0.10370370000600815 0.0015625000232830644 0.011111111380159855
0 0.3671875 0.6675925850868225 0.012500000186264515 0.051851850003004074
0 0.48385417461395264 0.07500000298023224 0.0010416667209938169 0.009259259328246117
