8 0.4713541567325592 0.16805554926395416 0.0020833334419876337 0.017592592164874077
8 0.4776041805744171 0.0962962955236435 0.0010416667209938169 0.011111111380159855
7 0.4658854305744171 0.23796296119689941 0.006770833395421505 0.024074073880910873
7 0.47317707538604736 0.14814814925193787 0.0036458333488553762 0.014814814552664757
1 0.48098957538604736 0.10324074327945709 0.008854166604578495 0.010185184888541698
1 0.46927082538604736 0.1953703761100769 0.010416666977107525 0.02222222276031971
2 0.48906248807907104 0.10925926268100739 0.01145833358168602 0.035185184329748154
0 0.5197916626930237 0.3004629611968994 0.0031250000465661287 0.01944444514811039
0 0.5010416507720947 0.0902777761220932 0.0010416667209938169 0.010185184888541698
0 0.4476562440395355 0.1884259283542633 0.0026041667442768812 0.01944444514811039
0 0.5557291507720947 0.47685185074806213 0.0072916666977107525 0.040740739554166794
0 0.4476562440395355 0.20555555820465088 0.0036458333488553762 0.020370369777083397
0 0.5018228888511658 0.11064814776182175 0.0015625000232830644 0.012037036940455437
0 0.4664062559604645 0.11527777463197708 0.0015625000232830644 0.012037036940455437
0 0.44999998807907104 0.1546296328306198 0.0020833334419876337 0.014814814552664757
0 0.4651041626930237 0.08703703433275223 0.0010416667209938169 0.009259259328246117
0 0.4645833373069763 0.11527777463197708 0.0020833334419876337 0.012037036940455437
0 0.46015626192092896 0.10925926268100739 0.0015625000232830644 0.011111111380159855
0 0.30859375 0.9055555462837219 0.02031249925494194 0.06481481343507767
0 0.4677083194255829 0.07824073731899261 0.0010416667209938169 0.008333333767950535
