8 0.47968751192092896 0.1587962955236435 0.0020833334419876337 0.017592592164874077
8 0.4854166805744171 0.09305555373430252 0.0010416667209938169 0.010185184888541698
7 0.47473958134651184 0.22083333134651184 0.00572916679084301 0.021296296268701553
8 0.51171875 0.10370370000600815 0.004687500186264515 0.009259259328246117
7 0.48124998807907104 0.14120370149612427 0.0031250000465661287 0.013888888992369175
1 0.4880208373069763 0.10000000149011612 0.008333333767950535 0.011111111380159855
1 0.4776041805744171 0.18472221493721008 0.00937500037252903 0.021296296268701553
2 0.49661457538604736 0.10694444179534912 0.010937499813735485 0.034259259700775146
0 0.5244791507720947 0.2777777910232544 0.0031250000465661287 0.018518518656492233
0 0.5080729126930237 0.08796296268701553 0.0015625000232830644 0.009259259328246117
0 0.4567708373069763 0.18009258806705475 0.0020833334419876337 0.017592592164874077
0 0.5552083253860474 0.42500001192092896 0.0062500000931322575 0.03703703731298447
0 0.45651042461395264 0.19490741193294525 0.0026041667442768812 0.01944444514811039
0 0.5096353888511658 0.10694444179534912 0.0015625000232830644 0.012037036940455437
0 0.4749999940395355 0.11157407611608505 0.0020833334419876337 0.012037036940455437
0 0.45885416865348816 0.14861111342906952 0.0020833334419876337 0.015740741044282913
0 0.4729166626930237 0.08518518507480621 0.0010416667209938169 0.009259259328246117
0 0.47265625 0.11157407611608505 0.0015625000232830644 0.012037036940455437
0 0.4684895873069763 0.10601852089166641 0.0015625000232830644 0.012037036940455437
0 0.34557291865348816 0.7486110925674438 0.015104166232049465 0.05648148059844971
0 0.4755208194255829 0.0763888880610466 0.0010416667209938169 0.008333333767950535
