8 0.4713541567325592 0.16944444179534912 0.0020833334419876337 0.018518518656492233
8 0.4776041805744171 0.09675925970077515 0.0010416667209938169 0.010185184888541698
7 0.46562498807907104 0.24074074625968933 0.0062500000931322575 0.024074073880910873
7 0.47317707538604736 0.14953704178333282 0.0036458333488553762 0.015740741044282913
1 0.4815104305744171 0.10370370000600815 0.008854166604578495 0.011111111380159855
1 0.46927082538604736 0.19675925374031067 0.010416666977107525 0.023148147389292717
2 0.4893229305744171 0.1101851835846901 0.010937499813735485 0.035185184329748154
0 0.5200520753860474 0.30416667461395264 0.0036458333488553762 0.01944444514811039
0 0.5010416507720947 0.09074074029922485 0.0010416667209938169 0.009259259328246117
0 0.4476562440395355 0.18981482088565826 0.0026041667442768812 0.018518518656492233
0 0.5570312738418579 0.48657408356666565 0.006770833395421505 0.0416666679084301
0 0.44739583134651184 0.2074074000120163 0.0031250000465661287 0.020370369777083397
0 0.5018228888511658 0.11157407611608505 0.0015625000232830644 0.012037036940455437
0 0.4661458432674408 0.11620370298624039 0.0020833334419876337 0.012037036940455437
0 0.44999998807907104 0.15555556118488312 0.0020833334419876337 0.014814814552664757
0 0.4651041626930237 0.08749999850988388 0.0010416667209938169 0.010185184888541698
0 0.4645833373069763 0.11620370298624039 0.0020833334419876337 0.012037036940455437
0 0.46015626192092896 0.10972221940755844 0.0015625000232830644 0.012037036940455437
0 0.3023437559604645 0.9356481432914734 0.02135416679084301 0.06574074178934097
0 0.4677083194255829 0.07870370149612427 0.0010416667209938169 0.009259259328246117
