8 0.47317707538604736 0.16527777910232544 0.0015625000232830644 0.017592592164874077
8 0.4791666567325592 0.09537036716938019 0.0010416667209938169 0.011111111380159855
7 0.4677083194255829 0.23194444179534912 0.0062500000931322575 0.023148147389292717
7 0.47473958134651184 0.14629629254341125 0.0036458333488553762 0.014814814552664757
1 0.48229166865348816 0.10185185074806213 0.008333333767950535 0.011111111380159855
1 0.4710937440395355 0.19166666269302368 0.00989583320915699 0.02222222276031971
2 0.49036458134651184 0.10879629850387573 0.010937499813735485 0.034259259700775146
0 0.520312488079071 0.2925925850868225 0.0031250000465661287 0.018518518656492233
0 0.5020833611488342 0.08935185521841049 0.0010416667209938169 0.010185184888541698
0 0.44973957538604736 0.1856481432914734 0.0026041667442768812 0.017592592164874077
0 0.5544270873069763 0.4583333432674408 0.006770833395421505 0.03888889029622078
0 0.4494791626930237 0.20185184478759766 0.0031250000465661287 0.020370369777083397
0 0.503125011920929 0.10925926268100739 0.0020833334419876337 0.011111111380159855
0 0.46822917461395264 0.11435185372829437 0.0020833334419876337 0.012037036940455437
0 0.4520833194255829 0.15231481194496155 0.0020833334419876337 0.015740741044282913
0 0.46666666865348816 0.08611111342906952 0.0010416667209938169 0.009259259328246117
0 0.4661458432674408 0.11435185372829437 0.0020833334419876337 0.012037036940455437
0 0.46171873807907104 0.10833333432674408 0.0015625000232830644 0.011111111380159855
0 0.32109373807907104 0.8481481671333313 0.01822916604578495 0.06111111119389534
0 0.46875 0.07777778059244156 0.0010416667209938169 0.009259259328246117
