8 0.4713541567325592 0.17129629850387573 0.0020833334419876337 0.018518518656492233
8 0.4776041805744171 0.0972222238779068 0.0010416667209938169 0.011111111380159855
7 0.46536457538604736 0.2439814805984497 0.006770833395421505 0.02500000037252903
7 0.47317707538604736 0.1509259194135666 0.0036458333488553762 0.014814814552664757
1 0.4815104305744171 0.10462962836027145 0.008854166604578495 0.011111111380159855
1 0.46927082538604736 0.19861111044883728 0.010416666977107525 0.023148147389292717
2 0.4893229305744171 0.11064814776182175 0.010937499813735485 0.03611111268401146
0 0.520312488079071 0.3083333373069763 0.0031250000465661287 0.020370369777083397
0 0.5010416507720947 0.0912037044763565 0.0010416667209938169 0.010185184888541698
0 0.44713541865348816 0.19120369851589203 0.0026041667442768812 0.01944444514811039
0 0.5583333373069763 0.4962962865829468 0.0072916666977107525 0.04259259253740311
0 0.44713541865348816 0.20972222089767456 0.0036458333488553762 0.021296296268701553
0 0.5018228888511658 0.11157407611608505 0.0015625000232830644 0.012037036940455437
0 0.4661458432674408 0.11712963134050369 0.0020833334419876337 0.012037036940455437
0 0.44999998807907104 0.15694443881511688 0.0020833334419876337 0.015740741044282913
0 0.4651041626930237 0.08796296268701553 0.0010416667209938169 0.009259259328246117
0 0.46484375 0.11620370298624039 0.0015625000232830644 0.012037036940455437
0 0.46015626192092896 0.1101851835846901 0.0015625000232830644 0.011111111380159855
0 0.29505208134651184 0.9680555462837219 0.02239583246409893 0.06388889253139496
0 0.4677083194255829 0.07916666567325592 0.0010416667209938169 0.008333333767950535
