8 0.46875 0.1893518567085266 0.0020833334419876337 0.01944444514811039
8 0.4765625 0.10277777910232544 0.0010416667209938169 0.011111111380159855
7 0.4606770873069763 0.28101852536201477 0.0078125 0.028703704476356506
7 0.47083333134651184 0.16527777910232544 0.004166666883975267 0.017592592164874077
1 0.48229166865348816 0.11064814776182175 0.010416666977107525 0.012037036940455437
1 0.4661458432674408 0.21990740299224854 0.01145833358168602 0.02500000037252903
2 0.4885416626930237 0.11666666716337204 0.01145833358168602 0.03888889029622078
0 0.5236979126930237 0.3583333194255829 0.0036458333488553762 0.02222222276031971
0 0.5010416507720947 0.09490741044282913 0.0010416667209938169 0.010185184888541698
0 0.4424479305744171 0.20787036418914795 0.0026041667442768812 0.01944444514811039
0 0.5747395753860474 0.6337962746620178 0.00989583320915699 0.05092592537403107
0 0.4429687559604645 0.23194444179534912 0.0036458333488553762 0.023148147389292717
0 0.500781238079071 0.11851851642131805 0.0015625000232830644 0.012962962500751019
0 0.4625000059604645 0.1240740716457367 0.0020833334419876337 0.012962962500751019
0 0.4463541805744171 0.16805554926395416 0.0020833334419876337 0.017592592164874077
0 0.4635416567325592 0.09166666865348816 0.0010416667209938169 0.009259259328246117
0 0.4651041626930237 0.12314815074205399 0.0020833334419876337 0.012962962500751019
0 0.4580729305744171 0.11620370298624039 0.0015625000232830644 0.012037036940455437
0 0.4661458432674408 0.08287037163972855 0.0010416667209938169 0.008333333767950535
