8 0.4700520932674408 0.18009258806705475 0.0026041667442768812 0.01944444514811039
8 0.47708332538604736 0.10000000149011612 0.0010416667209938169 0.011111111380159855
7 0.4632812440395355 0.2611111104488373 0.006770833395421505 0.025925925001502037
7 0.47213542461395264 0.1578703671693802 0.0036458333488553762 0.015740741044282913
1 0.4817708432674408 0.10740740597248077 0.00937500037252903 0.011111111380159855
1 0.4674479067325592 0.2083333283662796 0.010937499813735485 0.024074073880910873
2 0.48906248807907104 0.11342592537403107 0.01145833358168602 0.037962961941957474
0 0.5221354365348816 0.33101850748062134 0.0036458333488553762 0.021296296268701553
0 0.5010416507720947 0.09305555373430252 0.0010416667209938169 0.010185184888541698
0 0.4450520873069763 0.19953703880310059 0.0026041667442768812 0.01944444514811039
0 0.565625011920929 0.5564814805984497 0.008333333767950535 0.046296294778585434
0 0.4453125 0.2203703671693802 0.0031250000465661287 0.02222222276031971
0 0.5013020634651184 0.11527777463197708 0.0015625000232830644 0.012037036940455437
0 0.46406251192092896 0.12037037312984467 0.0020833334419876337 0.012962962500751019
0 0.4481770694255829 0.16203702986240387 0.0026041667442768812 0.01666666753590107
0 0.46432292461395264 0.08981481194496155 0.0015625000232830644 0.009259259328246117
0 0.4645833373069763 0.11944444477558136 0.0020833334419876337 0.012962962500751019
0 0.45911458134651184 0.11342592537403107 0.0015625000232830644 0.012037036940455437
0 0.46692708134651184 0.08101851493120193 0.0015625000232830644 0.008333333767950535
