8 0.4658854305744171 0.21111111342906952 0.0026041667442768812 0.02222222276031971
8 0.4752604067325592 0.10879629850387573 0.0015625000232830644 0.012037036940455437
7 0.4546875059604645 0.32870370149612427 0.00937500037252903 0.03333333507180214
7 0.4684895873069763 0.18287037312984467 0.004687500186264515 0.01944444514811039
1 0.48385417461395264 0.11759259551763535 0.01145833358168602 0.012962962500751019
1 0.4622395932674408 0.24722221493721008 0.013020833022892475 0.029629629105329514
2 0.4880208373069763 0.12361110746860504 0.012500000186264515 0.0416666679084301
0 0.528124988079071 0.42500001192092896 0.0052083334885537624 0.025925925001502037
0 0.5010416507720947 0.09953703731298447 0.0010416667209938169 0.010185184888541698
0 0.43697917461395264 0.22685185074806213 0.0031250000465661287 0.02222222276031971
0 0.602343738079071 0.8657407164573669 0.015104166232049465 0.06296296417713165
0 0.4372395873069763 0.2587963044643402 0.0036458333488553762 0.02500000037252903
0 0.45885416865348816 0.1328703761100769 0.0020833334419876337 0.013888888992369175
0 0.4424479305744171 0.18101851642131805 0.0026041667442768812 0.017592592164874077
0 0.4622395932674408 0.09583333134651184 0.0015625000232830644 0.010185184888541698
0 0.46562498807907104 0.130092591047287 0.0020833334419876337 0.013888888992369175
0 0.4559895694255829 0.12222222238779068 0.0015625000232830644 0.012962962500751019
0 0.4651041626930237 0.08703703433275223 0.0010416667209938169 0.009259259328246117
