8 0.46692708134651184 0.20185184478759766 0.0026041667442768812 0.02222222276031971
8 0.47578126192092896 0.10648148506879807 0.0015625000232830644 0.011111111380159855
7 0.4572916626930237 0.307407408952713 0.008333333767950535 0.031481482088565826
7 0.46927082538604736 0.17546296119689941 0.004166666883975267 0.017592592164874077
1 0.4833333194255829 0.11435185372829437 0.01145833358168602 0.012037036940455437
1 0.46406251192092896 0.2351851910352707 0.012500000186264515 0.02777777798473835
2 0.48828125 0.12037037312984467 0.01197916641831398 0.040740739554166794
0 0.5263020992279053 0.3958333432674408 0.004687500186264515 0.02500000037252903
0 0.5010416507720947 0.09768518805503845 0.0010416667209938169 0.010185184888541698
0 0.4390625059604645 0.21898147463798523 0.0031250000465661287 0.021296296268701553
0 0.589062511920929 0.7555555701255798 0.012500000186264515 0.05740740895271301
0 0.43958333134651184 0.24768517911434174 0.0031250000465661287 0.023148147389292717
0 0.46041667461395264 0.12916666269302368 0.0020833334419876337 0.013888888992369175
0 0.4440104067325592 0.17546296119689941 0.0026041667442768812 0.017592592164874077
0 0.46276041865348816 0.09398148208856583 0.0015625000232830644 0.010185184888541698
0 0.4651041626930237 0.12731482088565826 0.0020833334419876337 0.013888888992369175
0 0.45703125 0.11990740895271301 0.0015625000232830644 0.012037036940455437
0 0.46562498807907104 0.08518518507480621 0.0010416667209938169 0.009259259328246117
