8 0.46536457538604736 0.2134259194135666 0.0026041667442768812 0.023148147389292717
8 0.4752604067325592 0.10972221940755844 0.0015625000232830644 0.012037036940455437
7 0.4541666805744171 0.3342592716217041 0.00937500037252903 0.035185184329748154
7 0.46822917461395264 0.18472221493721008 0.004166666883975267 0.01944444514811039
1 0.4841145873069763 0.11851851642131805 0.01197916641831398 0.012962962500751019
1 0.4619791805744171 0.25046294927597046 0.01354166679084301 0.03055555559694767
2 0.4880208373069763 0.12453703582286835 0.012500000186264515 0.0416666679084301
0 0.5286458134651184 0.43287035822868347 0.0052083334885537624 0.026851851493120193
0 0.5010416507720947 0.10000000149011612 0.0010416667209938169 0.011111111380159855
0 0.4361979067325592 0.22870370745658875 0.0036458333488553762 0.02222222276031971
0 0.606249988079071 0.8981481194496155 0.015625 0.06481481343507767
0 0.4364583194255829 0.2620370388031006 0.004166666883975267 0.024074073880910873
0 0.45885416865348816 0.13379628956317902 0.0020833334419876337 0.013888888992369175
0 0.44192707538604736 0.18194444477558136 0.0026041667442768812 0.017592592164874077
0 0.4619791805744171 0.0962962955236435 0.0010416667209938169 0.011111111380159855
0 0.46562498807907104 0.1310185194015503 0.0020833334419876337 0.013888888992369175
0 0.4559895694255829 0.12314815074205399 0.0015625000232830644 0.012962962500751019
0 0.4645833373069763 0.08703703433275223 0.0010416667209938169 0.009259259328246117
