8 0.4622395932674408 0.2351851910352707 0.0026041667442768812 0.025925925001502037
8 0.4742187559604645 0.11527777463197708 0.0015625000232830644 0.012037036940455437
7 0.44739583134651184 0.38842591643333435 0.01145833358168602 0.0416666679084301
7 0.46562498807907104 0.20185184478759766 0.0052083334885537624 0.020370369777083397
1 0.4856770932674408 0.1240740716457367 0.013020833022892475 0.012962962500751019
1 0.45755207538604736 0.28101852536201477 0.015104166232049465 0.034259259700775146
2 0.4872395694255829 0.13148148357868195 0.013020833022892475 0.04259259253740311
0 0.5338541865348816 0.5111111402511597 0.0062500000931322575 0.031481482088565826
0 0.5013020634651184 0.10370370000600815 0.0015625000232830644 0.011111111380159855
0 0.4307291805744171 0.24722221493721008 0.0031250000465661287 0.024074073880910873
0 0.43046873807907104 0.28935185074806213 0.0036458333488553762 0.026851851493120193
0 0.45625001192092896 0.14120370149612427 0.0020833334419876337 0.013888888992369175
0 0.4385416805744171 0.19398148357868195 0.0031250000465661287 0.01944444514811039
0 0.4606770873069763 0.10000000149011612 0.0015625000232830644 0.011111111380159855
0 0.46562498807907104 0.13842593133449554 0.0020833334419876337 0.013888888992369175
0 0.45390623807907104 0.12870369851589203 0.0015625000232830644 0.012962962500751019
0 0.4635416567325592 0.09074074029922485 0.0010416667209938169 0.009259259328246117
