8 0.46484375 0.2162037044763565 0.0026041667442768812 0.023148147389292717
8 0.4749999940395355 0.11064814776182175 0.0010416667209938169 0.012037036940455437
7 0.4533854126930237 0.3402777910232544 0.00989583320915699 0.03611111268401146
7 0.46796876192092896 0.1865740716457367 0.004687500186264515 0.01944444514811039
1 0.4841145873069763 0.11898148059844971 0.01197916641831398 0.012037036940455437
1 0.46145832538604736 0.2541666626930237 0.01354166679084301 0.03055555559694767
2 0.4880208373069763 0.12546296417713165 0.012500000186264515 0.0416666679084301
0 0.5291666388511658 0.4416666626930237 0.0052083334885537624 0.02777777798473835
0 0.5010416507720947 0.10046296566724777 0.0010416667209938169 0.010185184888541698
0 0.43541666865348816 0.23101851344108582 0.0031250000465661287 0.023148147389292717
0 0.6104166507720947 0.9342592358589172 0.01666666753590107 0.06666667014360428
0 0.43567708134651184 0.26527777314186096 0.0036458333488553762 0.02500000037252903
0 0.4583333432674408 0.13472221791744232 0.0020833334419876337 0.013888888992369175
0 0.44192707538604736 0.18333333730697632 0.0026041667442768812 0.018518518656492233
0 0.4619791805744171 0.09675925970077515 0.0010416667209938169 0.010185184888541698
0 0.46562498807907104 0.1319444477558136 0.0020833334419876337 0.013888888992369175
0 0.4554687440395355 0.1240740716457367 0.0015625000232830644 0.012962962500751019
0 0.4645833373069763 0.08749999850988388 0.0010416667209938169 0.010185184888541698
