8 0.4638020694255829 0.2240740805864334 0.0026041667442768812 0.024074073880910873
8 0.47473958134651184 0.11249999701976776 0.0015625000232830644 0.012037036940455437
7 0.45104166865348816 0.35972222685813904 0.010416666977107525 0.037962961941957474
7 0.46692708134651184 0.19305555522441864 0.004687500186264515 0.01944444514811039
1 0.48489582538604736 0.12129629403352737 0.012500000186264515 0.012962962500751019
1 0.4598958194255829 0.26527777314186096 0.014583333395421505 0.032407406717538834
2 0.48750001192092896 0.12824073433876038 0.012500000186264515 0.0416666679084301
0 0.53125 0.46898147463798523 0.0052083334885537624 0.028703704476356506
0 0.5010416507720947 0.10185185074806213 0.0010416667209938169 0.011111111380159855
0 0.43359375 0.23749999701976776 0.0036458333488553762 0.023148147389292717
0 0.43359375 0.2750000059604645 0.0036458333488553762 0.025925925001502037
0 0.45781248807907104 0.13703703880310059 0.0020833334419876337 0.014814814552664757
0 0.4403645694255829 0.18796296417713165 0.0026041667442768812 0.018518518656492233
0 0.46145832538604736 0.09814814478158951 0.0010416667209938169 0.011111111380159855
0 0.46562498807907104 0.13472221791744232 0.0020833334419876337 0.013888888992369175
0 0.45494791865348816 0.1259259283542633 0.0015625000232830644 0.012962962500751019
0 0.46406251192092896 0.08888889104127884 0.0010416667209938169 0.009259259328246117
