8 0.45703125 0.27222222089767456 0.0036458333488553762 0.029629629105329514
8 0.47265625 0.12453703582286835 0.0015625000232830644 0.013888888992369175
7 0.43359375 0.4972222149372101 0.015104166232049465 0.0555555559694767
7 0.46145832538604736 0.23055554926395416 0.0062500000931322575 0.024074073880910873
1 0.48776042461395264 0.13379628956317902 0.01406249962747097 0.013888888992369175
1 0.4507812559604645 0.33287036418914795 0.01822916604578495 0.0416666679084301
2 0.48619791865348816 0.14166666567325592 0.01406249962747097 0.046296294778585434
0 0.5445312261581421 0.6740740537643433 0.0078125 0.03888889029622078
0 0.5015624761581421 0.10972221940755844 0.0010416667209938169 0.012037036940455437
0 0.42109376192092896 0.2768518626689911 0.004687500186264515 0.025925925001502037
0 0.4203124940395355 0.3375000059604645 0.0052083334885537624 0.03055555559694767
0 0.49791666865348816 0.14351852238178253 0.0020833334419876337 0.014814814552664757
0 0.45260417461395264 0.1527777761220932 0.0020833334419876337 0.014814814552664757
0 0.43281251192092896 0.21296297013759613 0.0031250000465661287 0.020370369777083397
0 0.45885416865348816 0.10555555671453476 0.0010416667209938169 0.011111111380159855
0 0.4661458432674408 0.14861111342906952 0.0020833334419876337 0.015740741044282913
0 0.45104166865348816 0.13750000298023224 0.0020833334419876337 0.013888888992369175
0 0.46171873807907104 0.09583333134651184 0.0015625000232830644 0.010185184888541698
