8 0.45651042461395264 0.27638888359069824 0.0036458333488553762 0.03055555559694767
8 0.47213542461395264 0.12546296417713165 0.0015625000232830644 0.013888888992369175
7 0.4322916567325592 0.510185182094574 0.015625 0.05740740895271301
7 0.4611979126930237 0.23333333432674408 0.00572916679084301 0.024074073880910873
1 0.4880208373069763 0.13425925374031067 0.014583333395421505 0.014814814552664757
1 0.44999998807907104 0.33796295523643494 0.01875000074505806 0.04259259253740311
2 0.48619791865348816 0.14259259402751923 0.01406249962747097 0.046296294778585434
0 0.5458333492279053 0.6944444179534912 0.008333333767950535 0.03888889029622078
0 0.5015624761581421 0.1101851835846901 0.0010416667209938169 0.011111111380159855
0 0.42005208134651184 0.28009259700775146 0.004687500186264515 0.026851851493120193
0 0.4192708432674408 0.34259259700775146 0.0052083334885537624 0.031481482088565826
0 0.49791666865348816 0.14444445073604584 0.0020833334419876337 0.014814814552664757
0 0.4520833194255829 0.15416666865348816 0.0020833334419876337 0.015740741044282913
0 0.4322916567325592 0.2152777761220932 0.0031250000465661287 0.021296296268701553
0 0.4585937559604645 0.10555555671453476 0.0015625000232830644 0.011111111380159855
0 0.4661458432674408 0.14953704178333282 0.0020833334419876337 0.015740741044282913
0 0.45104166865348816 0.13842593133449554 0.0020833334419876337 0.013888888992369175
0 0.46171873807907104 0.0962962955236435 0.0015625000232830644 0.011111111380159855
