8 0.46041667461395264 0.24768517911434174 0.0031250000465661287 0.026851851493120193
8 0.4736979305744171 0.11851851642131805 0.0015625000232830644 0.012962962500751019
7 0.44322916865348816 0.4217592477798462 0.012500000186264515 0.04537037014961243
7 0.46406251192092896 0.21157407760620117 0.0052083334885537624 0.021296296268701553
1 0.48619791865348816 0.12731482088565826 0.013020833022892475 0.013888888992369175
1 0.4554687440395355 0.2986111044883728 0.01614583283662796 0.037962961941957474
2 0.4869791567325592 0.13472221791744232 0.01354166679084301 0.043518517166376114
0 0.5372396111488342 0.5606481432914734 0.006770833395421505 0.034259259700775146
0 0.5013020634651184 0.10601852089166641 0.0015625000232830644 0.012037036940455437
0 0.42760416865348816 0.25740739703178406 0.004166666883975267 0.024074073880910873
0 0.4270833432674408 0.30509260296821594 0.004166666883975267 0.028703704476356506
0 0.45494791865348816 0.14537036418914795 0.0026041667442768812 0.014814814552664757
0 0.43671876192092896 0.2004629671573639 0.0026041667442768812 0.01944444514811039
0 0.46015626192092896 0.10185185074806213 0.0015625000232830644 0.011111111380159855
0 0.4658854305744171 0.14166666567325592 0.0026041667442768812 0.014814814552664757
0 0.4528645873069763 0.1319444477558136 0.0015625000232830644 0.013888888992369175
0 0.46302083134651184 0.09212963283061981 0.0010416667209938169 0.010185184888541698
