8 0.4598958194255829 0.2509259283542633 0.0031250000465661287 0.02777777798473835
8 0.47343748807907104 0.11944444477558136 0.0010416667209938169 0.012962962500751019
7 0.44192707538604736 0.4314814805984497 0.013020833022892475 0.046296294778585434
7 0.46406251192092896 0.21388888359069824 0.0052083334885537624 0.02222222276031971
1 0.48645833134651184 0.12824073433876038 0.01354166679084301 0.013888888992369175
1 0.4546875059604645 0.30324074625968933 0.01666666753590107 0.037962961941957474
2 0.4869791567325592 0.13564814627170563 0.01354166679084301 0.043518517166376114
0 0.5380208492279053 0.5736111402511597 0.0072916666977107525 0.034259259700775146
0 0.5013020634651184 0.10648148506879807 0.0015625000232830644 0.011111111380159855
0 0.42656248807907104 0.2597222328186035 0.004166666883975267 0.02500000037252903
0 0.42630207538604736 0.3097222149372101 0.004687500186264515 0.028703704476356506
0 0.4546875059604645 0.14629629254341125 0.0020833334419876337 0.014814814552664757
0 0.4361979067325592 0.2023148089647293 0.0026041667442768812 0.01944444514811039
0 0.4598958194255829 0.10231481492519379 0.0010416667209938169 0.010185184888541698
0 0.4658854305744171 0.14259259402751923 0.0026041667442768812 0.014814814552664757
0 0.45260417461395264 0.1328703761100769 0.0020833334419876337 0.013888888992369175
0 0.46276041865348816 0.09305555373430252 0.0015625000232830644 0.010185184888541698
