8 0.4585937559604645 0.26157405972480774 0.0036458333488553762 0.028703704476356506
8 0.4729166626930237 0.12175925821065903 0.0010416667209938169 0.013888888992369175
7 0.43802082538604736 0.4625000059604645 0.01354166679084301 0.05092592537403107
7 0.46276041865348816 0.22175925970077515 0.00572916679084301 0.023148147389292717
1 0.4869791567325592 0.1310185194015503 0.01354166679084301 0.013888888992369175
1 0.45260417461395264 0.31805557012557983 0.01770833320915699 0.03981481492519379
2 0.4867187440395355 0.13842593133449554 0.01406249962747097 0.04537037014961243
0 0.5411458611488342 0.6203703880310059 0.0072916666977107525 0.03703703731298447
0 0.5013020634651184 0.10833333432674408 0.0015625000232830644 0.011111111380159855
0 0.42395833134651184 0.26851850748062134 0.004166666883975267 0.025925925001502037
0 0.4231770932674408 0.3231481611728668 0.004687500186264515 0.029629629105329514
0 0.4984374940395355 0.14074073731899261 0.0020833334419876337 0.014814814552664757
0 0.45364582538604736 0.14953704178333282 0.0020833334419876337 0.015740741044282913
0 0.43437498807907104 0.2074074000120163 0.0031250000465661287 0.020370369777083397
0 0.4593749940395355 0.10370370000600815 0.0010416667209938169 0.011111111380159855
0 0.4658854305744171 0.14537036418914795 0.0026041667442768812 0.014814814552664757
0 0.4520833194255829 0.13472221791744232 0.0020833334419876337 0.013888888992369175
0 0.4622395932674408 0.09398148208856583 0.0015625000232830644 0.010185184888541698
