8 0.45260417461395264 0.302314817905426 0.004166666883975267 0.032407406717538834
8 0.4710937440395355 0.1310185194015503 0.0015625000232830644 0.013888888992369175
7 0.4205729067325592 0.6032407283782959 0.01927083358168602 0.07129629701375961
7 0.4583333432674408 0.25231480598449707 0.0062500000931322575 0.026851851493120193
1 0.4893229305744171 0.1398148089647293 0.015104166232049465 0.014814814552664757
1 0.44479167461395264 0.37453705072402954 0.02083333395421505 0.05092592537403107
2 0.4856770932674408 0.14861111342906952 0.015104166232049465 0.049074072390794754
0 0.5557291507720947 0.8458333611488342 0.010416666977107525 0.04537037014961243
0 0.5015624761581421 0.11342592537403107 0.0010416667209938169 0.012037036940455437
0 0.4138020873069763 0.30000001192092896 0.004687500186264515 0.02777777798473835
0 0.41223958134651184 0.37638887763023376 0.00572916679084301 0.034259259700775146
0 0.4971354305744171 0.1509259194135666 0.0026041667442768812 0.014814814552664757
0 0.44973957538604736 0.1615740805864334 0.0026041667442768812 0.015740741044282913
0 0.4286458194255829 0.2273148149251938 0.0031250000465661287 0.021296296268701553
0 0.45755207538604736 0.10925926268100739 0.0015625000232830644 0.011111111380159855
0 0.4664062559604645 0.15601852536201477 0.0026041667442768812 0.015740741044282913
0 0.4489583373069763 0.14351852238178253 0.0020833334419876337 0.014814814552664757
0 0.4606770873069763 0.09953703731298447 0.0015625000232830644 0.010185184888541698
