8 0.44973957538604736 0.3222222328186035 0.004687500186264515 0.035185184329748154
8 0.47057291865348816 0.13472221791744232 0.0015625000232830644 0.013888888992369175
7 0.4098958373069763 0.6856481432914734 0.02291666716337204 0.08425925672054291
7 0.4559895694255829 0.2671296298503876 0.006770833395421505 0.028703704476356506
1 0.992968738079071 0.08287037163972855 0.01406249962747097 0.008333333767950535
1 0.4906249940395355 0.14398148655891418 0.015625 0.015740741044282913
1 0.44088542461395264 0.4037036895751953 0.0234375 0.0555555559694767
2 0.48515623807907104 0.1537037044763565 0.015104166232049465 0.05000000074505806
0 0.5653645992279053 0.9810185432434082 0.013020833022892475 0.037962961941957474
0 0.5015624761581421 0.11620370298624039 0.0010416667209938169 0.012037036940455437
0 0.40937501192092896 0.3143518567085266 0.0052083334885537624 0.028703704476356506
0 0.40677082538604736 0.40231481194496155 0.0062500000931322575 0.03611111268401146
0 0.49661457538604736 0.15509259700775146 0.0026041667442768812 0.015740741044282913
0 0.4481770694255829 0.1666666716337204 0.0026041667442768812 0.01666666753590107
0 0.42630207538604736 0.2361111044883728 0.0036458333488553762 0.02222222276031971
0 0.45703125 0.11157407611608505 0.0015625000232830644 0.012037036940455437
0 0.4664062559604645 0.16018518805503845 0.0026041667442768812 0.01666666753590107
0 0.4479166567325592 0.14722222089767456 0.0020833334419876337 0.014814814552664757
0 0.4598958194255829 0.10185185074806213 0.0010416667209938169 0.011111111380159855
