8 0.45130208134651184 0.31203705072402954 0.004687500186264515 0.03333333507180214
8 0.4710937440395355 0.1328703761100769 0.0015625000232830644 0.013888888992369175
7 0.4156250059604645 0.6421296000480652 0.02083333395421505 0.07685185223817825
7 0.45703125 0.2597222328186035 0.006770833395421505 0.026851851493120193
1 0.98828125 0.08194444328546524 0.01406249962747097 0.008333333767950535
1 0.49010416865348816 0.14212962985038757 0.015625 0.015740741044282913
1 0.4429687559604645 0.38842591643333435 0.02239583246409893 0.05277777835726738
2 0.4856770932674408 0.1509259194135666 0.015104166232049465 0.05000000074505806
0 0.5601562261581421 0.9115740656852722 0.01197916641831398 0.049074072390794754
0 0.5015624761581421 0.11527777463197708 0.0010416667209938169 0.012037036940455437
0 0.4117187559604645 0.30694442987442017 0.004687500186264515 0.028703704476356506
0 0.40963542461395264 0.3888888955116272 0.00572916679084301 0.035185184329748154
0 0.49687498807907104 0.15324074029922485 0.0020833334419876337 0.015740741044282913
0 0.4489583373069763 0.16388888657093048 0.0020833334419876337 0.01666666753590107
0 0.4273437559604645 0.23148147761821747 0.0036458333488553762 0.02222222276031971
0 0.45703125 0.1101851835846901 0.0015625000232830644 0.011111111380159855
0 0.4664062559604645 0.1578703671693802 0.0026041667442768812 0.015740741044282913
0 0.44843751192092896 0.14537036418914795 0.0020833334419876337 0.014814814552664757
0 0.46015626192092896 0.10046296566724777 0.0015625000232830644 0.010185184888541698
