8 0.45390623807907104 0.2935185134410858 0.0036458333488553762 0.031481482088565826
8 0.4716145694255829 0.12916666269302368 0.0015625000232830644 0.013888888992369175
7 0.4247395694255829 0.5685185194015503 0.01822916604578495 0.06666667014360428
7 0.4593749940395355 0.24583333730697632 0.0062500000931322575 0.02500000037252903
1 0.48880207538604736 0.1379629671573639 0.015104166232049465 0.014814814552664757
1 0.4466145932674408 0.36157408356666565 0.02031249925494194 0.04722222313284874
2 0.4859375059604645 0.1467592567205429 0.014583333395421505 0.04722222313284874
0 0.5518229007720947 0.7884259223937988 0.00989583320915699 0.043518517166376114
0 0.5015624761581421 0.11249999701976776 0.0010416667209938169 0.012037036940455437
0 0.41588541865348816 0.29305556416511536 0.004687500186264515 0.026851851493120193
0 0.41484373807907104 0.3643518388271332 0.00572916679084301 0.032407406717538834
0 0.4973958432674408 0.14907407760620117 0.0020833334419876337 0.014814814552664757
0 0.4505208432674408 0.1587962955236435 0.0020833334419876337 0.015740741044282913
0 0.4299479126930237 0.22268518805503845 0.0036458333488553762 0.021296296268701553
0 0.4580729305744171 0.10833333432674408 0.0015625000232830644 0.011111111380159855
0 0.4664062559604645 0.15324074029922485 0.0026041667442768812 0.015740741044282913
0 0.44973957538604736 0.14166666567325592 0.0015625000232830644 0.014814814552664757
0 0.4609375 0.09861110895872116 0.0010416667209938169 0.010185184888541698
