8 0.4476562440395355 0.3384259343147278 0.004687500186264515 0.037962961941957474
8 0.4700520932674408 0.1379629671573639 0.0015625000232830644 0.014814814552664757
7 0.40026041865348816 0.7629629373550415 0.02656250074505806 0.0962962955236435
7 0.4544270932674408 0.2787036895751953 0.006770833395421505 0.029629629105329514
1 0.4908854067325592 0.1467592567205429 0.01614583283662796 0.015740741044282913
1 0.4375 0.42824074625968933 0.02500000037252903 0.06018518656492233
2 0.48489582538604736 0.15694443881511688 0.015625 0.05092592537403107
0 0.5015624761581421 0.1180555522441864 0.0010416667209938169 0.012037036940455437
0 0.40572917461395264 0.3263888955116272 0.0052083334885537624 0.03055555559694767
0 0.40234375 0.4236111044883728 0.006770833395421505 0.037962961941957474
0 0.49609375 0.1587962955236435 0.0026041667442768812 0.015740741044282913
0 0.4466145932674408 0.17083333432674408 0.0026041667442768812 0.017592592164874077
0 0.4242187440395355 0.2430555522441864 0.0036458333488553762 0.023148147389292717
0 0.4559895694255829 0.11342592537403107 0.0015625000232830644 0.012037036940455437
0 0.4664062559604645 0.16296295821666718 0.0026041667442768812 0.01666666753590107
0 0.4468750059604645 0.15000000596046448 0.0020833334419876337 0.014814814552664757
0 0.4593749940395355 0.10324074327945709 0.0010416667209938169 0.010185184888541698
