8 0.4466145932674408 0.34398147463798523 0.004687500186264515 0.037962961941957474
8 0.4697916805744171 0.1388888955116272 0.0020833334419876337 0.014814814552664757
7 0.39661458134651184 0.7935185432434082 0.02760416641831398 0.10185185074806213
7 0.45364582538604736 0.2828703820705414 0.0072916666977107525 0.03055555559694767
1 0.4908854067325592 0.1476851850748062 0.01614583283662796 0.015740741044282913
1 0.4361979067325592 0.4375 0.02552083320915699 0.06203703582286835
2 0.48489582538604736 0.1578703671693802 0.015625 0.05092592537403107
0 0.5015624761581421 0.11851851642131805 0.0010416667209938169 0.012962962500751019
0 0.4046874940395355 0.33009257912635803 0.0052083334885537624 0.03055555559694767
0 0.40026041865348816 0.4314814805984497 0.006770833395421505 0.03888889029622078
0 0.49609375 0.16018518805503845 0.0026041667442768812 0.01666666753590107
0 0.44609373807907104 0.17222222685813904 0.0026041667442768812 0.01666666753590107
0 0.4234375059604645 0.244907408952713 0.004166666883975267 0.023148147389292717
0 0.4559895694255829 0.11342592537403107 0.0015625000232830644 0.012037036940455437
0 0.4664062559604645 0.1648148149251938 0.0026041667442768812 0.01666666753590107
0 0.4468750059604645 0.1509259194135666 0.0020833334419876337 0.014814814552664757
0 0.45911458134651184 0.10370370000600815 0.0015625000232830644 0.011111111380159855
