8 0.44583332538604736 0.35046297311782837 0.0052083334885537624 0.037962961941957474
8 0.46953123807907104 0.14027777314186096 0.0015625000232830644 0.015740741044282913
7 0.39244791865348816 0.8273147940635681 0.02968749962747097 0.10833333432674408
7 0.453125 0.2874999940395355 0.0072916666977107525 0.03055555559694767
1 0.4908854067325592 0.14861111342906952 0.01614583283662796 0.015740741044282913
1 0.4348958432674408 0.4472222328186035 0.02604166604578495 0.06296296417713165
2 0.48489582538604736 0.15925925970077515 0.015625 0.051851850003004074
0 0.5015624761581421 0.11898148059844971 0.0010416667209938169 0.012037036940455437
0 0.40312498807907104 0.33472222089767456 0.0052083334885537624 0.03055555559694767
0 0.3986979126930237 0.43981480598449707 0.006770833395421505 0.03888889029622078
0 0.49609375 0.16111111640930176 0.0026041667442768812 0.01666666753590107
0 0.44583332538604736 0.1736111044883728 0.0031250000465661287 0.017592592164874077
0 0.42265623807907104 0.24768517911434174 0.0036458333488553762 0.023148147389292717
0 0.4559895694255829 0.11435185372829437 0.0015625000232830644 0.012037036940455437
0 0.4664062559604645 0.1657407432794571 0.0026041667442768812 0.01666666753590107
0 0.4463541805744171 0.1518518477678299 0.0020833334419876337 0.014814814552664757
0 0.45911458134651184 0.10462962836027145 0.0015625000232830644 0.011111111380159855
