8 0.44062501192092896 0.38657405972480774 0.0062500000931322575 0.043518517166376114
8 0.4684895873069763 0.1467592567205429 0.0015625000232830644 0.015740741044282913
7 0.3630208373069763 0.9907407164573669 0.0416666679084301 0.018518518656492233
7 0.4494791626930237 0.3125 0.008333333767950535 0.034259259700775146
1 0.49036458134651184 0.1546296328306198 0.01718750037252903 0.01666666753590107
1 0.4268229305744171 0.5050926208496094 0.02968749962747097 0.07500000298023224
2 0.4841145873069763 0.16620370745658875 0.01614583283662796 0.05462963134050369
0 0.5015624761581421 0.12268518656492233 0.0010416667209938169 0.012037036940455437
0 0.3955729305744171 0.36064815521240234 0.00572916679084301 0.032407406717538834
0 0.3877604305744171 0.48842594027519226 0.0078125 0.0416666679084301
0 0.49531251192092896 0.16805554926395416 0.0020833334419876337 0.017592592164874077
0 0.44322916865348816 0.18194444477558136 0.0031250000465661287 0.017592592164874077
0 0.41874998807907104 0.26157405972480774 0.004166666883975267 0.02500000037252903
0 0.4546875059604645 0.11759259551763535 0.0020833334419876337 0.012962962500751019
0 0.4664062559604645 0.1726851910352707 0.0026041667442768812 0.017592592164874077
0 0.44453126192092896 0.1578703671693802 0.0026041667442768812 0.015740741044282913
0 0.4580729305744171 0.10740740597248077 0.0015625000232830644 0.011111111380159855
