8 0.44479167461395264 0.35740742087364197 0.0052083334885537624 0.03888889029622078
8 0.46953123807907104 0.14166666567325592 0.0015625000232830644 0.014814814552664757
7 0.3877604305744171 0.864814817905426 0.03177083283662796 0.11481481790542603
7 0.45234376192092896 0.2916666567325592 0.0078125 0.031481482088565826
1 0.4906249940395355 0.15046297013759613 0.01666666753590107 0.015740741044282913
1 0.43359375 0.45787036418914795 0.02656250074505806 0.06574074178934097
2 0.4846354126930237 0.1606481522321701 0.01614583283662796 0.05277777835726738
0 0.5015624761581421 0.11990740895271301 0.0010416667209938169 0.012037036940455437
0 0.40182292461395264 0.33981481194496155 0.004687500186264515 0.031481482088565826
0 0.39661458134651184 0.44907405972480774 0.006770833395421505 0.03888889029622078
0 0.4958333373069763 0.16249999403953552 0.0020833334419876337 0.015740741044282913
0 0.4455729126930237 0.17546296119689941 0.0026041667442768812 0.017592592164874077
0 0.421875 0.25046294927597046 0.004166666883975267 0.023148147389292717
0 0.4554687440395355 0.11527777463197708 0.0015625000232830644 0.012037036940455437
0 0.4664062559604645 0.1666666716337204 0.0026041667442768812 0.01666666753590107
0 0.44609373807907104 0.15324074029922485 0.0026041667442768812 0.015740741044282913
0 0.4585937559604645 0.10462962836027145 0.0015625000232830644 0.011111111380159855
