6 0.9708333611488342 0.08749999850988388 0.0062500000931322575 0.006481481250375509
8 0.4481770694255829 0.33287036418914795 0.004687500186264515 0.03611111268401146
8 0.4700520932674408 0.13703703880310059 0.0015625000232830644 0.014814814552664757
7 0.4039062559604645 0.7356481552124023 0.02552083320915699 0.09166666865348816
7 0.45494791865348816 0.27453702688217163 0.006770833395421505 0.028703704476356506
1 0.9950520992279053 0.08379629999399185 0.00989583320915699 0.008333333767950535
1 0.4908854067325592 0.1458333283662796 0.01614583283662796 0.015740741044282913
1 0.4385416805744171 0.41990742087364197 0.02395833283662796 0.05833333358168602
2 0.48515623807907104 0.15555556118488312 0.015104166232049465 0.05000000074505806
0 0.5015624761581421 0.11712963134050369 0.0010416667209938169 0.012037036940455437
0 0.40703123807907104 0.3222222328186035 0.004687500186264515 0.029629629105329514
0 0.4039062559604645 0.4166666567325592 0.006770833395421505 0.03703703731298447
0 0.4963541626930237 0.1578703671693802 0.0020833334419876337 0.015740741044282913
0 0.44713541865348816 0.16944444179534912 0.0026041667442768812 0.01666666753590107
0 0.4247395694255829 0.24027778208255768 0.0036458333488553762 0.023148147389292717
0 0.45651042461395264 0.11249999701976776 0.0015625000232830644 0.012037036940455437
0 0.4664062559604645 0.16203702986240387 0.0026041667442768812 0.01666666753590107
0 0.44739583134651184 0.14907407760620117 0.0020833334419876337 0.014814814552664757
0 0.4596354067325592 0.10277777910232544 0.0015625000232830644 0.011111111380159855
