6 0.96875 0.08703703433275223 0.0062500000931322575 0.007407407276332378
8 0.44921875 0.3273148238658905 0.004687500186264515 0.03611111268401146
8 0.47057291865348816 0.13611111044883728 0.0015625000232830644 0.014814814552664757
7 0.40703123807907104 0.7097222208976746 0.02447916753590107 0.08796296268701553
7 0.4554687440395355 0.2708333432674408 0.006770833395421505 0.028703704476356506
1 0.9940103888511658 0.08287037163972855 0.01197916641831398 0.008333333767950535
1 0.4906249940395355 0.1449074000120163 0.015625 0.015740741044282913
1 0.4398437440395355 0.4115740656852722 0.0234375 0.05648148059844971
2 0.48515623807907104 0.1546296328306198 0.015104166232049465 0.05000000074505806
0 0.5015624761581421 0.11666666716337204 0.0010416667209938169 0.012962962500751019
0 0.40807291865348816 0.3185185194015503 0.004687500186264515 0.029629629105329514
0 0.4052083194255829 0.40925925970077515 0.0062500000931322575 0.03703703731298447
0 0.4963541626930237 0.15648147463798523 0.0020833334419876337 0.01666666753590107
0 0.4476562440395355 0.16805554926395416 0.0026041667442768812 0.017592592164874077
0 0.42526042461395264 0.23796296119689941 0.0036458333488553762 0.02222222276031971
0 0.45651042461395264 0.1120370402932167 0.0015625000232830644 0.011111111380159855
0 0.4664062559604645 0.16111111640930176 0.0026041667442768812 0.01666666753590107
0 0.4479166567325592 0.14814814925193787 0.0020833334419876337 0.014814814552664757
0 0.4596354067325592 0.10185185074806213 0.0015625000232830644 0.011111111380159855
