8 0.4385416805744171 0.4018518626689911 0.0062500000931322575 0.04444444552063942
8 0.46796876192092896 0.14907407760620117 0.0015625000232830644 0.01666666753590107
7 0.4479166567325592 0.3222222328186035 0.008333333767950535 0.035185184329748154
1 0.49036458134651184 0.15694443881511688 0.01718750037252903 0.017592592164874077
1 0.4231770932674408 0.5300925970077515 0.03177083283662796 0.08055555820465088
2 0.48385417461395264 0.16898147761821747 0.01666666753590107 0.05462963134050369
0 0.5018228888511658 0.1240740716457367 0.0015625000232830644 0.012962962500751019
0 0.39244791865348816 0.37037035822868347 0.00572916679084301 0.03333333507180214
0 0.3830729126930237 0.5087962746620178 0.0078125 0.043518517166376114
0 0.4950520694255829 0.17083333432674408 0.0026041667442768812 0.017592592164874077
0 0.44218748807907104 0.18518517911434174 0.0031250000465661287 0.018518518656492233
0 0.4166666567325592 0.2671296298503876 0.004166666883975267 0.02500000037252903
0 0.4541666805744171 0.11898148059844971 0.0020833334419876337 0.012037036940455437
0 0.46666666865348816 0.17499999701976776 0.0031250000465661287 0.01666666753590107
0 0.4437499940395355 0.1597222238779068 0.0020833334419876337 0.015740741044282913
0 0.45755207538604736 0.10879629850387573 0.0015625000232830644 0.012037036940455437
