8 0.43359375 0.4356481432914734 0.006770833395421505 0.049074072390794754
8 0.4671874940395355 0.15416666865348816 0.0020833334419876337 0.015740741044282913
7 0.4442708194255829 0.34583333134651184 0.00937500037252903 0.037962961941957474
1 0.49010416865348816 0.1615740805864334 0.01770833320915699 0.017592592164874077
1 0.4151041805744171 0.5907407402992249 0.0364583320915699 0.09444444626569748
2 0.48359376192092896 0.1745370328426361 0.01718750037252903 0.05648148059844971
0 0.5018228888511658 0.1268518567085266 0.0015625000232830644 0.012962962500751019
0 0.38619792461395264 0.39259257912635803 0.006770833395421505 0.035185184329748154
0 0.5083333253860474 0.17546296119689941 0.0020833334419876337 0.017592592164874077
0 0.37317708134651184 0.5541666746139526 0.00989583320915699 0.04722222313284874
0 0.4945312440395355 0.17638888955116272 0.0026041667442768812 0.017592592164874077
0 0.4401041567325592 0.19166666269302368 0.0031250000465661287 0.018518518656492233
0 0.41354167461395264 0.2787036895751953 0.004166666883975267 0.025925925001502037
0 0.4533854126930237 0.12129629403352737 0.0015625000232830644 0.012962962500751019
0 0.46666666865348816 0.18009258806705475 0.0031250000465661287 0.017592592164874077
0 0.4424479305744171 0.16388888657093048 0.0026041667442768812 0.01666666753590107
0 0.45651042461395264 0.1111111119389534 0.0015625000232830644 0.011111111380159855
