8 0.42786458134651184 0.47592592239379883 0.0078125 0.05370370298624039
8 0.4661458432674408 0.1597222238779068 0.0020833334419876337 0.017592592164874077
7 0.44062501192092896 0.3712962865829468 0.010416666977107525 0.040740739554166794
1 0.4898437559604645 0.16620370745658875 0.01822916604578495 0.017592592164874077
1 0.40416666865348816 0.6685185432434082 0.04270833358168602 0.11296296119689941
2 0.4828124940395355 0.1805555522441864 0.01770833320915699 0.05925925821065903
0 0.3791666626930237 0.41712963581085205 0.0072916666977107525 0.03611111268401146
0 0.5080729126930237 0.1814814805984497 0.0026041667442768812 0.018518518656492233
0 0.3619791567325592 0.6074073910713196 0.012500000186264515 0.051851850003004074
0 0.49427083134651184 0.18194444477558136 0.0031250000465661287 0.017592592164874077
0 0.43802082538604736 0.19953703880310059 0.0031250000465661287 0.01944444514811039
0 0.40963542461395264 0.2916666567325592 0.004687500186264515 0.02777777798473835
0 0.45234376192092896 0.1240740716457367 0.0015625000232830644 0.012962962500751019
0 0.46666666865348816 0.18611110746860504 0.0031250000465661287 0.018518518656492233
0 0.44088542461395264 0.16851851344108582 0.0026041667442768812 0.01666666753590107
0 0.4559895694255829 0.11342592537403107 0.0015625000232830644 0.012037036940455437
