8 0.4322916567325592 0.44490739703178406 0.0072916666977107525 0.05092592537403107
8 0.46666666865348816 0.15555556118488312 0.0020833334419876337 0.01666666753590107
7 0.44348958134651184 0.35185185074806213 0.00989583320915699 0.03888889029622078
1 0.49010416865348816 0.16249999403953552 0.01770833320915699 0.017592592164874077
1 0.4124999940395355 0.6083333492279053 0.03750000149011612 0.09814814478158951
2 0.4830729067325592 0.17592592537403107 0.01718750037252903 0.05740740895271301
0 0.5018228888511658 0.12777778506278992 0.0015625000232830644 0.012962962500751019
0 0.3843750059604645 0.39814814925193787 0.0062500000931322575 0.035185184329748154
0 0.5083333253860474 0.17731481790542603 0.0020833334419876337 0.017592592164874077
0 0.37057292461395264 0.5666666626930237 0.010937499813735485 0.04814814776182175
0 0.4945312440395355 0.17731481790542603 0.0026041667442768812 0.017592592164874077
0 0.43958333134651184 0.1935185194015503 0.0031250000465661287 0.018518518656492233
0 0.4124999940395355 0.2819444537162781 0.004166666883975267 0.026851851493120193
0 0.453125 0.12222222238779068 0.0020833334419876337 0.012962962500751019
0 0.46666666865348816 0.1814814805984497 0.0031250000465661287 0.018518518656492233
0 0.44192707538604736 0.1648148149251938 0.0026041667442768812 0.01666666753590107
0 0.45651042461395264 0.11157407611608505 0.0015625000232830644 0.012037036940455437
