8 0.43958333134651184 0.39444443583488464 0.0062500000931322575 0.04444444552063942
8 0.46822917461395264 0.1476851850748062 0.0020833334419876337 0.015740741044282913
7 0.44843751192092896 0.31712964177131653 0.008333333767950535 0.034259259700775146
1 0.49036458134651184 0.15555556118488312 0.01718750037252903 0.01666666753590107
1 0.42500001192092896 0.5175926089286804 0.03125 0.07777778059244156
2 0.48385417461395264 0.1675925999879837 0.01666666753590107 0.0555555559694767
0 0.5018228888511658 0.12314815074205399 0.0015625000232830644 0.012962962500751019
0 0.39401042461395264 0.36574074625968933 0.00572916679084301 0.03333333507180214
0 0.3854166567325592 0.49861112236976624 0.008333333767950535 0.043518517166376114
0 0.4950520694255829 0.16944444179534912 0.0026041667442768812 0.01666666753590107
0 0.4427083432674408 0.18333333730697632 0.0031250000465661287 0.018518518656492233
0 0.4177083373069763 0.26435184478759766 0.004166666883975267 0.02500000037252903
0 0.4544270932674408 0.1180555522441864 0.0015625000232830644 0.012037036940455437
0 0.4664062559604645 0.1736111044883728 0.0026041667442768812 0.017592592164874077
0 0.4442708194255829 0.1587962955236435 0.0020833334419876337 0.015740741044282913
0 0.45755207538604736 0.10833333432674408 0.0015625000232830644 0.011111111380159855
