8 0.4348958432674408 0.4263888895511627 0.0072916666977107525 0.04722222313284874
8 0.4671874940395355 0.1527777761220932 0.0020833334419876337 0.01666666753590107
7 0.4453125 0.3393518626689911 0.00937500037252903 0.037962961941957474
1 0.49010416865348816 0.16018518805503845 0.01770833320915699 0.01666666753590107
1 0.41718751192092896 0.5736111402511597 0.03541666641831398 0.08981481194496155
2 0.48359376192092896 0.17314815521240234 0.01718750037252903 0.05740740895271301
0 0.5018228888511658 0.1259259283542633 0.0015625000232830644 0.012962962500751019
0 0.3880208432674408 0.38657405972480774 0.0062500000931322575 0.034259259700775146
0 0.3760416805744171 0.5416666865348816 0.00937500037252903 0.046296294778585434
0 0.4945312440395355 0.1745370328426361 0.0026041667442768812 0.017592592164874077
0 0.44062501192092896 0.18981482088565826 0.0031250000465661287 0.018518518656492233
0 0.4143229126930237 0.2759259343147278 0.004687500186264515 0.025925925001502037
0 0.4533854126930237 0.12083332985639572 0.0015625000232830644 0.012037036940455437
0 0.46666666865348816 0.17916665971279144 0.0031250000465661287 0.017592592164874077
0 0.4427083432674408 0.16296295821666718 0.0020833334419876337 0.01666666753590107
0 0.45703125 0.11064814776182175 0.0015625000232830644 0.012037036940455437
