8 0.4242187440395355 0.4990740716457367 0.008854166604578495 0.05740740895271301
8 0.4651041626930237 0.16249999403953552 0.0020833334419876337 0.017592592164874077
7 0.43828123807907104 0.3856481611728668 0.010937499813735485 0.043518517166376114
1 0.4893229305744171 0.16851851344108582 0.01822916604578495 0.018518518656492233
1 0.3971354067325592 0.7175925970077515 0.04635416716337204 0.1259259283542633
2 0.48229166865348816 0.18379630148410797 0.01770833320915699 0.06018518656492233
0 0.37447917461395264 0.43101853132247925 0.0072916666977107525 0.037962961941957474
0 0.5075520873069763 0.18472221493721008 0.0026041667442768812 0.017592592164874077
0 0.35468751192092896 0.6388888955116272 0.01354166679084301 0.05370370298624039
0 0.4934895932674408 0.18518517911434174 0.0026041667442768812 0.018518518656492233
0 0.4364583194255829 0.20324073731899261 0.0031250000465661287 0.01944444514811039
0 0.4075520932674408 0.2986111044883728 0.004687500186264515 0.026851851493120193
0 0.4515624940395355 0.1259259283542633 0.0020833334419876337 0.012962962500751019
0 0.4664062559604645 0.18888889253139496 0.0026041667442768812 0.018518518656492233
0 0.4398437440395355 0.17129629850387573 0.0026041667442768812 0.01666666753590107
0 0.45494791865348816 0.11527777463197708 0.0015625000232830644 0.012037036940455437
