8 0.4260416626930237 0.4870370328426361 0.008333333767950535 0.0555555559694767
8 0.46562498807907104 0.16111111640930176 0.0020833334419876337 0.01666666753590107
7 0.43958333134651184 0.3787037134170532 0.010416666977107525 0.04259259253740311
1 0.4898437559604645 0.1675925999879837 0.01822916604578495 0.018518518656492233
1 0.4007812440395355 0.6925926208496094 0.0442708320915699 0.11851851642131805
2 0.4828124940395355 0.18194444477558136 0.01770833320915699 0.06018518656492233
0 0.37708333134651184 0.42407408356666565 0.0072916666977107525 0.03703703731298447
0 0.5078125 0.18333333730697632 0.0020833334419876337 0.018518518656492233
0 0.35859376192092896 0.6226851940155029 0.013020833022892475 0.05277777835726738
0 0.49401041865348816 0.18333333730697632 0.0026041667442768812 0.018518518656492233
0 0.43697917461395264 0.2013888955116272 0.0031250000465661287 0.01944444514811039
0 0.4085937440395355 0.2953703701496124 0.004687500186264515 0.02777777798473835
0 0.45234376192092896 0.125 0.0015625000232830644 0.012962962500751019
0 0.46666666865348816 0.1875 0.0031250000465661287 0.01944444514811039
0 0.4403645694255829 0.16990740597248077 0.0026041667442768812 0.017592592164874077
0 0.4554687440395355 0.11435185372829437 0.0015625000232830644 0.012037036940455437
