8 0.4208333194255829 0.5245370268821716 0.00937500037252903 0.06018518656492233
8 0.4651041626930237 0.1657407432794571 0.0020833334419876337 0.018518518656492233
7 0.4364583194255829 0.40138888359069824 0.01145833358168602 0.04537037014961243
1 0.4898437559604645 0.17129629850387573 0.01822916604578495 0.018518518656492233
1 0.38984376192092896 0.7736111283302307 0.05156249925494194 0.1398148089647293
2 0.48255208134651184 0.18703703582286835 0.01822916604578495 0.06111111119389534
0 0.37109375 0.4453703761100769 0.0078125 0.03888889029622078
0 0.5078125 0.18796296417713165 0.0020833334419876337 0.018518518656492233
0 0.3486979305744171 0.6726852059364319 0.01406249962747097 0.05462963134050369
0 0.49401041865348816 0.18796296417713165 0.0026041667442768812 0.018518518656492233
0 0.43541666865348816 0.20694445073604584 0.0031250000465661287 0.01944444514811039
0 0.40572917461395264 0.3055555522441864 0.0052083334885537624 0.02777777798473835
0 0.4518229067325592 0.1268518567085266 0.0015625000232830644 0.012962962500751019
0 0.4671874940395355 0.19212962687015533 0.0031250000465661287 0.01944444514811039
0 0.43932291865348816 0.1736111044883728 0.0026041667442768812 0.017592592164874077
0 0.45494791865348816 0.11620370298624039 0.0015625000232830644 0.012037036940455437
