8 0.4221354126930237 0.5837963223457336 0.010937499813735485 0.06759259104728699
8 0.47604167461395264 0.17222222685813904 0.0020833334419876337 0.018518518656492233
7 0.4416666626930237 0.43611112236976624 0.012500000186264515 0.05000000074505806
1 0.5015624761581421 0.17638888955116272 0.01875000074505806 0.01944444514811039
1 0.3778645694255829 0.9111111164093018 0.06406249850988388 0.17777778208255768
2 0.4937500059604645 0.19398148357868195 0.01875000074505806 0.06388889253139496
0 0.3723958432674408 0.4749999940395355 0.008333333767950535 0.040740739554166794
0 0.5190104246139526 0.19490741193294525 0.0026041667442768812 0.01944444514811039
0 0.3424479067325592 0.7513889074325562 0.01614583283662796 0.05833333358168602
0 0.5052083134651184 0.19490741193294525 0.0031250000465661287 0.01944444514811039
0 0.44479167461395264 0.2152777761220932 0.0031250000465661287 0.021296296268701553
0 0.4124999940395355 0.3203703761100769 0.0052083334885537624 0.029629629105329514
0 0.46276041865348816 0.12962962687015533 0.0015625000232830644 0.012962962500751019
0 0.47864583134651184 0.19861111044883728 0.0031250000465661287 0.01944444514811039
0 0.4494791626930237 0.17870371043682098 0.0020833334419876337 0.018518518656492233
0 0.4664062559604645 0.11898148059844971 0.0015625000232830644 0.012037036940455437
