8 0.4205729067325592 0.5384259223937988 0.00989583320915699 0.06203703582286835
8 0.46666666865348816 0.16712963581085205 0.0020833334419876337 0.017592592164874077
7 0.43697917461395264 0.41018518805503845 0.01145833358168602 0.046296294778585434
1 0.49166667461395264 0.17222222685813904 0.01875000074505806 0.018518518656492233
1 0.3864583373069763 0.8041666746139526 0.05416666716337204 0.14907407760620117
2 0.484375 0.1884259283542633 0.01875000074505806 0.06203703582286835
0 0.37031251192092896 0.45277777314186096 0.008333333767950535 0.03888889029622078
0 0.5096353888511658 0.1893518567085266 0.0026041667442768812 0.01944444514811039
0 0.3463541567325592 0.6907407641410828 0.014583333395421505 0.0555555559694767
0 0.49557292461395264 0.18981482088565826 0.0026041667442768812 0.018518518656492233
0 0.43697917461395264 0.2092592567205429 0.0031250000465661287 0.020370369777083397
0 0.40677082538604736 0.3092592656612396 0.0052083334885537624 0.02777777798473835
0 0.4533854126930237 0.12777778506278992 0.0015625000232830644 0.012962962500751019
0 0.46875 0.1935185194015503 0.0031250000465661287 0.018518518656492233
0 0.44088542461395264 0.17499999701976776 0.0026041667442768812 0.01666666753590107
0 0.45703125 0.11712963134050369 0.0015625000232830644 0.012037036940455437
