8 0.4216145873069763 0.6009259223937988 0.010937499813735485 0.07037036865949631
8 0.4781250059604645 0.1736111044883728 0.0020833334419876337 0.01944444514811039
7 0.4424479305744171 0.44583332538604736 0.013020833022892475 0.05092592537403107
1 0.50390625 0.17824074625968933 0.01927083358168602 0.01944444514811039
1 0.3734374940395355 0.9291666746139526 0.06875000149011612 0.14166666567325592
2 0.4958333373069763 0.19583334028720856 0.01875000074505806 0.06388889253139496
0 0.3721354305744171 0.48379629850387573 0.008854166604578495 0.0416666679084301
0 0.5210937261581421 0.19675925374031067 0.0026041667442768812 0.01944444514811039
0 0.3401041626930237 0.7745370268821716 0.01666666753590107 0.06018518656492233
0 0.5072916746139526 0.19675925374031067 0.0031250000465661287 0.01944444514811039
0 0.4463541805744171 0.2171296328306198 0.0031250000465661287 0.021296296268701553
0 0.41354167461395264 0.32407405972480774 0.0052083334885537624 0.029629629105329514
0 0.4651041626930237 0.13055555522441864 0.0020833334419876337 0.012962962500751019
0 0.4807291626930237 0.20000000298023224 0.0031250000465661287 0.020370369777083397
0 0.4515624940395355 0.18009258806705475 0.0020833334419876337 0.017592592164874077
0 0.4684895873069763 0.11990740895271301 0.0015625000232830644 0.012037036940455437
