8 0.42135417461395264 0.5680555701255798 0.010416666977107525 0.06574074178934097
8 0.4729166626930237 0.17037037014961243 0.0020833334419876337 0.018518518656492233
7 0.4398437440395355 0.427314817905426 0.01197916641831398 0.049074072390794754
1 0.49791666865348816 0.17546296119689941 0.01875000074505806 0.01944444514811039
1 0.3812499940395355 0.8726851940155029 0.06041666492819786 0.1675925999879837
2 0.49010416865348816 0.19212962687015533 0.01875000074505806 0.06388889253139496
0 0.3713541626930237 0.46759259700775146 0.008333333767950535 0.040740739554166794
0 0.5158854126930237 0.19305555522441864 0.0026041667442768812 0.01944444514811039
0 0.34375 0.729629635810852 0.015625 0.05740740895271301
0 0.5018228888511658 0.19305555522441864 0.0026041667442768812 0.01944444514811039
0 0.44192707538604736 0.21296297013759613 0.0036458333488553762 0.020370369777083397
0 0.4104166626930237 0.3162037134170532 0.0052083334885537624 0.028703704476356506
0 0.4596354067325592 0.12870369851589203 0.0015625000232830644 0.012962962500751019
0 0.4749999940395355 0.19675925374031067 0.0031250000465661287 0.01944444514811039
0 0.4466145932674408 0.17731481790542603 0.0026041667442768812 0.017592592164874077
0 0.4632812440395355 0.11851851642131805 0.0015625000232830644 0.012962962500751019
