8 0.4208333194255829 0.552314817905426 0.010416666977107525 0.06388889253139496
8 0.46927082538604736 0.16851851344108582 0.0020833334419876337 0.018518518656492233
7 0.43828123807907104 0.4185185134410858 0.01197916641831398 0.04814814776182175
1 0.49427083134651184 0.1736111044883728 0.01875000074505806 0.01944444514811039
1 0.3838541805744171 0.8370370268821716 0.0572916679084301 0.15740740299224854
2 0.4869791567325592 0.19074073433876038 0.01875000074505806 0.06296296417713165
0 0.3708333373069763 0.45972222089767456 0.008333333767950535 0.03981481492519379
0 0.5122395753860474 0.19120369851589203 0.0026041667442768812 0.01944444514811039
0 0.3450520932674408 0.7097222208976746 0.015104166232049465 0.05648148059844971
0 0.4984374940395355 0.19120369851589203 0.0031250000465661287 0.01944444514811039
0 0.4390625059604645 0.21111111342906952 0.0031250000465661287 0.020370369777083397
0 0.40833333134651184 0.3125 0.0052083334885537624 0.028703704476356506
0 0.45625001192092896 0.12824073433876038 0.0020833334419876337 0.013888888992369175
0 0.4716145694255829 0.19490741193294525 0.0026041667442768812 0.01944444514811039
0 0.44348958134651184 0.17638888955116272 0.0026041667442768812 0.017592592164874077
0 0.4596354067325592 0.1180555522441864 0.0015625000232830644 0.012037036940455437
