8 0.4111979305744171 0.7564814686775208 0.01614583283662796 0.09259258955717087
8 0.48906248807907104 0.18611110746860504 0.0020833334419876337 0.020370369777083397
7 0.4427083432674408 0.5273148417472839 0.015625 0.06388889253139496
1 0.5179687738418579 0.18888889253139496 0.02031249925494194 0.020370369777083397
2 0.5080729126930237 0.20972222089767456 0.02031249925494194 0.0694444477558136
0 0.3648437559604645 0.5513888597488403 0.00989583320915699 0.04537037014961243
0 0.5338541865348816 0.2092592567205429 0.0031250000465661287 0.020370369777083397
0 0.3127604126930237 0.9750000238418579 0.0234375 0.05000000074505806
0 0.5197916626930237 0.20972222089767456 0.0031250000465661287 0.021296296268701553
0 0.4544270932674408 0.23333333432674408 0.0036458333488553762 0.02222222276031971
0 0.41796875 0.3541666567325592 0.00572916679084301 0.032407406717538834
0 0.4765625 0.13564814627170563 0.0020833334419876337 0.013888888992369175
0 0.49270832538604736 0.21250000596046448 0.0031250000465661287 0.021296296268701553
0 0.46145832538604736 0.18981482088565826 0.0020833334419876337 0.018518518656492233
0 0.47994792461395264 0.125 0.0015625000232830644 0.012962962500751019
