8 0.41223958134651184 0.7287036776542664 0.015104166232049465 0.08888889104127884
8 0.4859375059604645 0.18425926566123962 0.0020833334419876337 0.020370369777083397
7 0.44192707538604736 0.5134259462356567 0.015104166232049465 0.06203703582286835
1 0.5143229365348816 0.18703703582286835 0.02031249925494194 0.020370369777083397
2 0.5049479007720947 0.2074074000120163 0.02031249925494194 0.06851851940155029
0 0.3648437559604645 0.5402777791023254 0.00989583320915699 0.04537037014961243
0 0.530468761920929 0.2074074000120163 0.0026041667442768812 0.020370369777083397
0 0.31718748807907104 0.9486111402511597 0.02187499962747097 0.0694444477558136
0 0.5166666507720947 0.2074074000120163 0.0031250000465661287 0.020370369777083397
0 0.4518229067325592 0.23101851344108582 0.0036458333488553762 0.023148147389292717
0 0.41588541865348816 0.34953704476356506 0.00572916679084301 0.032407406717538834
0 0.47343748807907104 0.13472221791744232 0.0020833334419876337 0.013888888992369175
0 0.4895833432674408 0.2101851850748062 0.0031250000465661287 0.020370369777083397
0 0.4585937559604645 0.18796296417713165 0.0026041667442768812 0.018518518656492233
0 0.4768229126930237 0.1240740716457367 0.0015625000232830644 0.012962962500751019
