8 0.41328126192092896 0.7032407522201538 0.01406249962747097 0.08425925672054291
8 0.4833333194255829 0.18194444477558136 0.0020833334419876337 0.01944444514811039
7 0.44062501192092896 0.5004629492759705 0.014583333395421505 0.06018518656492233
1 0.5111979246139526 0.18518517911434174 0.02031249925494194 0.020370369777083397
2 0.5018228888511658 0.20509259402751923 0.02031249925494194 0.06759259104728699
0 0.36510416865348816 0.529629647731781 0.00937500037252903 0.04444444552063942
0 0.52734375 0.20555555820465088 0.0026041667442768812 0.020370369777083397
0 0.32083332538604736 0.9134259223937988 0.02083333395421505 0.06759259104728699
0 0.5135416388511658 0.20555555820465088 0.0031250000465661287 0.020370369777083397
0 0.4494791626930237 0.22870370745658875 0.0031250000465661287 0.02222222276031971
0 0.4143229126930237 0.3453703820705414 0.00572916679084301 0.031481482088565826
0 0.47057291865348816 0.13379628956317902 0.0015625000232830644 0.013888888992369175
0 0.4869791567325592 0.2083333283662796 0.0031250000465661287 0.020370369777083397
0 0.4559895694255829 0.18703703582286835 0.0026041667442768812 0.018518518656492233
0 0.4742187559604645 0.12361110746860504 0.0015625000232830644 0.012037036940455437
