8 0.4049479067325592 0.8481481671333313 0.01927083358168602 0.10740740597248077
8 0.4958333373069763 0.19166666269302368 0.0020833334419876337 0.020370369777083397
7 0.4437499940395355 0.5712962746620178 0.01770833320915699 0.07037036865949631
1 0.5257812738418579 0.19398148357868195 0.02135416679084301 0.021296296268701553
2 0.515625 0.21574074029922485 0.02083333395421505 0.07222222536802292
0 0.36250001192092896 0.585185170173645 0.01145833358168602 0.04814814776182175
0 0.5411458611488342 0.2152777761220932 0.0031250000465661287 0.021296296268701553
0 0.52734375 0.2162037044763565 0.0036458333488553762 0.021296296268701553
0 0.4596354067325592 0.24120371043682098 0.0036458333488553762 0.023148147389292717
0 0.42135417461395264 0.36851853132247925 0.0062500000931322575 0.03333333507180214
0 0.48359376192092896 0.1379629671573639 0.0015625000232830644 0.014814814552664757
0 0.5 0.21805556118488312 0.0031250000465661287 0.021296296268701553
0 0.46796876192092896 0.19398148357868195 0.0026041667442768812 0.01944444514811039
0 0.4872395694255829 0.12777778506278992 0.0015625000232830644 0.012962962500751019
