4 0.8411458134651184 0.16111111640930176 0.14166666567325592 0.051851850003004074
8 0.4177083373069763 0.6388888955116272 0.012500000186264515 0.07592592388391495
8 0.4791666567325592 0.17685185372829437 0.0020833334419876337 0.018518518656492233
7 0.4411458373069763 0.4662036895751953 0.01354166679084301 0.05462963134050369
1 0.5057291388511658 0.18101851642131805 0.01979166641831398 0.01944444514811039
1 0.3609375059604645 0.9708333611488342 0.078125 0.05833333358168602
2 0.4971354305744171 0.19953703880310059 0.01927083358168602 0.06574074178934097
0 0.3684895932674408 0.5018518567085266 0.008854166604578495 0.04259259253740311
0 0.522656261920929 0.19953703880310059 0.0026041667442768812 0.01944444514811039
0 0.33255207538604736 0.8259259462356567 0.01822916604578495 0.06296296417713165
0 0.5088541507720947 0.20000000298023224 0.0031250000465661287 0.020370369777083397
0 0.4463541805744171 0.22175925970077515 0.0031250000465661287 0.021296296268701553
0 0.4130208194255829 0.3324074149131775 0.0052083334885537624 0.029629629105329514
0 0.4661458432674408 0.1319444477558136 0.0020833334419876337 0.013888888992369175
0 0.48229166865348816 0.20324073731899261 0.0031250000465661287 0.01944444514811039
0 0.4520833194255829 0.18287037312984467 0.0020833334419876337 0.017592592164874077
0 0.46953123807907104 0.12129629403352737 0.0015625000232830644 0.012962962500751019
4 0.8416666388511658 0.16111111640930176 0.14166666567325592 0.051851850003004074
