8 0.3994791805744171 0.9231481552124023 0.02187499962747097 0.11851851642131805
8 0.5002604126930237 0.19583334028720856 0.0026041667442768812 0.021296296268701553
7 0.4437499940395355 0.6060185432434082 0.01875000074505806 0.07685185223817825
1 0.5309895873069763 0.19722221791744232 0.02135416679084301 0.02222222276031971
2 0.520312488079071 0.2203703671693802 0.02187499962747097 0.07407407462596893
0 0.35989582538604736 0.6115740537643433 0.01145833358168602 0.049074072390794754
0 0.5458333492279053 0.21990740299224854 0.0031250000465661287 0.021296296268701553
0 0.532031238079071 0.2203703671693802 0.0036458333488553762 0.02222222276031971
0 0.46302083134651184 0.24675926566123962 0.0031250000465661287 0.023148147389292717
0 0.4234375059604645 0.3791666626930237 0.0062500000931322575 0.034259259700775146
0 0.48828125 0.1398148089647293 0.0015625000232830644 0.014814814552664757
0 0.504687488079071 0.2222222238779068 0.0031250000465661287 0.02222222276031971
0 0.47187501192092896 0.19768518209457397 0.0020833334419876337 0.01944444514811039
0 0.4919270873069763 0.12916666269302368 0.0015625000232830644 0.013888888992369175
