8 0.5 0.2171296328306198 0.0020833334419876337 0.023148147389292717
7 0.42239582538604736 0.8212962746620178 0.02812499925494194 0.11481481790542603
1 0.53515625 0.21388888359069824 0.0234375 0.024074073880910873
2 0.5229166746139526 0.2430555522441864 0.02395833283662796 0.0824074074625969
0 0.32499998807907104 0.769444465637207 0.01666666753590107 0.05740740895271301
0 0.5481770634651184 0.24027778208255768 0.0036458333488553762 0.023148147389292717
0 0.5328124761581421 0.2421296238899231 0.0031250000465661287 0.023148147389292717
0 0.4583333432674408 0.2750000059604645 0.004166666883975267 0.025925925001502037
0 0.4130208194255829 0.4365740716457367 0.0072916666977107525 0.037962961941957474
0 0.48776042461395264 0.14814814925193787 0.0015625000232830644 0.014814814552664757
0 0.5054687261581421 0.2430555522441864 0.0036458333488553762 0.023148147389292717
0 0.4700520932674408 0.21296297013759613 0.0026041667442768812 0.020370369777083397
0 0.49140626192092896 0.13703703880310059 0.0015625000232830644 0.014814814552664757
