8 0.38619792461395264 0.9865740537643433 0.02656250074505806 0.026851851493120193
8 0.5002604126930237 0.20277777314186096 0.0026041667442768812 0.02222222276031971
7 0.43802082538604736 0.6643518805503845 0.02083333395421505 0.08611111342906952
1 0.5325520634651184 0.2023148089647293 0.02239583246409893 0.023148147389292717
2 0.5210937261581421 0.2273148149251938 0.02239583246409893 0.07685185223817825
0 0.3502604067325592 0.6555555462837219 0.013020833022892475 0.051851850003004074
0 0.546875 0.22638888657093048 0.0031250000465661287 0.021296296268701553
0 0.5325520634651184 0.22777777910232544 0.0036458333488553762 0.02222222276031971
0 0.46171873807907104 0.25555557012557983 0.0036458333488553762 0.024074073880910873
0 0.4203124940395355 0.39629629254341125 0.0062500000931322575 0.035185184329748154
0 0.48828125 0.14259259402751923 0.0015625000232830644 0.014814814552664757
0 0.504687488079071 0.22870370745658875 0.0031250000465661287 0.02222222276031971
0 0.4716145694255829 0.2023148089647293 0.0026041667442768812 0.01944444514811039
0 0.4919270873069763 0.1319444477558136 0.0015625000232830644 0.013888888992369175
