4 0.9281250238418579 0.20185184478759766 0.14374999701976776 0.06666667014360428
8 0.4997395873069763 0.2240740805864334 0.0026041667442768812 0.024074073880910873
7 0.41223958134651184 0.9259259104728699 0.03281249850988388 0.13518518209457397
1 0.5364583134651184 0.21990740299224854 0.02395833283662796 0.02500000037252903
2 0.5234375 0.2509259283542633 0.02500000037252903 0.08518518507480621
0 0.3096354305744171 0.8393518328666687 0.01927083358168602 0.06203703582286835
0 0.5486978888511658 0.2481481432914734 0.0036458333488553762 0.024074073880910873
0 0.5328124761581421 0.24953703582286835 0.0031250000465661287 0.023148147389292717
0 0.4567708373069763 0.2856481373310089 0.004166666883975267 0.026851851493120193
0 0.4091145694255829 0.45879629254341125 0.0078125 0.03981481492519379
0 0.48776042461395264 0.15046297013759613 0.0015625000232830644 0.015740741044282913
0 0.5059896111488342 0.25 0.0036458333488553762 0.024074073880910873
0 0.46953123807907104 0.21898147463798523 0.0026041667442768812 0.021296296268701553
0 0.49140626192092896 0.1398148089647293 0.0015625000232830644 0.014814814552664757
4 0.9283854365348816 0.20185184478759766 0.1432291716337204 0.06666667014360428
