8 0.4997395873069763 0.22685185074806213 0.0026041667442768812 0.024074073880910873
7 0.40807291865348816 0.947685182094574 0.03489583358168602 0.10462962836027145
1 0.5372396111488342 0.2222222238779068 0.02447916753590107 0.025925925001502037
2 0.5239583253860474 0.2541666626930237 0.02500000037252903 0.08611111342906952
0 0.3036458194255829 0.8666666746139526 0.01979166641831398 0.06296296417713165
0 0.5489583611488342 0.2509259283542633 0.0031250000465661287 0.024074073880910873
0 0.5328124761581421 0.25231480598449707 0.0031250000465661287 0.023148147389292717
0 0.4557291567325592 0.28935185074806213 0.004166666883975267 0.026851851493120193
0 0.4075520932674408 0.46759259700775146 0.0078125 0.040740739554166794
0 0.48776042461395264 0.15138888359069824 0.0015625000232830644 0.015740741044282913
0 0.5059896111488342 0.2527777850627899 0.0036458333488553762 0.024074073880910873
0 0.46927082538604736 0.22083333134651184 0.0031250000465661287 0.021296296268701553
0 0.49140626192092896 0.14074073731899261 0.0015625000232830644 0.014814814552664757
