8 0.4997395873069763 0.2351851910352707 0.0026041667442768812 0.025925925001502037
1 0.5390625 0.2291666716337204 0.02500000037252903 0.026851851493120193
2 0.5244791507720947 0.26342591643333435 0.02604166604578495 0.08981481194496155
0 0.2825520932674408 0.9611111283302307 0.0234375 0.06666667014360428
0 0.5497395992279053 0.2597222328186035 0.0036458333488553762 0.02500000037252903
0 0.45390623807907104 0.3018518388271332 0.004687500186264515 0.02777777798473835
0 0.40234375 0.49444442987442017 0.008854166604578495 0.04259259253740311
0 0.48750001192092896 0.15509259700775146 0.0020833334419876337 0.015740741044282913
0 0.5065104365348816 0.26157405972480774 0.0036458333488553762 0.02500000037252903
0 0.4684895873069763 0.2273148149251938 0.0026041667442768812 0.021296296268701553
0 0.4908854067325592 0.14398148655891418 0.0015625000232830644 0.013888888992369175
