8 0.49947917461395264 0.23796296119689941 0.0031250000465661287 0.025925925001502037
1 0.5395833253860474 0.23148147761821747 0.02500000037252903 0.025925925001502037
2 0.5249999761581421 0.2671296298503876 0.02604166604578495 0.09166666865348816
0 0.2747395932674408 0.9810185432434082 0.02447916753590107 0.037962961941957474
0 0.5502604246139526 0.26249998807907104 0.0036458333488553762 0.02500000037252903
0 0.453125 0.30601853132247925 0.004166666883975267 0.028703704476356506
0 0.4007812440395355 0.5037037134170532 0.008854166604578495 0.04259259253740311
0 0.48750001192092896 0.15601852536201477 0.0020833334419876337 0.015740741044282913
0 0.5065104365348816 0.26435184478759766 0.0036458333488553762 0.02500000037252903
0 0.46822917461395264 0.2291666716337204 0.0031250000465661287 0.021296296268701553
0 0.4908854067325592 0.14537036418914795 0.0015625000232830644 0.014814814552664757
