8 0.4997395873069763 0.21944443881511688 0.0026041667442768812 0.024074073880910873
7 0.4192708432674408 0.8537036776542664 0.02916666679084301 0.12037037312984467
1 0.5356770753860474 0.2162037044763565 0.0234375 0.02500000037252903
2 0.5229166746139526 0.24537037312984467 0.02395833283662796 0.0833333358168602
0 0.3203125 0.7912036776542664 0.01770833320915699 0.05833333358168602
0 0.5481770634651184 0.2430555522441864 0.0036458333488553762 0.023148147389292717
0 0.5328124761581421 0.244907408952713 0.0031250000465661287 0.023148147389292717
0 0.45781248807907104 0.2787036895751953 0.004166666883975267 0.025925925001502037
0 0.41197916865348816 0.4435185194015503 0.0072916666977107525 0.03888889029622078
0 0.48776042461395264 0.14861111342906952 0.0015625000232830644 0.015740741044282913
0 0.5057291388511658 0.244907408952713 0.0031250000465661287 0.023148147389292717
0 0.4700520932674408 0.21481481194496155 0.0026041667442768812 0.020370369777083397
0 0.49140626192092896 0.1379629671573639 0.0015625000232830644 0.014814814552664757
