8 0.49947917461395264 0.24074074625968933 0.0031250000465661287 0.025925925001502037
1 0.5403645634651184 0.23379629850387573 0.02552083320915699 0.026851851493120193
2 0.5252603888511658 0.27037036418914795 0.02656250074505806 0.09259258955717087
0 0.5502604246139526 0.26527777314186096 0.0036458333488553762 0.02500000037252903
0 0.45234376192092896 0.3106481432914734 0.004687500186264515 0.028703704476356506
0 0.3986979126930237 0.5134259462356567 0.008854166604578495 0.043518517166376114
0 0.48750001192092896 0.15694443881511688 0.0020833334419876337 0.015740741044282913
0 0.5067708492279053 0.2671296298503876 0.004166666883975267 0.02500000037252903
0 0.4677083194255829 0.23148147761821747 0.0031250000465661287 0.02222222276031971
0 0.4908854067325592 0.14629629254341125 0.0015625000232830644 0.014814814552664757
