8 0.4997395873069763 0.22962963581085205 0.0026041667442768812 0.024074073880910873
7 0.4033854305744171 0.9685184955596924 0.03697916492819786 0.06296296417713165
1 0.5377604365348816 0.22453702986240387 0.02447916753590107 0.02500000037252903
2 0.524218738079071 0.25740739703178406 0.02552083320915699 0.08703703433275223
0 0.296875 0.8967592716217041 0.02083333395421505 0.06388889253139496
0 0.5492187738418579 0.2537037134170532 0.0036458333488553762 0.024074073880910873
0 0.5328124761581421 0.25555557012557983 0.0031250000465661287 0.024074073880910873
0 0.45520833134651184 0.2935185134410858 0.004166666883975267 0.02777777798473835
0 0.40572917461395264 0.47592592239379883 0.008333333767950535 0.040740739554166794
0 0.48750001192092896 0.1527777761220932 0.0020833334419876337 0.014814814552664757
0 0.5062500238418579 0.25555557012557983 0.0031250000465661287 0.024074073880910873
0 0.4690104126930237 0.22268518805503845 0.0026041667442768812 0.021296296268701553
0 0.4911458194255829 0.14166666567325592 0.0020833334419876337 0.014814814552664757
