4 0.9330729246139526 0.2083333283662796 0.13385416567325592 0.06851851940155029
8 0.4997395873069763 0.23240740597248077 0.0026041667442768812 0.025925925001502037
1 0.538281261920929 0.22685185074806213 0.02447916753590107 0.025925925001502037
2 0.524218738079071 0.260185182094574 0.02552083320915699 0.08888889104127884
0 0.28984373807907104 0.9282407164573669 0.02239583246409893 0.06574074178934097
0 0.5494791865348816 0.25648146867752075 0.0031250000465661287 0.024074073880910873
0 0.4546875059604645 0.29814815521240234 0.004166666883975267 0.02777777798473835
0 0.40416666865348816 0.48564815521240234 0.008333333767950535 0.0416666679084301
0 0.48750001192092896 0.1537037044763565 0.0020833334419876337 0.014814814552664757
0 0.5065104365348816 0.2587963044643402 0.0036458333488553762 0.02500000037252903
0 0.46875 0.22499999403953552 0.0031250000465661287 0.02222222276031971
0 0.4911458194255829 0.14259259402751923 0.0020833334419876337 0.014814814552664757
4 0.9333333373069763 0.2083333283662796 0.13333334028720856 0.06851851940155029
