4 0.9455729126930237 0.2240740805864334 0.10885416716337204 0.07407407462596893
8 0.49921876192092896 0.2532407343387604 0.0026041667442768812 0.026851851493120193
1 0.5427083373069763 0.2439814805984497 0.02708333358168602 0.028703704476356506
2 0.526562511920929 0.28425925970077515 0.02812499925494194 0.09814814478158951
0 0.551562488079071 0.2777777910232544 0.004166666883975267 0.025925925001502037
0 0.44921875 0.3291666805744171 0.004687500186264515 0.03055555559694767
0 0.3908854126930237 0.5574073791503906 0.00989583320915699 0.046296294778585434
0 0.4872395694255829 0.16111111640930176 0.0015625000232830644 0.01666666753590107
0 0.5072916746139526 0.28009259700775146 0.004166666883975267 0.026851851493120193
0 0.46666666865348816 0.24074074625968933 0.0031250000465661287 0.02222222276031971
0 0.4908854067325592 0.15046297013759613 0.0015625000232830644 0.015740741044282913
4 0.946093738079071 0.2240740805864334 0.10781250149011612 0.07407407462596893
