4 0.9505208134651184 0.23101851344108582 0.0989583358168602 0.07500000298023224
8 0.4973958432674408 0.26342591643333435 0.0031250000465661287 0.028703704476356506
1 0.5424479246139526 0.2518518567085266 0.02760416641831398 0.029629629105329514
2 0.5263020992279053 0.2958333194255829 0.02968749962747097 0.10277777910232544
0 0.5510416626930237 0.28842592239379883 0.004166666883975267 0.026851851493120193
0 0.4453125 0.3444444537162781 0.0052083334885537624 0.031481482088565826
0 0.3825520873069763 0.595370352268219 0.010937499813735485 0.04814814776182175
0 0.4854166805744171 0.1648148149251938 0.0020833334419876337 0.01666666753590107
0 0.5059896111488342 0.29027777910232544 0.0036458333488553762 0.026851851493120193
0 0.46432292461395264 0.2481481432914734 0.0036458333488553762 0.024074073880910873
0 0.48880207538604736 0.1537037044763565 0.0015625000232830644 0.014814814552664757
4 0.9507812261581421 0.23101851344108582 0.09843750298023224 0.07500000298023224
