8 0.49921876192092896 0.24675926566123962 0.0026041667442768812 0.026851851493120193
1 0.5416666865348816 0.23888888955116272 0.02604166604578495 0.02777777798473835
2 0.5257812738418579 0.27731481194496155 0.02760416641831398 0.09537036716938019
0 0.55078125 0.27129629254341125 0.0036458333488553762 0.025925925001502037
0 0.4507812559604645 0.3194444477558136 0.004687500186264515 0.029629629105329514
0 0.39505207538604736 0.5342592597007751 0.008854166604578495 0.04444444552063942
0 0.4872395694255829 0.1587962955236435 0.0015625000232830644 0.015740741044282913
0 0.507031261920929 0.27314814925193787 0.0036458333488553762 0.025925925001502037
0 0.4671874940395355 0.2361111044883728 0.0031250000465661287 0.02222222276031971
0 0.4908854067325592 0.14814814925193787 0.0015625000232830644 0.014814814552664757
