8 0.4937500059604645 0.2708333432674408 0.0031250000465661287 0.028703704476356506
1 0.5395833253860474 0.2569444477558136 0.02812499925494194 0.03055555559694767
2 0.5234375 0.3037036955356598 0.03020833246409893 0.10555555671453476
0 0.5479166507720947 0.2953703701496124 0.004166666883975267 0.02777777798473835
0 0.4398437440395355 0.3560185134410858 0.00572916679084301 0.032407406717538834
0 0.37421876192092896 0.6240741014480591 0.01197916641831398 0.05000000074505806
0 0.48124998807907104 0.1666666716337204 0.0020833334419876337 0.01666666753590107
0 0.5023437738418579 0.29722222685813904 0.0036458333488553762 0.02777777798473835
0 0.4598958194255829 0.2537037134170532 0.0031250000465661287 0.024074073880910873
0 0.48489582538604736 0.15601852536201477 0.0020833334419876337 0.015740741044282913
