8 0.4986979067325592 0.260185182094574 0.0026041667442768812 0.02777777798473835
1 0.5432291626930237 0.24953703582286835 0.02708333358168602 0.028703704476356506
2 0.5270833373069763 0.29212963581085205 0.02916666679084301 0.10092592239379883
0 0.5518229007720947 0.2847222089767456 0.0036458333488553762 0.026851851493120193
0 0.44713541865348816 0.3393518626689911 0.004687500186264515 0.03055555559694767
0 0.38593751192092896 0.5824074149131775 0.010416666977107525 0.04814814776182175
0 0.48645833134651184 0.16342592239379883 0.0020833334419876337 0.015740741044282913
0 0.507031261920929 0.2865740656852722 0.0036458333488553762 0.026851851493120193
0 0.46562498807907104 0.24583333730697632 0.0031250000465661287 0.023148147389292717
0 0.49010416865348816 0.15231481194496155 0.0020833334419876337 0.015740741044282913
