8 0.4958333373069763 0.2671296298503876 0.0031250000465661287 0.028703704476356506
1 0.5411458611488342 0.25462964177131653 0.02812499925494194 0.029629629105329514
2 0.5247395634651184 0.30000001192092896 0.02968749962747097 0.10370370000600815
0 0.5497395992279053 0.2916666567325592 0.0036458333488553762 0.02777777798473835
0 0.4427083432674408 0.35046297311782837 0.0052083334885537624 0.032407406717538834
0 0.3786458373069763 0.6092592477798462 0.01145833358168602 0.05000000074505806
0 0.4833333194255829 0.1657407432794571 0.0020833334419876337 0.01666666753590107
0 0.5044270753860474 0.2935185134410858 0.0036458333488553762 0.02777777798473835
0 0.4622395932674408 0.2509259283542633 0.0036458333488553762 0.024074073880910873
0 0.4869791567325592 0.15509259700775146 0.0020833334419876337 0.015740741044282913
