8 0.46822917461395264 0.3254629671573639 0.004166666883975267 0.03611111268401146
1 0.5216146111488342 0.2944444417953491 0.03177083283662796 0.035185184329748154
2 0.504687488079071 0.36342594027519226 0.03541666641831398 0.13055555522441864
0 0.5294271111488342 0.34675925970077515 0.004687500186264515 0.032407406717538834
0 0.5611979365348816 0.3097222149372101 0.004687500186264515 0.028703704476356506
0 0.40156251192092896 0.4444444477558136 0.0072916666977107525 0.03888889029622078
0 0.3059895932674408 0.8810185194015503 0.02031249925494194 0.06388889253139496
0 0.45494791865348816 0.18333333730697632 0.0026041667442768812 0.018518518656492233
0 0.4789062440395355 0.3490740656852722 0.0036458333488553762 0.031481482088565826
0 0.4307291805744171 0.29027777910232544 0.004166666883975267 0.026851851493120193
0 0.4585937559604645 0.17175926268100739 0.0026041667442768812 0.017592592164874077
