8 0.44999998807907104 0.36342594027519226 0.0052083334885537624 0.03981481492519379
1 0.5080729126930237 0.31805557012557983 0.0338541679084301 0.037962961941957474
2 0.4906249940395355 0.4027777910232544 0.03958333283662796 0.14814814925193787
0 0.5171874761581421 0.37962964177131653 0.0052083334885537624 0.035185184329748154
0 0.5505208373069763 0.3375000059604645 0.0052083334885537624 0.03055555559694767
0 0.3734374940395355 0.5083333253860474 0.00937500037252903 0.04259259253740311
0 0.43697917461395264 0.19305555522441864 0.0031250000465661287 0.01944444514811039
0 0.4611979126930237 0.38333332538604736 0.00572916679084301 0.035185184329748154
0 0.41015625 0.3134259283542633 0.004687500186264515 0.028703704476356506
0 0.4403645694255829 0.18101851642131805 0.0026041667442768812 0.017592592164874077
