8 0.44322916865348816 0.385185182094574 0.0052083334885537624 0.04259259253740311
1 0.5041666626930237 0.33101850748062134 0.03541666641831398 0.03981481492519379
2 0.4856770932674408 0.42592594027519226 0.04218750074505806 0.15925925970077515
0 0.5143229365348816 0.3986110985279083 0.004687500186264515 0.03611111268401146
0 0.5479166507720947 0.3532407283782959 0.0052083334885537624 0.032407406717538834
0 0.3604166805744171 0.5458333492279053 0.010416666977107525 0.04537037014961243
0 0.4309895932674408 0.19768518209457397 0.0026041667442768812 0.01944444514811039
0 0.4546875059604645 0.4027777910232544 0.0062500000931322575 0.03703703731298447
0 0.4026041626930237 0.32592591643333435 0.0052083334885537624 0.029629629105329514
0 0.4346354305744171 0.18611110746860504 0.0026041667442768812 0.018518518656492233
