8 0.46432292461395264 0.33703702688217163 0.004687500186264515 0.03703703731298447
1 0.5192708373069763 0.302314817905426 0.03229166567325592 0.03611111268401146
2 0.5023437738418579 0.3759259283542633 0.03697916492819786 0.13518518209457397
0 0.5270833373069763 0.35740742087364197 0.0052083334885537624 0.03333333507180214
0 0.5596354007720947 0.3185185194015503 0.004687500186264515 0.029629629105329514
0 0.3947916626930237 0.46388888359069824 0.008333333767950535 0.040740739554166794
0 0.28984373807907104 0.9467592835426331 0.02239583246409893 0.06574074178934097
0 0.45130208134651184 0.18611110746860504 0.0026041667442768812 0.018518518656492233
0 0.4752604067325592 0.3601851761341095 0.004687500186264515 0.03333333507180214
0 0.42630207538604736 0.2976851761341095 0.004687500186264515 0.026851851493120193
0 0.45494791865348816 0.1745370328426361 0.0026041667442768812 0.017592592164874077
