8 0.44453126192092896 0.3777777850627899 0.00572916679084301 0.04259259253740311
1 0.5044270753860474 0.3263888955116272 0.03489583358168602 0.03981481492519379
2 0.4867187440395355 0.41805556416511536 0.04114583507180214 0.1546296328306198
0 0.5140625238418579 0.3921296298503876 0.0052083334885537624 0.03611111268401146
0 0.5479166507720947 0.34768518805503845 0.0052083334885537624 0.032407406717538834
0 0.36406248807907104 0.5333333611488342 0.010416666977107525 0.04444444552063942
0 0.4320312440395355 0.19629628956317902 0.0026041667442768812 0.018518518656492233
0 0.45625001192092896 0.39629629254341125 0.0062500000931322575 0.035185184329748154
0 0.40416666865348816 0.3222222328186035 0.0052083334885537624 0.029629629105329514
0 0.43567708134651184 0.18425926566123962 0.0026041667442768812 0.018518518656492233
