8 0.4466145932674408 0.37037035822868347 0.004687500186264515 0.040740739554166794
1 0.5057291388511658 0.3222222328186035 0.03437500074505806 0.03888889029622078
2 0.4880208373069763 0.4106481373310089 0.04062499850988388 0.1509259194135666
0 0.514843761920929 0.3861111104488373 0.00572916679084301 0.035185184329748154
0 0.5486978888511658 0.34259259700775146 0.004687500186264515 0.031481482088565826
0 0.3684895932674408 0.5208333134651184 0.00989583320915699 0.043518517166376114
0 0.4338541626930237 0.1944444477558136 0.0031250000465661287 0.018518518656492233
0 0.4583333432674408 0.3898148238658905 0.0062500000931322575 0.035185184329748154
0 0.40677082538604736 0.31805557012557983 0.0052083334885537624 0.028703704476356506
0 0.4372395873069763 0.18287037312984467 0.0026041667442768812 0.017592592164874077
