8 0.44218748807907104 0.3921296298503876 0.0052083334885537624 0.043518517166376114
1 0.5041666626930237 0.33564814925193787 0.0364583320915699 0.0416666679084301
2 0.4856770932674408 0.4337962865829468 0.04322916641831398 0.16203702986240387
0 0.5143229365348816 0.40509259700775146 0.004687500186264515 0.03611111268401146
0 0.5484374761581421 0.35879629850387573 0.0052083334885537624 0.032407406717538834
0 0.3570312559604645 0.5592592358589172 0.010937499813735485 0.046296294778585434
0 0.43046873807907104 0.19953703880310059 0.0026041667442768812 0.01944444514811039
0 0.45390623807907104 0.40925925970077515 0.006770833395421505 0.03703703731298447
0 0.4013020694255829 0.33009257912635803 0.00572916679084301 0.03055555559694767
0 0.4338541626930237 0.18796296417713165 0.0031250000465661287 0.018518518656492233
