8 0.4348958432674408 0.4435185194015503 0.0062500000931322575 0.05000000074505806
1 0.504687488079071 0.3717592656612396 0.03958333283662796 0.04722222313284874
2 0.4830729067325592 0.5018518567085266 0.05052083358168602 0.1944444477558136
0 0.5091145634651184 0.22453702986240387 0.0026041667442768812 0.021296296268701553
0 0.5130208134651184 0.4592592716217041 0.0062500000931322575 0.040740739554166794
0 0.5526041388511658 0.40416666865348816 0.0062500000931322575 0.03611111268401146
0 0.32760417461395264 0.6763888597488403 0.014583333395421505 0.05277777835726738
0 0.42656248807907104 0.21203704178333282 0.0031250000465661287 0.020370369777083397
0 0.44843751192092896 0.4643518626689911 0.0072916666977107525 0.0416666679084301
0 0.3916666805744171 0.36342594027519226 0.0062500000931322575 0.032407406717538834
0 0.4299479126930237 0.20000000298023224 0.0026041667442768812 0.020370369777083397
