8 0.43359375 0.4523148238658905 0.006770833395421505 0.05092592537403107
1 0.504687488079071 0.3777777850627899 0.04062499850988388 0.04814814776182175
2 0.4828124940395355 0.5129629373550415 0.0520833320915699 0.20000000298023224
0 0.5091145634651184 0.22638888657093048 0.0026041667442768812 0.021296296268701553
0 0.5130208134651184 0.4680555462837219 0.0062500000931322575 0.0416666679084301
0 0.5531250238418579 0.41203704476356506 0.0062500000931322575 0.03703703731298447
0 0.32213541865348816 0.6972222328186035 0.015104166232049465 0.05370370298624039
0 0.4255208373069763 0.21388888359069824 0.0031250000465661287 0.020370369777083397
0 0.4476562440395355 0.47361111640930176 0.0078125 0.0416666679084301
0 0.39010417461395264 0.36851853132247925 0.0062500000931322575 0.03333333507180214
0 0.4294270873069763 0.20185184478759766 0.0026041667442768812 0.020370369777083397
