8 0.4359374940395355 0.4356481432914734 0.0062500000931322575 0.049074072390794754
1 0.5044270753860474 0.36574074625968933 0.0390625 0.046296294778585434
2 0.48359376192092896 0.49074074625968933 0.0494791679084301 0.18888889253139496
0 0.5091145634651184 0.2222222238779068 0.0026041667442768812 0.02222222276031971
0 0.5132812261581421 0.4504629671573639 0.006770833395421505 0.03981481492519379
0 0.5518229007720947 0.3967592716217041 0.00572916679084301 0.03611111268401146
0 0.33255207538604736 0.6564815044403076 0.01406249962747097 0.051851850003004074
0 0.4270833432674408 0.2101851850748062 0.0031250000465661287 0.020370369777083397
0 0.4494791626930237 0.4555555582046509 0.0072916666977107525 0.040740739554166794
0 0.3932291567325592 0.3578703701496124 0.0062500000931322575 0.032407406717538834
0 0.4307291805744171 0.19861111044883728 0.0031250000465661287 0.01944444514811039
