8 0.4312500059604645 0.4703703820705414 0.0072916666977107525 0.05370370298624039
1 0.504687488079071 0.3898148238658905 0.0416666679084301 0.05000000074505806
2 0.4817708432674408 0.5375000238418579 0.05416666716337204 0.21203704178333282
0 0.512499988079071 0.48657408356666565 0.0062500000931322575 0.0416666679084301
0 0.5546875 0.427314817905426 0.0062500000931322575 0.037962961941957474
0 0.3109374940395355 0.7421296238899231 0.01666666753590107 0.05648148059844971
0 0.4244791567325592 0.21805556118488312 0.0031250000465661287 0.021296296268701553
0 0.4455729126930237 0.4921296238899231 0.0078125 0.043518517166376114
0 0.3869791626930237 0.37962964177131653 0.0062500000931322575 0.03333333507180214
0 0.4281249940395355 0.20555555820465088 0.0031250000465661287 0.020370369777083397
