8 0.4283854067325592 0.489814817905426 0.0078125 0.0555555559694767
1 0.5049479007720947 0.40231481194496155 0.04322916641831398 0.05277777835726738
2 0.4807291626930237 0.5634258985519409 0.0572916679084301 0.22499999403953552
0 0.5119791626930237 0.5069444179534912 0.0062500000931322575 0.043518517166376114
0 0.5559895634651184 0.44398146867752075 0.006770833395421505 0.03981481492519379
0 0.2979166805744171 0.7935185432434082 0.01875000074505806 0.05925925821065903
0 0.4231770932674408 0.22175925970077515 0.0036458333488553762 0.021296296268701553
0 0.4437499940395355 0.512499988079071 0.008333333767950535 0.04537037014961243
0 0.38359373807907104 0.3907407522201538 0.006770833395421505 0.035185184329748154
0 0.4270833432674408 0.2092592567205429 0.0031250000465661287 0.020370369777083397
