8 0.42395833134651184 0.5208333134651184 0.008333333767950535 0.06018518656492233
1 0.5054687261581421 0.42314815521240234 0.04531250149011612 0.0555555559694767
2 0.4791666567325592 0.6087962985038757 0.0625 0.2490740716457367
0 0.5098958611488342 0.2421296238899231 0.0031250000465661287 0.023148147389292717
0 0.5111979246139526 0.5402777791023254 0.006770833395421505 0.04537037014961243
0 0.55859375 0.47175925970077515 0.006770833395421505 0.0416666679084301
0 0.46041667461395264 0.550000011920929 0.0072916666977107525 0.046296294778585434
0 0.2744791805744171 0.8856481313705444 0.02187499962747097 0.06388889253139496
0 0.42109376192092896 0.2282407432794571 0.0036458333488553762 0.021296296268701553
0 0.4403645694255829 0.5467592477798462 0.008854166604578495 0.04722222313284874
0 0.37812501192092896 0.4097222089767456 0.0072916666977107525 0.03611111268401146
0 0.42500001192092896 0.2162037044763565 0.0031250000465661287 0.021296296268701553
