8 0.4208333194255829 0.5435185432434082 0.00937500037252903 0.06296296417713165
1 0.5057291388511658 0.4384259283542633 0.046875 0.05833333358168602
2 0.4778645932674408 0.6430555582046509 0.06614582985639572 0.26759257912635803
0 0.5106770992279053 0.5652777552604675 0.006770833395421505 0.04722222313284874
0 0.5604166388511658 0.4921296238899231 0.0072916666977107525 0.043518517166376114
0 0.45703125 0.5759259462356567 0.0078125 0.04814814776182175
0 0.25572916865348816 0.9592592716217041 0.02500000037252903 0.06666667014360428
0 0.4195312559604645 0.23240740597248077 0.0036458333488553762 0.02222222276031971
0 0.4377604126930237 0.5717592835426331 0.008854166604578495 0.049074072390794754
0 0.37421876192092896 0.42314815521240234 0.0078125 0.03703703731298447
0 0.4234375059604645 0.21990740299224854 0.0031250000465661287 0.021296296268701553
