8 0.4255208373069763 0.5106481313705444 0.008333333767950535 0.05833333358168602
1 0.5052083134651184 0.41620370745658875 0.04479166492819786 0.05462963134050369
2 0.47968751192092896 0.5935184955596924 0.06041666492819786 0.24074074625968933
0 0.5114583373069763 0.5287036895751953 0.0062500000931322575 0.04444444552063942
0 0.557812511920929 0.46203702688217163 0.0072916666977107525 0.040740739554166794
0 0.2828125059604645 0.8532407283782959 0.02083333395421505 0.06203703582286835
0 0.4216145873069763 0.22592592239379883 0.0036458333488553762 0.02222222276031971
0 0.4416666626930237 0.5351851582527161 0.008333333767950535 0.046296294778585434
0 0.3802083432674408 0.40324074029922485 0.0072916666977107525 0.03611111268401146
0 0.4255208373069763 0.21388888359069824 0.0031250000465661287 0.020370369777083397
