8 0.4296875 0.4800925850868225 0.0072916666977107525 0.05462963134050369
1 0.5049479007720947 0.3958333432674408 0.04218750074505806 0.05092592537403107
2 0.4815104305744171 0.550000011920929 0.05572916567325592 0.21851852536201477
0 0.5119791626930237 0.4962962865829468 0.0062500000931322575 0.04259259253740311
0 0.5552083253860474 0.43518519401550293 0.0062500000931322575 0.03888889029622078
0 0.3046875 0.7666666507720947 0.01770833320915699 0.05740740895271301
0 0.42369791865348816 0.21990740299224854 0.0036458333488553762 0.021296296268701553
0 0.44479167461395264 0.5023148059844971 0.008333333767950535 0.043518517166376114
0 0.3854166567325592 0.3847222328186035 0.0062500000931322575 0.034259259700775146
0 0.42760416865348816 0.2074074000120163 0.0031250000465661287 0.020370369777083397
