8 0.4221354126930237 0.5324074029922485 0.008854166604578495 0.06111111119389534
1 0.5052083134651184 0.4305555522441864 0.04583333432674408 0.05740740895271301
2 0.47838541865348816 0.6254629492759705 0.06406249850988388 0.25833332538604736
0 0.510937511920929 0.552314817905426 0.0062500000931322575 0.04537037014961243
0 0.559374988079071 0.48148149251937866 0.0072916666977107525 0.04259259253740311
0 0.4585937559604645 0.5625 0.0078125 0.04722222313284874
0 0.265625 0.9203703999519348 0.02291666716337204 0.06481481343507767
0 0.42005208134651184 0.23055554926395416 0.0036458333488553762 0.02222222276031971
0 0.4390625059604645 0.5587962865829468 0.008333333767950535 0.04722222313284874
0 0.3763020932674408 0.41620370745658875 0.0078125 0.03611111268401146
0 0.4242187440395355 0.21805556118488312 0.0036458333488553762 0.021296296268701553
