8 0.4270833432674408 0.5 0.008333333767950535 0.05740740895271301
1 0.5052083134651184 0.40925925970077515 0.04374999925494194 0.05370370298624039
2 0.48046875 0.5782407522201538 0.05885416641831398 0.23240740597248077
0 0.51171875 0.5175926089286804 0.006770833395421505 0.04444444552063942
0 0.5570312738418579 0.4532407522201538 0.006770833395421505 0.03981481492519379
0 0.2906250059604645 0.8222222328186035 0.01979166641831398 0.06111111119389534
0 0.42239582538604736 0.2240740805864334 0.0031250000465661287 0.02222222276031971
0 0.4427083432674408 0.5236111283302307 0.008333333767950535 0.04537037014961243
0 0.38203126192092896 0.39722222089767456 0.006770833395421505 0.035185184329748154
0 0.4260416626930237 0.21203704178333282 0.0031250000465661287 0.020370369777083397
