8 0.4190104305744171 0.5564814805984497 0.00989583320915699 0.06481481343507767
1 0.5057291388511658 0.4462963044643402 0.04791666567325592 0.05925925821065903
2 0.47708332538604736 0.6615740656852722 0.06875000149011612 0.2787036895751953
0 0.5104166865348816 0.5787037014961243 0.0062500000931322575 0.04814814776182175
0 0.5611979365348816 0.5032407641410828 0.0078125 0.043518517166376114
0 0.45494791865348816 0.5902777910232544 0.0078125 0.049074072390794754
0 0.24531249701976776 0.9833333492279053 0.02708333358168602 0.03333333507180214
0 0.41848957538604736 0.2351851910352707 0.0036458333488553762 0.02222222276031971
0 0.43671876192092896 0.5856481194496155 0.008854166604578495 0.049074072390794754
0 0.3721354305744171 0.43009260296821594 0.0078125 0.037962961941957474
0 0.4229166805744171 0.22268518805503845 0.0031250000465661287 0.021296296268701553
