8 0.4130208194255829 0.5967592597007751 0.010416666977107525 0.0694444477558136
1 0.5067708492279053 0.4722222089767456 0.05000000074505806 0.06481481343507767
2 0.47447916865348816 0.7245370149612427 0.07604166865348816 0.31388887763023376
0 0.5096353888511658 0.6226851940155029 0.006770833395421505 0.05092592537403107
0 0.5645833611488342 0.5388888716697693 0.008333333767950535 0.046296294778585434
0 0.4481770694255829 0.6365740895271301 0.008854166604578495 0.05277777835726738
0 0.4164062440395355 0.2421296238899231 0.0036458333488553762 0.023148147389292717
0 0.4325520694255829 0.6300926208496094 0.00989583320915699 0.05277777835726738
0 0.3656249940395355 0.45277777314186096 0.008333333767950535 0.03888889029622078
0 0.4205729067325592 0.22962963581085205 0.0036458333488553762 0.02222222276031971
