8 0.3895833194255829 0.762499988079071 0.015625 0.09351851791143417
1 0.514843761920929 0.574999988079071 0.06093750149011612 0.08518518507480621
2 0.46171873807907104 0.8824074268341064 0.11406250298023224 0.2351851910352707
0 0.5114583373069763 0.28333333134651184 0.0031250000465661287 0.025925925001502037
0 0.5122395753860474 0.23842592537403107 0.0026041667442768812 0.023148147389292717
0 0.5059896111488342 0.8106481432914734 0.008854166604578495 0.06018518656492233
0 0.577343761920929 0.6842592358589172 0.010937499813735485 0.0555555559694767
0 0.42135417461395264 0.8337963223457336 0.012500000186264515 0.06388889253139496
0 0.4078125059604645 0.26620370149612427 0.004166666883975267 0.02500000037252903
0 0.4140625 0.8175926208496094 0.012500000186264515 0.06296296417713165
0 0.3408854305744171 0.5370370149612427 0.010937499813735485 0.04444444552063942
0 0.41328126192092896 0.2537037134170532 0.0036458333488553762 0.024074073880910873
