8 0.3958333432674408 0.7175925970077515 0.014583333395421505 0.08703703433275223
1 0.512499988079071 0.5481481552124023 0.05833333358168602 0.07962962985038757
2 0.46536457538604736 0.854629635810852 0.10260416567325592 0.2907407283782959
0 0.5111979246139526 0.2768518626689911 0.0026041667442768812 0.025925925001502037
0 0.5122395753860474 0.23333333432674408 0.0026041667442768812 0.02222222276031971
0 0.5067708492279053 0.760185182094574 0.008333333767950535 0.05740740895271301
0 0.5736979246139526 0.645370364189148 0.00989583320915699 0.05370370298624039
0 0.4283854067325592 0.7800925970077515 0.01197916641831398 0.06018518656492233
0 0.4098958373069763 0.2606481611728668 0.004166666883975267 0.02500000037252903
0 0.4190104305744171 0.7662037014961243 0.01197916641831398 0.06018518656492233
0 0.3473958373069763 0.5152778029441833 0.010416666977107525 0.043518517166376114
0 0.41484373807907104 0.24768517911434174 0.0036458333488553762 0.023148147389292717
