8 0.39895832538604736 0.697685182094574 0.01354166679084301 0.08425925672054291
1 0.5111979246139526 0.5356481671333313 0.05677083507180214 0.07685185223817825
2 0.4671874940395355 0.8425925970077515 0.09791667014360428 0.31481480598449707
0 0.5111979246139526 0.27407407760620117 0.0026041667442768812 0.025925925001502037
0 0.5122395753860474 0.23055554926395416 0.0026041667442768812 0.02222222276031971
0 0.5072916746139526 0.737500011920929 0.008333333767950535 0.05648148059844971
0 0.5721353888511658 0.6277777552604675 0.00989583320915699 0.051851850003004074
0 0.43177083134651184 0.7555555701255798 0.01145833358168602 0.05925925821065903
0 0.41093748807907104 0.25740739703178406 0.004166666883975267 0.024074073880910873
0 0.42135417461395264 0.7435185313224792 0.01145833358168602 0.05925925821065903
0 0.3502604067325592 0.5055555701255798 0.00989583320915699 0.04259259253740311
0 0.41588541865348816 0.244907408952713 0.0036458333488553762 0.023148147389292717
