8 0.4111979305744171 0.6120370626449585 0.010937499813735485 0.07222222536802292
1 0.5072916746139526 0.4819444417953491 0.05104166641831398 0.06759259104728699
2 0.47343748807907104 0.7481481432914734 0.07916666567325592 0.32777777314186096
0 0.5106770992279053 0.2597222328186035 0.0026041667442768812 0.02500000037252903
0 0.5093749761581421 0.6393518447875977 0.0072916666977107525 0.05092592537403107
0 0.565625011920929 0.552314817905426 0.008333333767950535 0.04722222313284874
0 0.44583332538604736 0.6541666388511658 0.00937500037252903 0.05277777835726738
0 0.4153645932674408 0.244907408952713 0.0036458333488553762 0.023148147389292717
0 0.4309895932674408 0.6467592716217041 0.00989583320915699 0.05277777835726738
0 0.36328125 0.46064814925193787 0.008854166604578495 0.03981481492519379
0 0.41979166865348816 0.23240740597248077 0.0031250000465661287 0.02222222276031971
