8 0.4088541567325592 0.6273148059844971 0.01145833358168602 0.07500000298023224
1 0.5080729126930237 0.49166667461395264 0.05260416492819786 0.06851851940155029
2 0.4723958373069763 0.7740740776062012 0.08229167014360428 0.34259259700775146
0 0.5106770992279053 0.26249998807907104 0.0026041667442768812 0.02500000037252903
0 0.5091145634651184 0.6564815044403076 0.0078125 0.051851850003004074
0 0.5669270753860474 0.5657407641410828 0.008854166604578495 0.04814814776182175
0 0.44322916865348816 0.6726852059364319 0.00937500037252903 0.05462963134050369
0 0.4143229126930237 0.24722221493721008 0.0036458333488553762 0.024074073880910873
0 0.4294270873069763 0.6643518805503845 0.00989583320915699 0.05462963134050369
0 0.3609375059604645 0.4694444537162781 0.00937500037252903 0.040740739554166794
0 0.4190104305744171 0.23425926268100739 0.0036458333488553762 0.02222222276031971
