8 0.3656249940395355 0.9296296238899231 0.02187499962747097 0.12037037312984467
1 0.5263020992279053 0.6694444417953491 0.07135416567325592 0.10370370000600815
0 0.512499988079071 0.30324074625968933 0.0031250000465661287 0.028703704476356506
0 0.5132812261581421 0.25462964177131653 0.0026041667442768812 0.024074073880910873
0 0.5018228888511658 0.9847221970558167 0.010937499813735485 0.03055555559694767
0 0.5893229246139526 0.8287037014961243 0.01406249962747097 0.06481481343507767
0 0.40156251192092896 0.2847222089767456 0.004166666883975267 0.026851851493120193
0 0.3947916626930237 0.9884259104728699 0.01666666753590107 0.023148147389292717
0 0.31953126192092896 0.6111111044883728 0.013020833022892475 0.05000000074505806
0 0.4072916805744171 0.2717592716217041 0.004166666883975267 0.02500000037252903
