8 0.37031251192092896 0.8967592716217041 0.02083333395421505 0.11388888955116272
1 0.524218738079071 0.6518518328666687 0.06927083432674408 0.10000000149011612
2 0.4476562440395355 0.9699074029922485 0.15677084028720856 0.06018518656492233
0 0.5122395753860474 0.30000001192092896 0.0036458333488553762 0.02777777798473835
0 0.5132812261581421 0.2518518567085266 0.0026041667442768812 0.024074073880910873
0 0.5026041865348816 0.9652777910232544 0.010416666977107525 0.06759259104728699
0 0.5869791507720947 0.8009259104728699 0.01354166679084301 0.06296296417713165
0 0.4013020694255829 0.9819444417953491 0.015104166232049465 0.03611111268401146
0 0.4026041626930237 0.28148147463798523 0.004166666883975267 0.025925925001502037
0 0.39895832538604736 0.9689815044403076 0.015625 0.06203703582286835
0 0.32369792461395264 0.5972222089767456 0.013020833022892475 0.04814814776182175
0 0.40833333134651184 0.26851850748062134 0.004166666883975267 0.025925925001502037
