8 0.3747395873069763 0.8657407164573669 0.01927083358168602 0.10925926268100739
1 0.5218750238418579 0.6347222328186035 0.0677083358168602 0.0972222238779068
2 0.45130208134651184 0.9495370388031006 0.14531250298023224 0.10092592239379883
0 0.5119791626930237 0.29629629850387573 0.0031250000465661287 0.02777777798473835
0 0.5130208134651184 0.2490740716457367 0.0031250000465661287 0.024074073880910873
0 0.5036458373069763 0.9296296238899231 0.010416666977107525 0.06666667014360428
0 0.5848958492279053 0.7740740776062012 0.012500000186264515 0.06111111119389534
0 0.4059895873069763 0.9606481194496155 0.015104166232049465 0.0694444477558136
0 0.4036458432674408 0.27824074029922485 0.004166666883975267 0.026851851493120193
0 0.40234375 0.9379629492759705 0.015104166232049465 0.06851851940155029
0 0.32760417461395264 0.5842592716217041 0.012500000186264515 0.04814814776182175
0 0.40937501192092896 0.26527777314186096 0.004166666883975267 0.02500000037252903
