1 0.6174479126930237 0.08287037163972855 0.01197916641831398 0.008333333767950535
1 0.8338541388511658 0.11249999701976776 0.0072916666977107525 0.010185184888541698
1 0.515625 0.13518518209457397 0.01666666753590107 0.014814814552664757
1 0.7557291388511658 0.08935185521841049 0.01666666753590107 0.010185184888541698
6 0.5294271111488342 0.1865740716457367 0.0026041667442768812 0.015740741044282913
6 0.870312511920929 0.1388888955116272 0.0072916666977107525 0.009259259328246117
6 0.8453124761581421 0.12824073433876038 0.0062500000931322575 0.008333333767950535
6 0.5247395634651184 0.16851851344108582 0.0078125 0.009259259328246117
6 0.9140625 0.15324074029922485 0.010416666977107525 0.013888888992369175
6 0.92578125 0.15555556118488312 0.010937499813735485 0.012962962500751019
6 0.8578125238418579 0.13379628956317902 0.0062500000931322575 0.008333333767950535
1 0.5130208134651184 0.07685185223817825 0.008333333767950535 0.007407407276332378
8 0.887499988079071 0.07592592388391495 0.0062500000931322575 0.007407407276332378
1 0.4924479126930237 0.09583333134651184 0.004687500186264515 0.010185184888541698
2 0.8606770634651184 0.09398148208856583 0.03281249850988388 0.028703704476356506
8 0.5023437738418579 0.0773148164153099 0.0036458333488553762 0.008333333767950535
7 0.8966146111488342 0.07685185223817825 0.0078125 0.007407407276332378
7 0.7942708134651184 0.11851851642131805 0.008333333767950535 0.012962962500751019
2 0.49166667461395264 0.14027777314186096 0.01354166679084301 0.04537037014961243
1 0.46432292461395264 0.23796296119689941 0.015104166232049465 0.031481482088565826
0 0.4947916567325592 0.06435184925794601 0.0010416667209938169 0.008333333767950535
0 0.49270832538604736 0.06666667014360428 0.0010416667209938169 0.009259259328246117
0 0.4924479126930237 0.0773148164153099 0.0015625000232830644 0.004629629664123058
0 0.49270832538604736 0.0754629597067833 0.0010416667209938169 0.008333333767950535
0 0.49270832538604736 0.0754629597067833 0.0010416667209938169 0.008333333767950535
0 0.49270832538604736 0.07268518209457397 0.0010416667209938169 0.008333333767950535
0 0.4924479126930237 0.07777778059244156 0.0015625000232830644 0.0055555556900799274
0 0.49270832538604736 0.0754629597067833 0.0010416667209938169 0.008333333767950535
0 0.49270832538604736 0.07268518209457397 0.0010416667209938169 0.008333333767950535
0 0.49270832538604736 0.0754629597067833 0.0010416667209938169 0.008333333767950535
0 0.49270832538604736 0.0754629597067833 0.0010416667209938169 0.008333333767950535
0 0.49270832538604736 0.07500000298023224 0.0010416667209938169 0.0055555556900799274
0 0.49270832538604736 0.07268518209457397 0.0010416667209938169 0.008333333767950535
0 0.49270832538604736 0.07268518209457397 0.0010416667209938169 0.008333333767950535
0 0.4924479126930237 0.07453703880310059 0.0015625000232830644 0.004629629664123058
0 0.49270832538604736 0.07268518209457397 0.0010416667209938169 0.008333333767950535
0 0.4924479126930237 0.0773148164153099 0.0015625000232830644 0.004629629664123058
0 0.71484375 0.0912037044763565 0.0026041667442768812 0.010185184888541698
0 0.5036458373069763 0.08425925672054291 0.0010416667209938169 0.009259259328246117
0 0.8895833492279053 0.07870370149612427 0.0031250000465661287 0.009259259328246117
0 0.49270832538604736 0.07268518209457397 0.0010416667209938169 0.008333333767950535
0 0.4703125059604645 0.09907407313585281 0.0010416667209938169 0.007407407276332378
0 0.49270832538604736 0.07268518209457397 0.0010416667209938169 0.008333333767950535
0 0.7973958253860474 0.1319444477558136 0.004166666883975267 0.013888888992369175
0 0.49270832538604736 0.07083333283662796 0.0010416667209938169 0.008333333767950535
0 0.36276042461395264 0.6000000238418579 0.00989583320915699 0.05000000074505806
0 0.7130208611488342 0.08055555820465088 0.0020833334419876337 0.009259259328246117
1 0.515625 0.13518518209457397 0.01666666753590107 0.014814814552664757
1 0.6174479126930237 0.08287037163972855 0.01197916641831398 0.008333333767950535
1 0.8338541388511658 0.11249999701976776 0.0072916666977107525 0.010185184888541698
1 0.7557291388511658 0.08935185521841049 0.01666666753590107 0.010185184888541698
