1 0.6190103888511658 0.08425925672054291 0.01197916641831398 0.007407407276332378
1 0.5158854126930237 0.1379629671573639 0.01718750037252903 0.014814814552664757
1 0.7588541507720947 0.0902777761220932 0.01666666753590107 0.010185184888541698
6 0.5302083492279053 0.19120369851589203 0.0031250000465661287 0.015740741044282913
6 0.8770833611488342 0.14166666567325592 0.0072916666977107525 0.009259259328246117
6 0.8510416746139526 0.1310185194015503 0.0062500000931322575 0.008333333767950535
6 0.5252603888511658 0.1726851910352707 0.0078125 0.010185184888541698
6 0.9221354126930237 0.15648147463798523 0.010937499813735485 0.012962962500751019
6 0.934374988079071 0.1587962955236435 0.01145833358168602 0.013888888992369175
6 0.8638020753860474 0.13611111044883728 0.006770833395421505 0.009259259328246117
1 0.9005208611488342 0.10694444179534912 0.01666666753590107 0.010185184888541698
1 0.5132812261581421 0.07824073731899261 0.008854166604578495 0.008333333767950535
8 0.8916666507720947 0.0773148164153099 0.0062500000931322575 0.008333333767950535
1 0.4924479126930237 0.0972222238779068 0.004687500186264515 0.011111111380159855
2 0.8635416626930237 0.09583333134651184 0.03333333507180214 0.028703704476356506
8 0.5023437738418579 0.07824073731899261 0.0036458333488553762 0.008333333767950535
7 0.9007812738418579 0.07777778059244156 0.0078125 0.007407407276332378
7 0.7986978888511658 0.12083332985639572 0.008854166604578495 0.012037036940455437
2 0.49140626192092896 0.14212962985038757 0.01406249962747097 0.04537037014961243
1 0.46302083134651184 0.24722221493721008 0.015625 0.03333333507180214
0 0.49270832538604736 0.06481481343507767 0.0010416667209938169 0.009259259328246117
0 0.4924479126930237 0.06712962687015533 0.0015625000232830644 0.008333333767950535
0 0.4924479126930237 0.07870370149612427 0.0015625000232830644 0.0055555556900799274
0 0.4924479126930237 0.07685185223817825 0.0015625000232830644 0.009259259328246117
0 0.4924479126930237 0.07685185223817825 0.0015625000232830644 0.009259259328246117
0 0.4924479126930237 0.07361111044883728 0.0015625000232830644 0.008333333767950535
0 0.4924479126930237 0.07870370149612427 0.0015625000232830644 0.0055555556900799274
0 0.4924479126930237 0.07685185223817825 0.0015625000232830644 0.009259259328246117
0 0.4924479126930237 0.07361111044883728 0.0015625000232830644 0.008333333767950535
0 0.4924479126930237 0.07685185223817825 0.0015625000232830644 0.009259259328246117
0 0.4924479126930237 0.07685185223817825 0.0015625000232830644 0.009259259328246117
0 0.4924479126930237 0.07592592388391495 0.0015625000232830644 0.0055555556900799274
0 0.4924479126930237 0.07361111044883728 0.0015625000232830644 0.008333333767950535
0 0.4924479126930237 0.07361111044883728 0.0015625000232830644 0.008333333767950535
0 0.4924479126930237 0.0754629597067833 0.0015625000232830644 0.004629629664123058
0 0.4924479126930237 0.07361111044883728 0.0015625000232830644 0.008333333767950535
0 0.4924479126930237 0.07870370149612427 0.0015625000232830644 0.0055555556900799274
0 0.7174479365348816 0.09305555373430252 0.0026041667442768812 0.010185184888541698
0 0.5036458373069763 0.08518518507480621 0.0010416667209938169 0.009259259328246117
0 0.8942708373069763 0.07962962985038757 0.0031250000465661287 0.009259259328246117
0 0.4924479126930237 0.07361111044883728 0.0015625000232830644 0.008333333767950535
0 0.4700520932674408 0.10092592239379883 0.0015625000232830644 0.007407407276332378
0 0.4924479126930237 0.07361111044883728 0.0015625000232830644 0.008333333767950535
0 0.4924479126930237 0.07175926119089127 0.0015625000232830644 0.008333333767950535
0 0.35208332538604736 0.644444465637207 0.01145833358168602 0.051851850003004074
0 0.715624988079071 0.08148147910833359 0.0020833334419876337 0.009259259328246117
1 0.5158854126930237 0.1379629671573639 0.01718750037252903 0.014814814552664757
1 0.6190103888511658 0.08425925672054291 0.01197916641831398 0.007407407276332378
1 0.7588541507720947 0.0902777761220932 0.01666666753590107 0.010185184888541698
