1 0.6156250238418579 0.08148147910833359 0.01145833358168602 0.007407407276332378
1 0.8276041746139526 0.11064814776182175 0.0072916666977107525 0.010185184888541698
1 0.5151041746139526 0.1319444477558136 0.01666666753590107 0.013888888992369175
1 0.7518228888511658 0.08749999850988388 0.01614583283662796 0.010185184888541698
6 0.5286458134651184 0.1805555522441864 0.0031250000465661287 0.014814814552664757
6 0.8377603888511658 0.12546296417713165 0.00572916679084301 0.008333333767950535
6 0.524218738079071 0.16388888657093048 0.0078125 0.009259259328246117
6 0.9036458134651184 0.14907407760620117 0.010416666977107525 0.012962962500751019
6 0.9151041507720947 0.1509259194135666 0.010416666977107525 0.012962962500751019
6 0.8500000238418579 0.13055555522441864 0.0062500000931322575 0.009259259328246117
1 0.5127604007720947 0.07592592388391495 0.008854166604578495 0.007407407276332378
8 0.8822916746139526 0.07500000298023224 0.0062500000931322575 0.007407407276332378
1 0.49270832538604736 0.09490741044282913 0.0052083334885537624 0.010185184888541698
2 0.8570312261581421 0.09259258955717087 0.03177083283662796 0.02777777798473835
8 0.5023437738418579 0.07592592388391495 0.0036458333488553762 0.007407407276332378
7 0.891406238079071 0.0754629597067833 0.0078125 0.006481481250375509
7 0.788281261920929 0.11620370298624039 0.0078125 0.012037036940455437
2 0.49166667461395264 0.13703703880310059 0.01354166679084301 0.04444444552063942
1 0.4658854305744171 0.22638888657093048 0.01406249962747097 0.028703704476356506
0 0.4947916567325592 0.06203703582286835 0.0010416667209938169 0.009259259328246117
0 0.49270832538604736 0.06527777761220932 0.0010416667209938169 0.008333333767950535
0 0.4924479126930237 0.0763888880610466 0.0015625000232830644 0.004629629664123058
0 0.49270832538604736 0.07453703880310059 0.0010416667209938169 0.008333333767950535
0 0.49270832538604736 0.07453703880310059 0.0010416667209938169 0.008333333767950535
0 0.49270832538604736 0.07129629701375961 0.0010416667209938169 0.009259259328246117
0 0.4924479126930237 0.0763888880610466 0.0015625000232830644 0.004629629664123058
0 0.49270832538604736 0.07453703880310059 0.0010416667209938169 0.008333333767950535
0 0.49270832538604736 0.07129629701375961 0.0010416667209938169 0.009259259328246117
0 0.49270832538604736 0.07453703880310059 0.0010416667209938169 0.008333333767950535
0 0.49270832538604736 0.07453703880310059 0.0010416667209938169 0.008333333767950535
0 0.49270832538604736 0.07361111044883728 0.0010416667209938169 0.006481481250375509
0 0.49270832538604736 0.07129629701375961 0.0010416667209938169 0.009259259328246117
0 0.49270832538604736 0.07175926119089127 0.0010416667209938169 0.008333333767950535
0 0.4924479126930237 0.07314814627170563 0.0015625000232830644 0.0055555556900799274
0 0.49270832538604736 0.07129629701375961 0.0010416667209938169 0.009259259328246117
0 0.4924479126930237 0.0763888880610466 0.0015625000232830644 0.004629629664123058
0 0.7114583253860474 0.08981481194496155 0.0020833334419876337 0.009259259328246117
0 0.5036458373069763 0.0824074074625969 0.0010416667209938169 0.009259259328246117
0 0.8833333253860474 0.0773148164153099 0.0031250000465661287 0.008333333767950535
0 0.49270832538604736 0.07129629701375961 0.0010416667209938169 0.009259259328246117
0 0.47083333134651184 0.09768518805503845 0.0010416667209938169 0.006481481250375509
0 0.49270832538604736 0.07175926119089127 0.0010416667209938169 0.008333333767950535
0 0.7911458611488342 0.12870369851589203 0.004166666883975267 0.012962962500751019
0 0.49270832538604736 0.06990740448236465 0.0010416667209938169 0.008333333767950535
0 0.3747395873069763 0.5490740537643433 0.008854166604578495 0.046296294778585434
0 0.7093750238418579 0.07916666567325592 0.0020833334419876337 0.008333333767950535
0 0.2710937559604645 0.9023148417472839 0.02239583246409893 0.06388889253139496
1 0.5151041746139526 0.1319444477558136 0.01666666753590107 0.013888888992369175
1 0.6156250238418579 0.08148147910833359 0.01145833358168602 0.007407407276332378
1 0.8276041746139526 0.11064814776182175 0.0072916666977107525 0.010185184888541698
1 0.7518228888511658 0.08749999850988388 0.01614583283662796 0.010185184888541698
