1 0.6184895634651184 0.08379629999399185 0.01197916641831398 0.008333333767950535
1 0.5158854126930237 0.13703703880310059 0.01718750037252903 0.014814814552664757
1 0.7578125 0.08981481194496155 0.01666666753590107 0.009259259328246117
6 0.5296875238418579 0.1893518567085266 0.0031250000465661287 0.015740741044282913
6 0.8489583134651184 0.130092591047287 0.0062500000931322575 0.008333333767950535
6 0.5252603888511658 0.17129629850387573 0.0078125 0.009259259328246117
6 0.9192708134651184 0.15555556118488312 0.010416666977107525 0.012962962500751019
6 0.9315103888511658 0.1578703671693802 0.010937499813735485 0.013888888992369175
6 0.8617187738418579 0.13518518209457397 0.006770833395421505 0.009259259328246117
1 0.8984375 0.10694444179534912 0.01666666753590107 0.010185184888541698
1 0.5130208134651184 0.07777778059244156 0.008333333767950535 0.007407407276332378
8 0.890625 0.0763888880610466 0.0062500000931322575 0.008333333767950535
1 0.4924479126930237 0.09675925970077515 0.004687500186264515 0.010185184888541698
2 0.8627604246139526 0.09490741044282913 0.03281249850988388 0.028703704476356506
8 0.5023437738418579 0.07777778059244156 0.0036458333488553762 0.007407407276332378
7 0.8997395634651184 0.0773148164153099 0.0078125 0.006481481250375509
7 0.7973958253860474 0.11990740895271301 0.008333333767950535 0.012037036940455437
2 0.49140626192092896 0.14120370149612427 0.01406249962747097 0.04537037014961243
1 0.4635416567325592 0.2439814805984497 0.015625 0.032407406717538834
0 0.4947916567325592 0.06574074178934097 0.0010416667209938169 0.009259259328246117
0 0.4924479126930237 0.06712962687015533 0.0015625000232830644 0.008333333767950535
0 0.4924479126930237 0.07824073731899261 0.0015625000232830644 0.004629629664123058
0 0.4924479126930237 0.0763888880610466 0.0015625000232830644 0.008333333767950535
0 0.4924479126930237 0.0763888880610466 0.0015625000232830644 0.008333333767950535
0 0.4924479126930237 0.07314814627170563 0.0015625000232830644 0.009259259328246117
0 0.4924479126930237 0.07824073731899261 0.0015625000232830644 0.004629629664123058
0 0.4924479126930237 0.0763888880610466 0.0015625000232830644 0.008333333767950535
0 0.4924479126930237 0.07314814627170563 0.0015625000232830644 0.009259259328246117
0 0.4924479126930237 0.0763888880610466 0.0015625000232830644 0.008333333767950535
0 0.4924479126930237 0.0763888880610466 0.0015625000232830644 0.008333333767950535
0 0.4924479126930237 0.0754629597067833 0.0015625000232830644 0.006481481250375509
0 0.4924479126930237 0.07314814627170563 0.0015625000232830644 0.009259259328246117
0 0.4924479126930237 0.07361111044883728 0.0015625000232830644 0.008333333767950535
0 0.4924479126930237 0.07500000298023224 0.0015625000232830644 0.0055555556900799274
0 0.4924479126930237 0.07314814627170563 0.0015625000232830644 0.009259259328246117
0 0.4924479126930237 0.07824073731899261 0.0015625000232830644 0.004629629664123058
0 0.7164062261581421 0.09212963283061981 0.0026041667442768812 0.010185184888541698
0 0.5036458373069763 0.08518518507480621 0.0010416667209938169 0.009259259328246117
0 0.8927083611488342 0.07916666567325592 0.0031250000465661287 0.008333333767950535
0 0.4924479126930237 0.07314814627170563 0.0015625000232830644 0.009259259328246117
0 0.4703125059604645 0.10000000149011612 0.0010416667209938169 0.007407407276332378
0 0.4924479126930237 0.07361111044883728 0.0015625000232830644 0.008333333767950535
0 0.4924479126930237 0.07129629701375961 0.0015625000232830644 0.009259259328246117
0 0.35598957538604736 0.6287037134170532 0.010937499813735485 0.051851850003004074
0 0.7145833373069763 0.08148147910833359 0.0020833334419876337 0.009259259328246117
1 0.5158854126930237 0.13703703880310059 0.01718750037252903 0.014814814552664757
1 0.6184895634651184 0.08379629999399185 0.01197916641831398 0.008333333767950535
1 0.7578125 0.08981481194496155 0.01666666753590107 0.009259259328246117
