1 0.8786458373069763 0.09907407313585281 0.015625 0.011111111380159855
1 0.6190103888511658 0.08472222089767456 0.01197916641831398 0.008333333767950535
1 0.5158854126930237 0.1388888955116272 0.01718750037252903 0.014814814552664757
1 0.7598958611488342 0.09074074029922485 0.01666666753590107 0.009259259328246117
6 0.5302083492279053 0.192592591047287 0.0031250000465661287 0.01666666753590107
6 0.8791666626930237 0.14259259402751923 0.0072916666977107525 0.009259259328246117
6 0.8528645634651184 0.1319444477558136 0.006770833395421505 0.008333333767950535
6 0.5255208611488342 0.17407406866550446 0.008333333767950535 0.009259259328246117
6 0.9247395992279053 0.15740740299224854 0.010937499813735485 0.012962962500751019
6 0.9372395873069763 0.16018518805503845 0.010937499813735485 0.012962962500751019
6 0.8661458492279053 0.13703703880310059 0.0072916666977107525 0.009259259328246117
1 0.90234375 0.10787037014961243 0.01718750037252903 0.010185184888541698
1 0.5132812261581421 0.07870370149612427 0.008854166604578495 0.007407407276332378
8 0.8932291865348816 0.0773148164153099 0.0062500000931322575 0.008333333767950535
1 0.4921875 0.09768518805503845 0.0052083334885537624 0.010185184888541698
2 0.8645833134651184 0.0962962955236435 0.03333333507180214 0.029629629105329514
8 0.5023437738418579 0.07870370149612427 0.0036458333488553762 0.007407407276332378
7 0.90234375 0.07777778059244156 0.0078125 0.007407407276332378
7 0.8002604246139526 0.12129629403352737 0.008854166604578495 0.012962962500751019
2 0.49140626192092896 0.14259259402751923 0.01406249962747097 0.046296294778585434
1 0.46276041865348816 0.2509259283542633 0.01614583283662796 0.03333333507180214
0 0.49270832538604736 0.06481481343507767 0.0010416667209938169 0.009259259328246117
0 0.4924479126930237 0.06759259104728699 0.0015625000232830644 0.009259259328246117
0 0.4924479126930237 0.07870370149612427 0.0015625000232830644 0.0055555556900799274
0 0.4924479126930237 0.0773148164153099 0.0015625000232830644 0.008333333767950535
0 0.4924479126930237 0.0773148164153099 0.0015625000232830644 0.008333333767950535
0 0.4924479126930237 0.07361111044883728 0.0015625000232830644 0.008333333767950535
0 0.4924479126930237 0.07870370149612427 0.0015625000232830644 0.0055555556900799274
0 0.4924479126930237 0.0773148164153099 0.0015625000232830644 0.008333333767950535
0 0.4924479126930237 0.07361111044883728 0.0015625000232830644 0.008333333767950535
0 0.4924479126930237 0.0773148164153099 0.0015625000232830644 0.008333333767950535
0 0.4924479126930237 0.0773148164153099 0.0015625000232830644 0.008333333767950535
0 0.4924479126930237 0.0763888880610466 0.0015625000232830644 0.006481481250375509
0 0.4924479126930237 0.07361111044883728 0.0015625000232830644 0.008333333767950535
0 0.4924479126930237 0.07407407462596893 0.0015625000232830644 0.009259259328246117
0 0.4924479126930237 0.07592592388391495 0.0015625000232830644 0.0055555556900799274
0 0.4924479126930237 0.07361111044883728 0.0015625000232830644 0.008333333767950535
0 0.4924479126930237 0.07870370149612427 0.0015625000232830644 0.0055555556900799274
0 0.7184895873069763 0.09305555373430252 0.0026041667442768812 0.010185184888541698
0 0.5036458373069763 0.08564814925193787 0.0010416667209938169 0.010185184888541698
0 0.8960937261581421 0.07962962985038757 0.0036458333488553762 0.009259259328246117
0 0.4924479126930237 0.07361111044883728 0.0015625000232830644 0.008333333767950535
0 0.4700520932674408 0.10138888657093048 0.0015625000232830644 0.008333333767950535
0 0.4924479126930237 0.07407407462596893 0.0015625000232830644 0.009259259328246117
0 0.4924479126930237 0.07175926119089127 0.0015625000232830644 0.008333333767950535
0 0.34817707538604736 0.6611111164093018 0.01197916641831398 0.05370370298624039
0 0.7166666388511658 0.0824074074625969 0.0020833334419876337 0.009259259328246117
1 0.8786458373069763 0.09907407313585281 0.015625 0.011111111380159855
1 0.5158854126930237 0.1388888955116272 0.01718750037252903 0.014814814552664757
1 0.6190103888511658 0.08472222089767456 0.01197916641831398 0.008333333767950535
1 0.7598958611488342 0.09074074029922485 0.01666666753590107 0.009259259328246117
