1 0.8955729007720947 0.1041666641831398 0.01718750037252903 0.012037036940455437
1 0.6239583492279053 0.08842592686414719 0.012500000186264515 0.008333333767950535
1 0.5169270634651184 0.1476851850748062 0.01822916604578495 0.015740741044282913
1 0.7705729007720947 0.09490741044282913 0.01718750037252903 0.010185184888541698
6 0.5328124761581421 0.20972222089767456 0.0031250000465661287 0.017592592164874077
6 0.9028645753860474 0.15231481194496155 0.0078125 0.010185184888541698
6 0.8731771111488342 0.1398148089647293 0.006770833395421505 0.009259259328246117
6 0.52734375 0.1884259283542633 0.008854166604578495 0.010185184888541698
6 0.9544270634651184 0.16944444179534912 0.01197916641831398 0.014814814552664757
6 0.9677083492279053 0.17222222685813904 0.012500000186264515 0.014814814552664757
6 0.8880208134651184 0.14629629254341125 0.0072916666977107525 0.009259259328246117
1 0.9216145873069763 0.11342592537403107 0.01822916604578495 0.010185184888541698
1 0.5135416388511658 0.08194444328546524 0.00937500037252903 0.008333333767950535
8 0.9072916507720947 0.08055555820465088 0.0062500000931322575 0.009259259328246117
1 0.4921875 0.10092592239379883 0.0052083334885537624 0.011111111380159855
2 0.8747395873069763 0.10138888657093048 0.03489583358168602 0.03055555559694767
8 0.5020833611488342 0.08194444328546524 0.004166666883975267 0.008333333767950535
7 0.9166666865348816 0.08148147910833359 0.008333333767950535 0.007407407276332378
7 0.81640625 0.12870369851589203 0.008854166604578495 0.012962962500751019
2 0.4906249940395355 0.15046297013759613 0.014583333395421505 0.049074072390794754
1 0.4572916626930237 0.2888889014720917 0.01875000074505806 0.040740739554166794
0 0.4921875 0.06851851940155029 0.0010416667209938169 0.009259259328246117
0 0.4921875 0.07037036865949631 0.0010416667209938169 0.009259259328246117
0 0.4919270873069763 0.0824074074625969 0.0015625000232830644 0.0055555556900799274
0 0.4921875 0.08055555820465088 0.0010416667209938169 0.009259259328246117
0 0.4921875 0.08055555820465088 0.0010416667209938169 0.009259259328246117
0 0.4921875 0.07685185223817825 0.0010416667209938169 0.009259259328246117
0 0.4919270873069763 0.0824074074625969 0.0015625000232830644 0.0055555556900799274
0 0.4921875 0.08055555820465088 0.0010416667209938169 0.009259259328246117
0 0.4921875 0.07685185223817825 0.0010416667209938169 0.009259259328246117
0 0.4921875 0.08055555820465088 0.0010416667209938169 0.009259259328246117
0 0.4921875 0.08055555820465088 0.0010416667209938169 0.009259259328246117
0 0.4921875 0.07916666567325592 0.0010416667209938169 0.006481481250375509
0 0.4921875 0.07685185223817825 0.0010416667209938169 0.009259259328246117
0 0.4921875 0.0773148164153099 0.0010416667209938169 0.008333333767950535
0 0.4919270873069763 0.07870370149612427 0.0015625000232830644 0.0055555556900799274
0 0.4921875 0.07685185223817825 0.0010416667209938169 0.009259259328246117
0 0.4919270873069763 0.0824074074625969 0.0015625000232830644 0.0055555556900799274
0 0.5036458373069763 0.08981481194496155 0.0010416667209938169 0.009259259328246117
0 0.9122396111488342 0.0833333358168602 0.0036458333488553762 0.009259259328246117
0 0.4921875 0.07685185223817825 0.0010416667209938169 0.009259259328246117
0 0.4690104126930237 0.10601852089166641 0.0015625000232830644 0.008333333767950535
0 0.4921875 0.0773148164153099 0.0010416667209938169 0.008333333767950535
0 0.8216145634651184 0.14351852238178253 0.004687500186264515 0.014814814552664757
0 0.4921875 0.07500000298023224 0.0010416667209938169 0.009259259328246117
0 0.2984375059604645 0.8782407641410828 0.01979166641831398 0.06388889253139496
0 0.7265625 0.08518518507480621 0.0020833334419876337 0.009259259328246117
0 0.7242187261581421 0.5009258985519409 0.010937499813735485 0.031481482088565826
1 0.8955729007720947 0.1041666641831398 0.01718750037252903 0.012037036940455437
1 0.5169270634651184 0.1476851850748062 0.01822916604578495 0.015740741044282913
1 0.6239583492279053 0.08842592686414719 0.012500000186264515 0.008333333767950535
1 0.7708333134651184 0.09490741044282913 0.01770833320915699 0.010185184888541698
