1 0.6205729246139526 0.08564814925193787 0.01197916641831398 0.008333333767950535
1 0.8455728888511658 0.11712963134050369 0.0078125 0.010185184888541698
1 0.5161458253860474 0.14166666567325592 0.01770833320915699 0.014814814552664757
1 0.7627604007720947 0.09212963283061981 0.01718750037252903 0.010185184888541698
6 0.53125 0.19722221791744232 0.0031250000465661287 0.01666666753590107
6 0.885937511920929 0.14537036418914795 0.0072916666977107525 0.009259259328246117
6 0.8588541746139526 0.13425925374031067 0.0062500000931322575 0.009259259328246117
6 0.5260416865348816 0.17824074625968933 0.008333333767950535 0.010185184888541698
6 0.9333333373069763 0.16111111640930176 0.01145833358168602 0.012962962500751019
6 0.9458333253860474 0.16342592239379883 0.01145833358168602 0.013888888992369175
6 0.8723958134651184 0.1398148089647293 0.0072916666977107525 0.009259259328246117
1 0.9080728888511658 0.10972221940755844 0.01718750037252903 0.010185184888541698
1 0.5132812261581421 0.07962962985038757 0.008854166604578495 0.007407407276332378
8 0.8973958492279053 0.07824073731899261 0.0062500000931322575 0.008333333767950535
1 0.4921875 0.09861110895872116 0.0052083334885537624 0.010185184888541698
2 0.8674479126930237 0.09814814478158951 0.0338541679084301 0.029629629105329514
8 0.5020833611488342 0.07962962985038757 0.004166666883975267 0.007407407276332378
7 0.9065104126930237 0.07870370149612427 0.0078125 0.007407407276332378
7 0.8049479126930237 0.12314815074205399 0.008854166604578495 0.012962962500751019
2 0.4911458194255829 0.1449074000120163 0.014583333395421505 0.04722222313284874
1 0.4611979126930237 0.2611111104488373 0.01614583283662796 0.035185184329748154
0 0.4924479126930237 0.06527777761220932 0.0015625000232830644 0.008333333767950535
0 0.4921875 0.06851851940155029 0.0010416667209938169 0.009259259328246117
0 0.4924479126930237 0.07962962985038757 0.0015625000232830644 0.0055555556900799274
0 0.4921875 0.07824073731899261 0.0010416667209938169 0.008333333767950535
0 0.4921875 0.07824073731899261 0.0010416667209938169 0.008333333767950535
0 0.4921875 0.07453703880310059 0.0010416667209938169 0.008333333767950535
0 0.4924479126930237 0.07962962985038757 0.0015625000232830644 0.0055555556900799274
0 0.4921875 0.07824073731899261 0.0010416667209938169 0.008333333767950535
0 0.4921875 0.07453703880310059 0.0010416667209938169 0.008333333767950535
0 0.4921875 0.07824073731899261 0.0010416667209938169 0.008333333767950535
0 0.4921875 0.07824073731899261 0.0010416667209938169 0.008333333767950535
0 0.4921875 0.0773148164153099 0.0010416667209938169 0.006481481250375509
0 0.4921875 0.07453703880310059 0.0010416667209938169 0.008333333767950535
0 0.4921875 0.07500000298023224 0.0010416667209938169 0.009259259328246117
0 0.4924479126930237 0.07685185223817825 0.0015625000232830644 0.0055555556900799274
0 0.4921875 0.07453703880310059 0.0010416667209938169 0.008333333767950535
0 0.4924479126930237 0.07962962985038757 0.0015625000232830644 0.0055555556900799274
0 0.7210937738418579 0.09398148208856583 0.0026041667442768812 0.010185184888541698
0 0.5036458373069763 0.08703703433275223 0.0010416667209938169 0.009259259328246117
0 0.9007812738418579 0.08055555820465088 0.0036458333488553762 0.009259259328246117
0 0.4921875 0.07453703880310059 0.0010416667209938169 0.008333333767950535
0 0.4697916805744171 0.10277777910232544 0.0010416667209938169 0.007407407276332378
0 0.4921875 0.07500000298023224 0.0010416667209938169 0.009259259328246117
0 0.4921875 0.07268518209457397 0.0010416667209938169 0.008333333767950535
0 0.3359375 0.7143518328666687 0.01354166679084301 0.05648148059844971
0 0.7192708253860474 0.0833333358168602 0.0020833334419876337 0.009259259328246117
1 0.5161458253860474 0.14166666567325592 0.01770833320915699 0.014814814552664757
1 0.6205729246139526 0.08564814925193787 0.01197916641831398 0.008333333767950535
1 0.8455728888511658 0.11712963134050369 0.0078125 0.010185184888541698
1 0.7630208134651184 0.09212963283061981 0.01666666753590107 0.010185184888541698
