1 0.8851562738418579 0.10092592239379883 0.01614583283662796 0.011111111380159855
1 0.62109375 0.08611111342906952 0.01197916641831398 0.007407407276332378
1 0.8471354246139526 0.11759259551763535 0.0078125 0.011111111380159855
1 0.5161458253860474 0.14259259402751923 0.01770833320915699 0.014814814552664757
1 0.7638021111488342 0.09212963283061981 0.01718750037252903 0.010185184888541698
6 0.53125 0.19907407462596893 0.0031250000465661287 0.01666666753590107
6 0.8882812261581421 0.14629629254341125 0.0078125 0.009259259328246117
6 0.8606770634651184 0.13518518209457397 0.006770833395421505 0.009259259328246117
6 0.5263020992279053 0.1796296238899231 0.0078125 0.009259259328246117
6 0.9361979365348816 0.16249999403953552 0.010937499813735485 0.013888888992369175
6 0.9489583373069763 0.16435185074806213 0.01145833358168602 0.013888888992369175
6 0.8744791746139526 0.14074073731899261 0.0072916666977107525 0.009259259328246117
1 0.9096354246139526 0.10972221940755844 0.01718750037252903 0.010185184888541698
1 0.5132812261581421 0.07962962985038757 0.008854166604578495 0.007407407276332378
8 0.8986979126930237 0.07824073731899261 0.006770833395421505 0.008333333767950535
1 0.4921875 0.09907407313585281 0.0052083334885537624 0.011111111380159855
2 0.8684895634651184 0.09814814478158951 0.0338541679084301 0.029629629105329514
8 0.5020833611488342 0.08009259402751923 0.004166666883975267 0.008333333767950535
7 0.9080728888511658 0.07962962985038757 0.0078125 0.007407407276332378
7 0.8065103888511658 0.1240740716457367 0.008854166604578495 0.012962962500751019
2 0.4911458194255829 0.1458333283662796 0.014583333395421505 0.04722222313284874
1 0.4609375 0.26527777314186096 0.01666666753590107 0.03611111268401146
0 0.4924479126930237 0.06527777761220932 0.0015625000232830644 0.008333333767950535
0 0.4921875 0.06898148357868195 0.0010416667209938169 0.008333333767950535
0 0.4924479126930237 0.08009259402751923 0.0015625000232830644 0.004629629664123058
0 0.4921875 0.07824073731899261 0.0010416667209938169 0.008333333767950535
0 0.4921875 0.07824073731899261 0.0010416667209938169 0.008333333767950535
0 0.4921875 0.07500000298023224 0.0010416667209938169 0.009259259328246117
0 0.4924479126930237 0.08009259402751923 0.0015625000232830644 0.004629629664123058
0 0.4921875 0.07824073731899261 0.0010416667209938169 0.008333333767950535
0 0.4921875 0.07500000298023224 0.0010416667209938169 0.009259259328246117
0 0.4921875 0.07824073731899261 0.0010416667209938169 0.008333333767950535
0 0.4921875 0.07824073731899261 0.0010416667209938169 0.008333333767950535
0 0.4921875 0.0773148164153099 0.0010416667209938169 0.006481481250375509
0 0.4921875 0.07500000298023224 0.0010416667209938169 0.009259259328246117
0 0.4921875 0.0754629597067833 0.0010416667209938169 0.008333333767950535
0 0.4924479126930237 0.07685185223817825 0.0015625000232830644 0.0055555556900799274
0 0.4921875 0.07500000298023224 0.0010416667209938169 0.009259259328246117
0 0.4924479126930237 0.08009259402751923 0.0015625000232830644 0.004629629664123058
0 0.7216145992279053 0.09490741044282913 0.0026041667442768812 0.010185184888541698
0 0.5036458373069763 0.08703703433275223 0.0010416667209938169 0.009259259328246117
0 0.90234375 0.08148147910833359 0.0036458333488553762 0.009259259328246117
0 0.4921875 0.07500000298023224 0.0010416667209938169 0.009259259328246117
0 0.46953123807907104 0.10324074327945709 0.0015625000232830644 0.008333333767950535
0 0.4921875 0.0754629597067833 0.0010416667209938169 0.008333333767950535
0 0.4921875 0.07314814627170563 0.0010416667209938169 0.009259259328246117
0 0.3317708373069763 0.7333333492279053 0.014583333395421505 0.05740740895271301
0 0.7203124761581421 0.0833333358168602 0.0020833334419876337 0.009259259328246117
1 0.8851562738418579 0.10092592239379883 0.01614583283662796 0.011111111380159855
1 0.5161458253860474 0.14259259402751923 0.01770833320915699 0.014814814552664757
1 0.62109375 0.08611111342906952 0.01197916641831398 0.007407407276332378
1 0.8471354246139526 0.11759259551763535 0.0078125 0.011111111380159855
1 0.7640625238418579 0.09212963283061981 0.01666666753590107 0.010185184888541698
