1 0.88671875 0.10138888657093048 0.01614583283662796 0.012037036940455437
1 0.6216145753860474 0.08657407760620117 0.01197916641831398 0.008333333767950535
1 0.8492187261581421 0.11851851642131805 0.0078125 0.011111111380159855
1 0.516406238079071 0.14351852238178253 0.01822916604578495 0.014814814552664757
1 0.764843761920929 0.09305555373430252 0.01718750037252903 0.010185184888541698
6 0.5317708253860474 0.20092593133449554 0.0031250000465661287 0.01666666753590107
6 0.890625 0.14722222089767456 0.0072916666977107525 0.009259259328246117
6 0.8627604246139526 0.13564814627170563 0.006770833395421505 0.008333333767950535
6 0.526562511920929 0.18101851642131805 0.008333333767950535 0.010185184888541698
6 0.9390624761581421 0.16342592239379883 0.01145833358168602 0.013888888992369175
6 0.9518229365348816 0.16620370745658875 0.01197916641831398 0.013888888992369175
6 0.8768228888511658 0.14166666567325592 0.006770833395421505 0.009259259328246117
1 0.9117187261581421 0.11064814776182175 0.01718750037252903 0.010185184888541698
1 0.5132812261581421 0.08009259402751923 0.008854166604578495 0.008333333767950535
8 0.8999999761581421 0.07916666567325592 0.0062500000931322575 0.008333333767950535
1 0.4921875 0.09907407313585281 0.0052083334885537624 0.011111111380159855
2 0.8695312738418579 0.09907407313585281 0.0338541679084301 0.029629629105329514
8 0.5020833611488342 0.08009259402751923 0.004166666883975267 0.008333333767950535
7 0.909375011920929 0.07962962985038757 0.008333333767950535 0.007407407276332378
7 0.8080729246139526 0.125 0.008854166604578495 0.012962962500751019
2 0.4911458194255829 0.1467592567205429 0.014583333395421505 0.04722222313284874
1 0.46015626192092896 0.26851850748062134 0.01718750037252903 0.03703703731298447
0 0.4924479126930237 0.06574074178934097 0.0015625000232830644 0.009259259328246117
0 0.4921875 0.06898148357868195 0.0010416667209938169 0.008333333767950535
0 0.4924479126930237 0.08055555820465088 0.0015625000232830644 0.0055555556900799274
0 0.4921875 0.07870370149612427 0.0010416667209938169 0.009259259328246117
0 0.4921875 0.07870370149612427 0.0010416667209938169 0.009259259328246117
0 0.4921875 0.07500000298023224 0.0010416667209938169 0.009259259328246117
0 0.4924479126930237 0.08055555820465088 0.0015625000232830644 0.0055555556900799274
0 0.4921875 0.07870370149612427 0.0010416667209938169 0.009259259328246117
0 0.4921875 0.07500000298023224 0.0010416667209938169 0.009259259328246117
0 0.4921875 0.07870370149612427 0.0010416667209938169 0.009259259328246117
0 0.4921875 0.07870370149612427 0.0010416667209938169 0.009259259328246117
0 0.4921875 0.07777778059244156 0.0010416667209938169 0.0055555556900799274
0 0.4921875 0.07500000298023224 0.0010416667209938169 0.009259259328246117
0 0.4921875 0.0754629597067833 0.0010416667209938169 0.008333333767950535
0 0.4924479126930237 0.0773148164153099 0.0015625000232830644 0.004629629664123058
0 0.4921875 0.07500000298023224 0.0010416667209938169 0.009259259328246117
0 0.4924479126930237 0.08055555820465088 0.0015625000232830644 0.0055555556900799274
0 0.72265625 0.09490741044282913 0.0026041667442768812 0.010185184888541698
0 0.5036458373069763 0.08796296268701553 0.0010416667209938169 0.009259259328246117
0 0.9039062261581421 0.08148147910833359 0.0036458333488553762 0.009259259328246117
0 0.4921875 0.07500000298023224 0.0010416667209938169 0.009259259328246117
0 0.46953123807907104 0.10370370000600815 0.0015625000232830644 0.007407407276332378
0 0.4921875 0.0754629597067833 0.0010416667209938169 0.008333333767950535
0 0.8127604126930237 0.13935184478759766 0.004687500186264515 0.013888888992369175
0 0.4921875 0.07314814627170563 0.0010416667209938169 0.009259259328246117
0 0.3268229067325592 0.7541666626930237 0.015104166232049465 0.05833333358168602
0 0.7213541865348816 0.08425925672054291 0.0020833334419876337 0.009259259328246117
1 0.88671875 0.10138888657093048 0.01614583283662796 0.012037036940455437
1 0.5161458253860474 0.14351852238178253 0.01770833320915699 0.014814814552664757
1 0.6216145753860474 0.08657407760620117 0.01197916641831398 0.008333333767950535
1 0.8492187261581421 0.11851851642131805 0.0078125 0.011111111380159855
1 0.7653645873069763 0.09305555373430252 0.01718750037252903 0.010185184888541698
