1 0.9125000238418579 0.10879629850387573 0.01770833320915699 0.012037036940455437
1 0.6283854246139526 0.09212963283061981 0.013020833022892475 0.008333333767950535
1 0.5179687738418579 0.15740740299224854 0.01927083358168602 0.01666666753590107
1 0.78125 0.09907407313585281 0.01875000074505806 0.011111111380159855
6 0.5356770753860474 0.2282407432794571 0.0036458333488553762 0.01944444514811039
6 0.9270833134651184 0.16203702986240387 0.00937500037252903 0.011111111380159855
6 0.5294271111488342 0.20324073731899261 0.008854166604578495 0.010185184888541698
6 0.9848958253860474 0.1814814805984497 0.01354166679084301 0.014814814552664757
6 0.9963541626930237 0.18472221493721008 0.0072916666977107525 0.015740741044282913
6 0.9104166626930237 0.15509259700775146 0.008333333767950535 0.010185184888541698
1 0.9408854246139526 0.11944444477558136 0.01927083358168602 0.011111111380159855
1 0.5140625238418579 0.08472222089767456 0.00937500037252903 0.008333333767950535
8 0.921093761920929 0.08379629999399185 0.006770833395421505 0.008333333767950535
1 0.49166667461395264 0.10462962836027145 0.0052083334885537624 0.011111111380159855
2 0.8851562738418579 0.10648148506879807 0.03697916492819786 0.031481482088565826
8 0.5020833611488342 0.08518518507480621 0.004166666883975267 0.007407407276332378
7 0.9307291507720947 0.08425925672054291 0.008333333767950535 0.007407407276332378
7 0.832812488079071 0.13564814627170563 0.010416666977107525 0.013888888992369175
2 0.49010416865348816 0.15833333134651184 0.015625 0.051851850003004074
1 0.45104166865348816 0.33472222089767456 0.02187499962747097 0.049074072390794754
0 0.49270832538604736 0.07037036865949631 0.0010416667209938169 0.009259259328246117
0 0.4919270873069763 0.07314814627170563 0.0015625000232830644 0.009259259328246117
0 0.4919270873069763 0.08518518507480621 0.0015625000232830644 0.0055555556900799274
0 0.4919270873069763 0.0833333358168602 0.0015625000232830644 0.009259259328246117
0 0.4919270873069763 0.0833333358168602 0.0015625000232830644 0.009259259328246117
0 0.4919270873069763 0.07962962985038757 0.0015625000232830644 0.009259259328246117
0 0.4919270873069763 0.08518518507480621 0.0015625000232830644 0.0055555556900799274
0 0.4919270873069763 0.0833333358168602 0.0015625000232830644 0.009259259328246117
0 0.4919270873069763 0.07962962985038757 0.0015625000232830644 0.009259259328246117
0 0.4919270873069763 0.0833333358168602 0.0015625000232830644 0.009259259328246117
0 0.4919270873069763 0.0833333358168602 0.0015625000232830644 0.009259259328246117
0 0.4919270873069763 0.08287037163972855 0.0015625000232830644 0.006481481250375509
0 0.4919270873069763 0.07962962985038757 0.0015625000232830644 0.009259259328246117
0 0.4919270873069763 0.08055555820465088 0.0015625000232830644 0.009259259328246117
0 0.4919270873069763 0.0824074074625969 0.0015625000232830644 0.0055555556900799274
0 0.4919270873069763 0.07962962985038757 0.0015625000232830644 0.009259259328246117
0 0.4919270873069763 0.08518518507480621 0.0015625000232830644 0.0055555556900799274
0 0.5041666626930237 0.09398148208856583 0.0010416667209938169 0.010185184888541698
0 0.9281250238418579 0.08703703433275223 0.004166666883975267 0.009259259328246117
0 0.4919270873069763 0.07962962985038757 0.0015625000232830644 0.009259259328246117
0 0.46796876192092896 0.11064814776182175 0.0015625000232830644 0.008333333767950535
0 0.4919270873069763 0.08055555820465088 0.0015625000232830644 0.009259259328246117
0 0.8395833373069763 0.15231481194496155 0.0052083334885537624 0.015740741044282913
0 0.4919270873069763 0.07777778059244156 0.0015625000232830644 0.009259259328246117
0 0.7356770634651184 0.08888889104127884 0.0026041667442768812 0.009259259328246117
0 0.778124988079071 0.6106481552124023 0.014583333395421505 0.03611111268401146
1 0.9125000238418579 0.10879629850387573 0.01770833320915699 0.012037036940455437
1 0.5179687738418579 0.15740740299224854 0.01927083358168602 0.01666666753590107
1 0.6283854246139526 0.09212963283061981 0.013020833022892475 0.008333333767950535
1 0.78125 0.09907407313585281 0.01875000074505806 0.011111111380159855
