1 0.9088541865348816 0.10787037014961243 0.01770833320915699 0.012037036940455437
1 0.6273437738418579 0.0912037044763565 0.013020833022892475 0.008333333767950535
1 0.871874988079071 0.12731482088565826 0.008333333767950535 0.012037036940455437
1 0.5174478888511658 0.15555556118488312 0.01927083358168602 0.01666666753590107
1 0.7789062261581421 0.09814814478158951 0.01822916604578495 0.011111111380159855
6 0.53515625 0.2240740805864334 0.0036458333488553762 0.018518518656492233
6 0.9216145873069763 0.1597222238779068 0.008854166604578495 0.010185184888541698
6 0.8893229365348816 0.1467592567205429 0.0078125 0.010185184888541698
6 0.5289062261581421 0.20000000298023224 0.008854166604578495 0.011111111380159855
6 0.9778645634651184 0.17870371043682098 0.013020833022892475 0.014814814552664757
6 0.9921875 0.18194444477558136 0.01354166679084301 0.015740741044282913
6 0.9052083492279053 0.15324074029922485 0.008333333767950535 0.010185184888541698
1 0.9364583492279053 0.11851851642131805 0.01875000074505806 0.011111111380159855
1 0.5140625238418579 0.08425925672054291 0.00937500037252903 0.007407407276332378
8 0.91796875 0.08287037163972855 0.006770833395421505 0.008333333767950535
1 0.49166667461395264 0.10370370000600815 0.0052083334885537624 0.011111111380159855
2 0.8828125 0.10555555671453476 0.0364583320915699 0.031481482088565826
8 0.5020833611488342 0.08472222089767456 0.004166666883975267 0.008333333767950535
7 0.9276041388511658 0.08379629999399185 0.008333333767950535 0.008333333767950535
7 0.828906238079071 0.13379628956317902 0.00989583320915699 0.013888888992369175
2 0.49036458134651184 0.15694443881511688 0.015104166232049465 0.05092592537403107
1 0.45260417461395264 0.3236111104488373 0.02083333395421505 0.04722222313284874
0 0.49270832538604736 0.0694444477558136 0.0010416667209938169 0.009259259328246117
0 0.4919270873069763 0.07314814627170563 0.0015625000232830644 0.009259259328246117
0 0.4919270873069763 0.08425925672054291 0.0015625000232830644 0.0055555556900799274
0 0.4919270873069763 0.0824074074625969 0.0015625000232830644 0.009259259328246117
0 0.4919270873069763 0.0824074074625969 0.0015625000232830644 0.009259259328246117
0 0.4919270873069763 0.07916666567325592 0.0015625000232830644 0.008333333767950535
0 0.4919270873069763 0.08425925672054291 0.0015625000232830644 0.0055555556900799274
0 0.4919270873069763 0.0824074074625969 0.0015625000232830644 0.009259259328246117
0 0.4919270873069763 0.07916666567325592 0.0015625000232830644 0.008333333767950535
0 0.4919270873069763 0.0824074074625969 0.0015625000232830644 0.009259259328246117
0 0.4919270873069763 0.0824074074625969 0.0015625000232830644 0.009259259328246117
0 0.4919270873069763 0.08194444328546524 0.0015625000232830644 0.006481481250375509
0 0.4919270873069763 0.07916666567325592 0.0015625000232830644 0.008333333767950535
0 0.4919270873069763 0.07962962985038757 0.0015625000232830644 0.009259259328246117
0 0.4919270873069763 0.08148147910833359 0.0015625000232830644 0.0055555556900799274
0 0.4919270873069763 0.07916666567325592 0.0015625000232830644 0.008333333767950535
0 0.4919270873069763 0.08425925672054291 0.0015625000232830644 0.0055555556900799274
0 0.5041666626930237 0.09305555373430252 0.0010416667209938169 0.010185184888541698
0 0.9242187738418579 0.08611111342906952 0.0036458333488553762 0.009259259328246117
0 0.4919270873069763 0.07962962985038757 0.0015625000232830644 0.009259259328246117
0 0.4684895873069763 0.10972221940755844 0.0015625000232830644 0.008333333767950535
0 0.4919270873069763 0.07962962985038757 0.0015625000232830644 0.009259259328246117
0 0.8354166746139526 0.15000000596046448 0.0052083334885537624 0.014814814552664757
0 0.4919270873069763 0.07685185223817825 0.0015625000232830644 0.009259259328246117
0 0.733593761920929 0.08796296268701553 0.0026041667442768812 0.009259259328246117
0 0.7643229365348816 0.5824074149131775 0.01406249962747097 0.035185184329748154
1 0.9088541865348816 0.10787037014961243 0.01770833320915699 0.012037036940455437
1 0.5174478888511658 0.15555556118488312 0.01927083358168602 0.01666666753590107
1 0.6273437738418579 0.0912037044763565 0.013020833022892475 0.008333333767950535
1 0.871874988079071 0.12731482088565826 0.008333333767950535 0.012037036940455437
1 0.7789062261581421 0.09814814478158951 0.01822916604578495 0.011111111380159855
