1 0.9013020992279053 0.10555555671453476 0.01718750037252903 0.011111111380159855
1 0.6255208253860474 0.08935185521841049 0.012500000186264515 0.008333333767950535
1 0.864062488079071 0.1240740716457367 0.008333333767950535 0.011111111380159855
1 0.5171874761581421 0.15138888359069824 0.01875000074505806 0.015740741044282913
1 0.7739583253860474 0.09675925970077515 0.01770833320915699 0.010185184888541698
6 0.5335937738418579 0.21574074029922485 0.0036458333488553762 0.018518518656492233
6 0.9106770753860474 0.15509259700775146 0.008854166604578495 0.010185184888541698
6 0.8802083134651184 0.14259259402751923 0.0072916666977107525 0.009259259328246117
6 0.5278645753860474 0.19305555522441864 0.008854166604578495 0.010185184888541698
6 0.964062511920929 0.17314815521240234 0.012500000186264515 0.014814814552664757
6 0.9781249761581421 0.17592592537403107 0.012500000186264515 0.014814814552664757
6 0.8955729007720947 0.14907407760620117 0.0078125 0.009259259328246117
1 0.9278646111488342 0.11574073880910873 0.01822916604578495 0.011111111380159855
1 0.5138021111488342 0.08287037163972855 0.008854166604578495 0.008333333767950535
8 0.9117187261581421 0.08148147910833359 0.006770833395421505 0.009259259328246117
1 0.4919270873069763 0.10231481492519379 0.00572916679084301 0.010185184888541698
2 0.878125011920929 0.10324074327945709 0.03541666641831398 0.03055555559694767
8 0.5020833611488342 0.08287037163972855 0.004166666883975267 0.008333333767950535
7 0.9213541746139526 0.0824074074625969 0.008333333767950535 0.007407407276332378
7 0.8218749761581421 0.1310185194015503 0.00937500037252903 0.013888888992369175
2 0.49036458134651184 0.1537037044763565 0.015104166232049465 0.05000000074505806
1 0.4554687440395355 0.3027777671813965 0.01927083358168602 0.04259259253740311
0 0.49296873807907104 0.0694444477558136 0.0015625000232830644 0.009259259328246117
0 0.4921875 0.07129629701375961 0.0010416667209938169 0.009259259328246117
0 0.4919270873069763 0.0833333358168602 0.0015625000232830644 0.0055555556900799274
0 0.4921875 0.08148147910833359 0.0010416667209938169 0.009259259328246117
0 0.4921875 0.08148147910833359 0.0010416667209938169 0.009259259328246117
0 0.4921875 0.07777778059244156 0.0010416667209938169 0.009259259328246117
0 0.4919270873069763 0.0833333358168602 0.0015625000232830644 0.0055555556900799274
0 0.4921875 0.08148147910833359 0.0010416667209938169 0.009259259328246117
0 0.4921875 0.07777778059244156 0.0010416667209938169 0.009259259328246117
0 0.4921875 0.08148147910833359 0.0010416667209938169 0.009259259328246117
0 0.4921875 0.08148147910833359 0.0010416667209938169 0.009259259328246117
0 0.4921875 0.08009259402751923 0.0010416667209938169 0.006481481250375509
0 0.4921875 0.07777778059244156 0.0010416667209938169 0.009259259328246117
0 0.4921875 0.07824073731899261 0.0010416667209938169 0.008333333767950535
0 0.4919270873069763 0.07962962985038757 0.0015625000232830644 0.0055555556900799274
0 0.4921875 0.07777778059244156 0.0010416667209938169 0.009259259328246117
0 0.4919270873069763 0.0833333358168602 0.0015625000232830644 0.0055555556900799274
0 0.5041666626930237 0.0912037044763565 0.0010416667209938169 0.010185184888541698
0 0.9174479246139526 0.08425925672054291 0.0036458333488553762 0.009259259328246117
0 0.4921875 0.07777778059244156 0.0010416667209938169 0.009259259328246117
0 0.46875 0.10787037014961243 0.0010416667209938169 0.008333333767950535
0 0.4921875 0.07824073731899261 0.0010416667209938169 0.008333333767950535
0 0.827343761920929 0.14629629254341125 0.004687500186264515 0.014814814552664757
0 0.4921875 0.07592592388391495 0.0010416667209938169 0.009259259328246117
0 0.2763020694255829 0.9717592597007751 0.0234375 0.05648148059844971
0 0.7291666865348816 0.08611111342906952 0.0020833334419876337 0.009259259328246117
0 0.7403646111488342 0.5333333611488342 0.01197916641831398 0.03333333507180214
1 0.9013020992279053 0.10555555671453476 0.01718750037252903 0.011111111380159855
1 0.5171874761581421 0.15138888359069824 0.01875000074505806 0.015740741044282913
1 0.6255208253860474 0.08935185521841049 0.012500000186264515 0.008333333767950535
1 0.864062488079071 0.1240740716457367 0.008333333767950535 0.011111111380159855
1 0.774218738079071 0.09675925970077515 0.01822916604578495 0.010185184888541698
