1 0.9164062738418579 0.1101851835846901 0.01822916604578495 0.012962962500751019
1 0.6294270753860474 0.09305555373430252 0.013020833022892475 0.008333333767950535
1 0.5182291865348816 0.1597222238779068 0.01979166641831398 0.017592592164874077
1 0.7838541865348816 0.10046296566724777 0.01875000074505806 0.010185184888541698
6 0.5361979007720947 0.23287037014961243 0.0036458333488553762 0.01944444514811039
6 0.932812511920929 0.16435185074806213 0.00937500037252903 0.010185184888541698
6 0.8989583253860474 0.15046297013759613 0.008333333767950535 0.010185184888541698
6 0.5302083492279053 0.20694445073604584 0.00937500037252903 0.012037036940455437
6 0.9921875 0.18472221493721008 0.01354166679084301 0.015740741044282913
6 0.9158853888511658 0.1578703671693802 0.008854166604578495 0.010185184888541698
1 0.9455729126930237 0.12083332985639572 0.01927083358168602 0.012037036940455437
1 0.5140625238418579 0.08564814925193787 0.00937500037252903 0.008333333767950535
8 0.9242187738418579 0.08425925672054291 0.006770833395421505 0.009259259328246117
1 0.49166667461395264 0.10555555671453476 0.0052083334885537624 0.011111111380159855
2 0.887499988079071 0.10787037014961243 0.03750000149011612 0.032407406717538834
8 0.5020833611488342 0.08564814925193787 0.004166666883975267 0.008333333767950535
7 0.9341145753860474 0.08518518507480621 0.008854166604578495 0.007407407276332378
7 0.836718738079071 0.13750000298023224 0.00989583320915699 0.013888888992369175
2 0.49010416865348816 0.1606481522321701 0.015625 0.05277777835726738
1 0.4494791626930237 0.34675925970077515 0.02291666716337204 0.05277777835726738
0 0.49270832538604736 0.07129629701375961 0.0010416667209938169 0.009259259328246117
0 0.49166667461395264 0.07407407462596893 0.0010416667209938169 0.009259259328246117
0 0.4919270873069763 0.08611111342906952 0.0015625000232830644 0.0055555556900799274
0 0.4919270873069763 0.08425925672054291 0.0015625000232830644 0.009259259328246117
0 0.4919270873069763 0.08425925672054291 0.0015625000232830644 0.009259259328246117
0 0.4919270873069763 0.08055555820465088 0.0015625000232830644 0.009259259328246117
0 0.4919270873069763 0.08611111342906952 0.0015625000232830644 0.0055555556900799274
0 0.4919270873069763 0.08425925672054291 0.0015625000232830644 0.009259259328246117
0 0.4919270873069763 0.08055555820465088 0.0015625000232830644 0.009259259328246117
0 0.4919270873069763 0.08425925672054291 0.0015625000232830644 0.009259259328246117
0 0.4919270873069763 0.08425925672054291 0.0015625000232830644 0.009259259328246117
0 0.4919270873069763 0.0833333358168602 0.0015625000232830644 0.007407407276332378
0 0.4919270873069763 0.08055555820465088 0.0015625000232830644 0.009259259328246117
0 0.4919270873069763 0.08101851493120193 0.0015625000232830644 0.010185184888541698
0 0.4919270873069763 0.0824074074625969 0.0015625000232830644 0.0055555556900799274
0 0.4919270873069763 0.08055555820465088 0.0015625000232830644 0.009259259328246117
0 0.4919270873069763 0.08611111342906952 0.0015625000232830644 0.0055555556900799274
0 0.5041666626930237 0.09490741044282913 0.0010416667209938169 0.010185184888541698
0 0.9320312738418579 0.08749999850988388 0.0036458333488553762 0.010185184888541698
0 0.4919270873069763 0.08055555820465088 0.0015625000232830644 0.009259259328246117
0 0.46796876192092896 0.11157407611608505 0.0015625000232830644 0.008333333767950535
0 0.4919270873069763 0.08101851493120193 0.0015625000232830644 0.010185184888541698
0 0.84375 0.15416666865348816 0.0052083334885537624 0.015740741044282913
0 0.4919270873069763 0.07870370149612427 0.0015625000232830644 0.009259259328246117
0 0.7377604246139526 0.08981481194496155 0.0026041667442768812 0.009259259328246117
0 0.7934895753860474 0.6421296000480652 0.01614583283662796 0.037962961941957474
1 0.9164062738418579 0.1101851835846901 0.01822916604578495 0.012962962500751019
1 0.5182291865348816 0.1597222238779068 0.01979166641831398 0.017592592164874077
1 0.6294270753860474 0.09305555373430252 0.013020833022892475 0.008333333767950535
1 0.7838541865348816 0.10046296566724777 0.01875000074505806 0.010185184888541698
