1 0.899218738079071 0.1050925925374031 0.01718750037252903 0.012037036940455437
1 0.625 0.08935185521841049 0.012500000186264515 0.008333333767950535
1 0.5171874761581421 0.15000000596046448 0.01875000074505806 0.01666666753590107
1 0.7729166746139526 0.09583333134651184 0.01770833320915699 0.010185184888541698
6 0.5335937738418579 0.21388888359069824 0.0036458333488553762 0.018518518656492233
6 0.9078124761581421 0.15416666865348816 0.008333333767950535 0.010185184888541698
6 0.8776041865348816 0.14166666567325592 0.0072916666977107525 0.009259259328246117
6 0.5278645753860474 0.19120369851589203 0.008854166604578495 0.010185184888541698
6 0.9609375 0.17222222685813904 0.012500000186264515 0.014814814552664757
6 0.9747396111488342 0.17499999701976776 0.013020833022892475 0.014814814552664757
6 0.8929687738418579 0.14814814925193787 0.0078125 0.009259259328246117
1 0.92578125 0.11481481790542603 0.01822916604578495 0.011111111380159855
1 0.5138021111488342 0.0824074074625969 0.008854166604578495 0.007407407276332378
8 0.91015625 0.08101851493120193 0.006770833395421505 0.008333333767950535
1 0.4919270873069763 0.10185185074806213 0.00572916679084301 0.011111111380159855
2 0.8770833611488342 0.10231481492519379 0.03541666641831398 0.03055555559694767
8 0.5020833611488342 0.08287037163972855 0.004166666883975267 0.008333333767950535
7 0.9197916388511658 0.08194444328546524 0.008333333767950535 0.008333333767950535
7 0.8197916746139526 0.130092591047287 0.00937500037252903 0.013888888992369175
2 0.4906249940395355 0.15231481194496155 0.014583333395421505 0.049074072390794754
1 0.4559895694255829 0.29814815521240234 0.01927083358168602 0.04259259253740311
0 0.4921875 0.06990740448236465 0.0010416667209938169 0.008333333767950535
0 0.4921875 0.07129629701375961 0.0010416667209938169 0.009259259328246117
0 0.4919270873069763 0.0824074074625969 0.0015625000232830644 0.0055555556900799274
0 0.4921875 0.08101851493120193 0.0010416667209938169 0.008333333767950535
0 0.4921875 0.08101851493120193 0.0010416667209938169 0.008333333767950535
0 0.4921875 0.07777778059244156 0.0010416667209938169 0.009259259328246117
0 0.4919270873069763 0.08287037163972855 0.0015625000232830644 0.004629629664123058
0 0.4921875 0.08101851493120193 0.0010416667209938169 0.008333333767950535
0 0.4921875 0.07777778059244156 0.0010416667209938169 0.009259259328246117
0 0.4921875 0.08101851493120193 0.0010416667209938169 0.008333333767950535
0 0.4921875 0.08101851493120193 0.0010416667209938169 0.008333333767950535
0 0.4921875 0.08009259402751923 0.0010416667209938169 0.006481481250375509
0 0.4921875 0.07777778059244156 0.0010416667209938169 0.009259259328246117
0 0.4921875 0.07777778059244156 0.0010416667209938169 0.009259259328246117
0 0.4919270873069763 0.07962962985038757 0.0015625000232830644 0.0055555556900799274
0 0.4921875 0.07777778059244156 0.0010416667209938169 0.009259259328246117
0 0.4919270873069763 0.0824074074625969 0.0015625000232830644 0.0055555556900799274
0 0.5036458373069763 0.09074074029922485 0.0010416667209938169 0.009259259328246117
0 0.9158853888511658 0.08425925672054291 0.0036458333488553762 0.009259259328246117
0 0.4921875 0.07777778059244156 0.0010416667209938169 0.009259259328246117
0 0.4690104126930237 0.10694444179534912 0.0015625000232830644 0.008333333767950535
0 0.4921875 0.07777778059244156 0.0010416667209938169 0.009259259328246117
0 0.8255208134651184 0.14537036418914795 0.0052083334885537624 0.014814814552664757
0 0.4921875 0.07592592388391495 0.0010416667209938169 0.009259259328246117
0 0.2841145694255829 0.9412037134170532 0.02239583246409893 0.06574074178934097
0 0.7281249761581421 0.08611111342906952 0.0020833334419876337 0.009259259328246117
0 0.7346354126930237 0.5217592716217041 0.01197916641831398 0.032407406717538834
1 0.899218738079071 0.1050925925374031 0.01718750037252903 0.012037036940455437
1 0.5171874761581421 0.15000000596046448 0.01875000074505806 0.01666666753590107
1 0.625 0.08935185521841049 0.012500000186264515 0.008333333767950535
1 0.7729166746139526 0.09583333134651184 0.01770833320915699 0.010185184888541698
