1 0.9309895634651184 0.11481481790542603 0.01927083358168602 0.012962962500751019
1 0.6333333253860474 0.0962962955236435 0.01354166679084301 0.009259259328246117
1 0.8955729007720947 0.13611111044883728 0.008854166604578495 0.012962962500751019
1 0.5190104246139526 0.16851851344108582 0.02031249925494194 0.018518518656492233
1 0.79296875 0.10370370000600815 0.01927083358168602 0.011111111380159855
6 0.5390625 0.25046294927597046 0.004166666883975267 0.021296296268701553
6 0.9546874761581421 0.17314815521240234 0.010416666977107525 0.011111111380159855
6 0.9174479246139526 0.15833333134651184 0.008854166604578495 0.011111111380159855
6 0.532031238079071 0.22083333134651184 0.00989583320915699 0.012037036940455437
1 0.9622395634651184 0.1259259283542633 0.02031249925494194 0.011111111380159855
1 0.5143229365348816 0.08842592686414719 0.00989583320915699 0.008333333767950535
8 0.9359375238418579 0.08703703433275223 0.0072916666977107525 0.009259259328246117
1 0.6184895634651184 0.0902777761220932 0.010937499813735485 0.008333333767950535
1 0.49140626192092896 0.10833333432674408 0.00572916679084301 0.011111111380159855
2 0.8963541388511658 0.1120370402932167 0.03958333283662796 0.03333333507180214
8 0.5018228888511658 0.08842592686414719 0.004687500186264515 0.008333333767950535
7 0.946093738079071 0.08796296268701553 0.008854166604578495 0.007407407276332378
7 0.8510416746139526 0.14398148655891418 0.01145833358168602 0.013888888992369175
2 0.4895833432674408 0.16712963581085205 0.01666666753590107 0.05462963134050369
1 0.4424479305744171 0.39722222089767456 0.02656250074505806 0.06296296417713165
0 0.49557292461395264 0.07407407462596893 0.0015625000232830644 0.009259259328246117
0 0.49166667461395264 0.0763888880610466 0.0010416667209938169 0.010185184888541698
0 0.49166667461395264 0.08888889104127884 0.0020833334419876337 0.0055555556900799274
0 0.49166667461395264 0.08703703433275223 0.0010416667209938169 0.009259259328246117
0 0.49166667461395264 0.08703703433275223 0.0010416667209938169 0.009259259328246117
0 0.49166667461395264 0.0833333358168602 0.0010416667209938169 0.009259259328246117
0 0.49166667461395264 0.08888889104127884 0.0020833334419876337 0.0055555556900799274
0 0.49166667461395264 0.08703703433275223 0.0010416667209938169 0.009259259328246117
0 0.49166667461395264 0.0833333358168602 0.0010416667209938169 0.009259259328246117
0 0.49166667461395264 0.08703703433275223 0.0010416667209938169 0.009259259328246117
0 0.49166667461395264 0.08703703433275223 0.0010416667209938169 0.009259259328246117
0 0.49166667461395264 0.08611111342906952 0.0010416667209938169 0.007407407276332378
0 0.49166667461395264 0.0833333358168602 0.0010416667209938169 0.009259259328246117
0 0.49166667461395264 0.08379629999399185 0.0010416667209938169 0.010185184888541698
0 0.49166667461395264 0.08518518507480621 0.0020833334419876337 0.0055555556900799274
0 0.49166667461395264 0.0833333358168602 0.0010416667209938169 0.009259259328246117
0 0.49166667461395264 0.08888889104127884 0.0020833334419876337 0.0055555556900799274
0 0.5041666626930237 0.09814814478158951 0.0010416667209938169 0.011111111380159855
0 0.9453125 0.0902777761220932 0.004166666883975267 0.010185184888541698
0 0.49166667461395264 0.0833333358168602 0.0010416667209938169 0.009259259328246117
0 0.46692708134651184 0.11620370298624039 0.0015625000232830644 0.008333333767950535
0 0.49166667461395264 0.0833333358168602 0.0010416667209938169 0.009259259328246117
0 0.8596354126930237 0.16203702986240387 0.00572916679084301 0.01666666753590107
0 0.49166667461395264 0.08101851493120193 0.0010416667209938169 0.010185184888541698
0 0.74609375 0.09305555373430252 0.0026041667442768812 0.010185184888541698
0 0.8619791865348816 0.7819444537162781 0.02187499962747097 0.04537037014961243
1 0.9309895634651184 0.11481481790542603 0.01927083358168602 0.012962962500751019
1 0.5190104246139526 0.16851851344108582 0.02031249925494194 0.018518518656492233
1 0.6333333253860474 0.0962962955236435 0.01354166679084301 0.009259259328246117
1 0.8955729007720947 0.13611111044883728 0.008854166604578495 0.012962962500751019
1 0.79296875 0.10370370000600815 0.01927083358168602 0.011111111380159855
