1 0.9205729365348816 0.1111111119389534 0.01822916604578495 0.012962962500751019
1 0.6307291388511658 0.09398148208856583 0.01354166679084301 0.008333333767950535
1 0.5182291865348816 0.16249999403953552 0.01979166641831398 0.017592592164874077
1 0.7864583134651184 0.10138888657093048 0.01875000074505806 0.010185184888541698
6 0.5369791388511658 0.23796296119689941 0.004166666883975267 0.020370369777083397
6 0.9390624761581421 0.1666666716337204 0.00937500037252903 0.011111111380159855
6 0.530468761920929 0.21064814925193787 0.00989583320915699 0.012037036940455437
6 0.9963541626930237 0.1875 0.0072916666977107525 0.015740741044282913
6 0.9216145873069763 0.1597222238779068 0.008854166604578495 0.010185184888541698
1 0.949999988079071 0.12222222238779068 0.01979166641831398 0.011111111380159855
1 0.5143229365348816 0.08657407760620117 0.00989583320915699 0.008333333767950535
8 0.9276041388511658 0.08518518507480621 0.0072916666977107525 0.009259259328246117
1 0.49166667461395264 0.10601852089166641 0.0052083334885537624 0.012037036940455437
2 0.889843761920929 0.10879629850387573 0.03802083432674408 0.032407406717538834
8 0.5018228888511658 0.08657407760620117 0.004687500186264515 0.008333333767950535
7 0.9372395873069763 0.08611111342906952 0.008854166604578495 0.007407407276332378
7 0.840624988079071 0.13935184478759766 0.010416666977107525 0.013888888992369175
2 0.4898437559604645 0.16249999403953552 0.01614583283662796 0.05277777835726738
1 0.4476562440395355 0.35972222685813904 0.0234375 0.05462963134050369
0 0.49270832538604736 0.07222222536802292 0.0010416667209938169 0.009259259328246117
0 0.49166667461395264 0.07500000298023224 0.0010416667209938169 0.009259259328246117
0 0.4919270873069763 0.08703703433275223 0.0015625000232830644 0.0055555556900799274
0 0.49166667461395264 0.08518518507480621 0.0010416667209938169 0.009259259328246117
0 0.49166667461395264 0.08518518507480621 0.0010416667209938169 0.009259259328246117
0 0.49166667461395264 0.08148147910833359 0.0010416667209938169 0.009259259328246117
0 0.4919270873069763 0.08703703433275223 0.0015625000232830644 0.0055555556900799274
0 0.49166667461395264 0.08518518507480621 0.0010416667209938169 0.009259259328246117
0 0.49166667461395264 0.08148147910833359 0.0010416667209938169 0.009259259328246117
0 0.49166667461395264 0.08518518507480621 0.0010416667209938169 0.009259259328246117
0 0.49166667461395264 0.08518518507480621 0.0010416667209938169 0.009259259328246117
0 0.49166667461395264 0.08379629999399185 0.0010416667209938169 0.006481481250375509
0 0.49166667461395264 0.08148147910833359 0.0010416667209938169 0.009259259328246117
0 0.49166667461395264 0.08148147910833359 0.0010416667209938169 0.009259259328246117
0 0.4919270873069763 0.0833333358168602 0.0015625000232830644 0.0055555556900799274
0 0.49166667461395264 0.08148147910833359 0.0010416667209938169 0.009259259328246117
0 0.4919270873069763 0.08703703433275223 0.0015625000232830644 0.0055555556900799274
0 0.5041666626930237 0.09583333134651184 0.0010416667209938169 0.010185184888541698
0 0.9356771111488342 0.08842592686414719 0.0036458333488553762 0.010185184888541698
0 0.49166667461395264 0.08148147910833359 0.0010416667209938169 0.009259259328246117
0 0.4674479067325592 0.11342592537403107 0.0015625000232830644 0.008333333767950535
0 0.49166667461395264 0.08148147910833359 0.0010416667209938169 0.009259259328246117
0 0.8479166626930237 0.15601852536201477 0.0052083334885537624 0.015740741044282913
0 0.49166667461395264 0.07962962985038757 0.0010416667209938169 0.009259259328246117
0 0.7401041388511658 0.0902777761220932 0.0020833334419876337 0.010185184888541698
0 0.8104166388511658 0.6763888597488403 0.01770833320915699 0.03981481492519379
1 0.9205729365348816 0.1111111119389534 0.01822916604578495 0.012962962500751019
1 0.5182291865348816 0.16249999403953552 0.01979166641831398 0.017592592164874077
1 0.6307291388511658 0.09398148208856583 0.01354166679084301 0.008333333767950535
1 0.7864583134651184 0.10138888657093048 0.01875000074505806 0.010185184888541698
