1 0.9244791865348816 0.11249999701976776 0.01875000074505806 0.012037036940455437
1 0.6317708492279053 0.09490741044282913 0.01354166679084301 0.008333333767950535
1 0.8888021111488342 0.13379628956317902 0.008854166604578495 0.012037036940455437
1 0.5184895992279053 0.16435185074806213 0.02031249925494194 0.017592592164874077
1 0.7888020873069763 0.10277777910232544 0.01927083358168602 0.011111111380159855
6 0.5377604365348816 0.24259258806705475 0.0036458333488553762 0.020370369777083397
6 0.9450520873069763 0.16944444179534912 0.00989583320915699 0.011111111380159855
6 0.909375011920929 0.15509259700775146 0.008333333767950535 0.010185184888541698
6 0.5309895873069763 0.2143518477678299 0.00989583320915699 0.012037036940455437
6 0.9270833134651184 0.16203702986240387 0.00937500037252903 0.011111111380159855
1 0.9549478888511658 0.12361110746860504 0.02031249925494194 0.012037036940455437
1 0.5143229365348816 0.08749999850988388 0.00989583320915699 0.008333333767950535
8 0.9307291507720947 0.08611111342906952 0.0072916666977107525 0.009259259328246117
1 0.49140626192092896 0.10694444179534912 0.00572916679084301 0.012037036940455437
2 0.8924478888511658 0.1101851835846901 0.03802083432674408 0.03333333507180214
8 0.5018228888511658 0.08749999850988388 0.004687500186264515 0.008333333767950535
7 0.9408854246139526 0.08657407760620117 0.008854166604578495 0.008333333767950535
7 0.844531238079071 0.14120370149612427 0.010937499813735485 0.013888888992369175
2 0.4898437559604645 0.1648148149251938 0.01614583283662796 0.05370370298624039
1 0.44583332538604736 0.37361112236976624 0.02500000037252903 0.05833333358168602
0 0.49270832538604736 0.07407407462596893 0.0010416667209938169 0.009259259328246117
0 0.49166667461395264 0.0754629597067833 0.0010416667209938169 0.010185184888541698
0 0.49166667461395264 0.08796296268701553 0.0020833334419876337 0.0055555556900799274
0 0.49166667461395264 0.08564814925193787 0.0010416667209938169 0.010185184888541698
0 0.49166667461395264 0.08564814925193787 0.0010416667209938169 0.010185184888541698
0 0.49166667461395264 0.08194444328546524 0.0010416667209938169 0.010185184888541698
0 0.49166667461395264 0.08796296268701553 0.0020833334419876337 0.0055555556900799274
0 0.49166667461395264 0.08564814925193787 0.0010416667209938169 0.010185184888541698
0 0.49166667461395264 0.08194444328546524 0.0010416667209938169 0.010185184888541698
0 0.49166667461395264 0.08564814925193787 0.0010416667209938169 0.010185184888541698
0 0.49166667461395264 0.08564814925193787 0.0010416667209938169 0.010185184888541698
0 0.49166667461395264 0.08472222089767456 0.0010416667209938169 0.006481481250375509
0 0.49166667461395264 0.08194444328546524 0.0010416667209938169 0.010185184888541698
0 0.49166667461395264 0.0824074074625969 0.0010416667209938169 0.009259259328246117
0 0.49166667461395264 0.08425925672054291 0.0020833334419876337 0.0055555556900799274
0 0.49166667461395264 0.08194444328546524 0.0010416667209938169 0.010185184888541698
0 0.49166667461395264 0.08796296268701553 0.0020833334419876337 0.0055555556900799274
0 0.5041666626930237 0.09675925970077515 0.0010416667209938169 0.010185184888541698
0 0.9395833611488342 0.08888889104127884 0.004166666883975267 0.009259259328246117
0 0.49166667461395264 0.0824074074625969 0.0010416667209938169 0.009259259328246117
0 0.4674479067325592 0.11435185372829437 0.0015625000232830644 0.008333333767950535
0 0.49166667461395264 0.0824074074625969 0.0010416667209938169 0.009259259328246117
0 0.852343738079071 0.1587962955236435 0.00572916679084301 0.015740741044282913
0 0.49166667461395264 0.08009259402751923 0.0010416667209938169 0.010185184888541698
0 0.7424479126930237 0.0912037044763565 0.0026041667442768812 0.010185184888541698
0 0.8291666507720947 0.7148148417472839 0.01875000074505806 0.04259259253740311
1 0.9244791865348816 0.11249999701976776 0.01875000074505806 0.012037036940455437
1 0.5184895992279053 0.16435185074806213 0.02031249925494194 0.017592592164874077
1 0.6317708492279053 0.09490741044282913 0.01354166679084301 0.008333333767950535
1 0.8888021111488342 0.13379628956317902 0.008854166604578495 0.012037036940455437
1 0.7890625 0.10277777910232544 0.01875000074505806 0.011111111380159855
