1 0.9184895753860474 0.11064814776182175 0.01822916604578495 0.012037036940455437
1 0.6299479007720947 0.09351851791143417 0.013020833022892475 0.009259259328246117
1 0.8822916746139526 0.1310185194015503 0.008333333767950535 0.012037036940455437
1 0.5182291865348816 0.16111111640930176 0.01979166641831398 0.01666666753590107
1 0.7848958373069763 0.10092592239379883 0.01875000074505806 0.011111111380159855
6 0.5367187261581421 0.23564815521240234 0.0036458333488553762 0.01944444514811039
6 0.9359375238418579 0.1657407432794571 0.00937500037252903 0.011111111380159855
6 0.5302083492279053 0.20879629254341125 0.00937500037252903 0.012037036940455437
6 0.9945312738418579 0.1865740716457367 0.010937499813735485 0.015740741044282913
6 0.918749988079071 0.1587962955236435 0.008333333767950535 0.010185184888541698
1 0.9479166865348816 0.12129629403352737 0.01979166641831398 0.011111111380159855
1 0.5140625238418579 0.08657407760620117 0.00937500037252903 0.008333333767950535
8 0.92578125 0.08472222089767456 0.006770833395421505 0.008333333767950535
1 0.49166667461395264 0.10555555671453476 0.0052083334885537624 0.011111111380159855
2 0.8888021111488342 0.10879629850387573 0.03802083432674408 0.032407406717538834
8 0.5018228888511658 0.08657407760620117 0.004687500186264515 0.008333333767950535
7 0.9356771111488342 0.08564814925193787 0.008854166604578495 0.008333333767950535
7 0.8385416865348816 0.13842593133449554 0.010416666977107525 0.013888888992369175
2 0.49010416865348816 0.1615740805864334 0.015625 0.05277777835726738
1 0.44869792461395264 0.3532407283782959 0.0234375 0.05277777835726738
0 0.49270832538604736 0.07129629701375961 0.0010416667209938169 0.009259259328246117
0 0.49166667461395264 0.07453703880310059 0.0010416667209938169 0.010185184888541698
0 0.4919270873069763 0.08611111342906952 0.0015625000232830644 0.0055555556900799274
0 0.49166667461395264 0.08425925672054291 0.0010416667209938169 0.009259259328246117
0 0.49166667461395264 0.08425925672054291 0.0010416667209938169 0.009259259328246117
0 0.49166667461395264 0.08055555820465088 0.0010416667209938169 0.009259259328246117
0 0.4919270873069763 0.08657407760620117 0.0015625000232830644 0.006481481250375509
0 0.49166667461395264 0.08425925672054291 0.0010416667209938169 0.009259259328246117
0 0.49166667461395264 0.08055555820465088 0.0010416667209938169 0.009259259328246117
0 0.49166667461395264 0.08425925672054291 0.0010416667209938169 0.009259259328246117
0 0.49166667461395264 0.08425925672054291 0.0010416667209938169 0.009259259328246117
0 0.49166667461395264 0.08379629999399185 0.0010416667209938169 0.006481481250375509
0 0.49166667461395264 0.08055555820465088 0.0010416667209938169 0.009259259328246117
0 0.49166667461395264 0.08148147910833359 0.0010416667209938169 0.009259259328246117
0 0.4919270873069763 0.0833333358168602 0.0015625000232830644 0.0055555556900799274
0 0.49166667461395264 0.08055555820465088 0.0010416667209938169 0.009259259328246117
0 0.4919270873069763 0.08611111342906952 0.0015625000232830644 0.0055555556900799274
0 0.8026041388511658 0.0824074074625969 0.0031250000465661287 0.009259259328246117
0 0.5041666626930237 0.09490741044282913 0.0010416667209938169 0.010185184888541698
0 0.9338541626930237 0.08796296268701553 0.004166666883975267 0.009259259328246117
0 0.49166667461395264 0.08101851493120193 0.0010416667209938169 0.010185184888541698
0 0.46796876192092896 0.11249999701976776 0.0015625000232830644 0.008333333767950535
0 0.49166667461395264 0.08148147910833359 0.0010416667209938169 0.009259259328246117
0 0.8458333611488342 0.15509259700775146 0.0052083334885537624 0.015740741044282913
0 0.49166667461395264 0.07870370149612427 0.0010416667209938169 0.009259259328246117
0 0.739062488079071 0.0902777761220932 0.0020833334419876337 0.010185184888541698
0 0.801562488079071 0.6592592597007751 0.01666666753590107 0.03888889029622078
1 0.9184895753860474 0.11064814776182175 0.01822916604578495 0.012037036940455437
1 0.5182291865348816 0.16111111640930176 0.01979166641831398 0.01666666753590107
1 0.6299479007720947 0.09351851791143417 0.013020833022892475 0.009259259328246117
1 0.8822916746139526 0.1310185194015503 0.008333333767950535 0.012037036940455437
1 0.78515625 0.10092592239379883 0.01927083358168602 0.011111111380159855
