1 0.9354166388511658 0.11574073880910873 0.01979166641831398 0.012962962500751019
1 0.6346353888511658 0.0972222238779068 0.01406249962747097 0.009259259328246117
1 0.9002603888511658 0.1379629671573639 0.008854166604578495 0.012962962500751019
1 0.5192708373069763 0.17129629850387573 0.02083333395421505 0.018518518656492233
1 0.7955729365348816 0.1050925925374031 0.01927083358168602 0.012037036940455437
6 0.5395833253860474 0.2560185194015503 0.004166666883975267 0.021296296268701553
6 0.9611979126930237 0.17592592537403107 0.00989583320915699 0.011111111380159855
6 0.922656238079071 0.1606481522321701 0.008854166604578495 0.010185184888541698
6 0.5325520634651184 0.22499999403953552 0.00989583320915699 0.012962962500751019
6 0.9419270753860474 0.16851851344108582 0.00989583320915699 0.011111111380159855
1 0.9671875238418579 0.12731482088565826 0.02083333395421505 0.012037036940455437
1 0.7736979126930237 0.08888889104127884 0.013020833022892475 0.009259259328246117
1 0.5143229365348816 0.08935185521841049 0.00989583320915699 0.008333333767950535
8 0.9390624761581421 0.08796296268701553 0.0072916666977107525 0.009259259328246117
1 0.6205729246139526 0.0912037044763565 0.010937499813735485 0.008333333767950535
1 0.49140626192092896 0.10879629850387573 0.00572916679084301 0.012037036940455437
2 0.8989583253860474 0.11388888955116272 0.03958333283662796 0.03333333507180214
8 0.5015624761581421 0.08935185521841049 0.004166666883975267 0.008333333767950535
7 0.9494791626930237 0.08842592686414719 0.00937500037252903 0.008333333767950535
2 0.4895833432674408 0.16944444179534912 0.01666666753590107 0.0555555559694767
1 0.4401041567325592 0.4138889014720917 0.02812499925494194 0.06666667014360428
0 0.49557292461395264 0.07407407462596893 0.0015625000232830644 0.009259259328246117
0 0.49140626192092896 0.0773148164153099 0.0015625000232830644 0.010185184888541698
0 0.49140626192092896 0.08981481194496155 0.0015625000232830644 0.0055555556900799274
0 0.49166667461395264 0.08749999850988388 0.0010416667209938169 0.010185184888541698
0 0.49166667461395264 0.08749999850988388 0.0010416667209938169 0.010185184888541698
0 0.49140626192092896 0.08379629999399185 0.0015625000232830644 0.010185184888541698
0 0.49140626192092896 0.08981481194496155 0.0015625000232830644 0.0055555556900799274
0 0.49166667461395264 0.08749999850988388 0.0010416667209938169 0.010185184888541698
0 0.49140626192092896 0.08379629999399185 0.0015625000232830644 0.010185184888541698
0 0.49166667461395264 0.08749999850988388 0.0010416667209938169 0.010185184888541698
0 0.49166667461395264 0.08749999850988388 0.0010416667209938169 0.010185184888541698
0 0.49166667461395264 0.08657407760620117 0.0010416667209938169 0.006481481250375509
0 0.49140626192092896 0.08379629999399185 0.0015625000232830644 0.010185184888541698
0 0.49140626192092896 0.08425925672054291 0.0015625000232830644 0.009259259328246117
0 0.49140626192092896 0.08611111342906952 0.0015625000232830644 0.0055555556900799274
0 0.49140626192092896 0.08379629999399185 0.0015625000232830644 0.010185184888541698
0 0.49140626192092896 0.08981481194496155 0.0015625000232830644 0.0055555556900799274
0 0.5041666626930237 0.09907407313585281 0.0010416667209938169 0.011111111380159855
0 0.9494791626930237 0.0912037044763565 0.004166666883975267 0.010185184888541698
0 0.49140626192092896 0.08379629999399185 0.0015625000232830644 0.010185184888541698
0 0.46692708134651184 0.11712963134050369 0.0015625000232830644 0.008333333767950535
0 0.49140626192092896 0.08425925672054291 0.0015625000232830644 0.009259259328246117
0 0.49140626192092896 0.08194444328546524 0.0015625000232830644 0.010185184888541698
0 0.7481771111488342 0.09398148208856583 0.0026041667442768812 0.010185184888541698
0 0.88671875 0.832870364189148 0.02447916753590107 0.04722222313284874
1 0.9354166388511658 0.11574073880910873 0.01979166641831398 0.012962962500751019
1 0.5192708373069763 0.17129629850387573 0.02083333395421505 0.018518518656492233
1 0.6346353888511658 0.0972222238779068 0.01406249962747097 0.009259259328246117
1 0.9002603888511658 0.1379629671573639 0.008854166604578495 0.012962962500751019
1 0.7958333492279053 0.1050925925374031 0.01979166641831398 0.012037036940455437
