1 0.9268229007720947 0.11296296119689941 0.01927083358168602 0.012962962500751019
1 0.6322916746139526 0.09537036716938019 0.01354166679084301 0.009259259328246117
1 0.8908854126930237 0.13425925374031067 0.008854166604578495 0.012962962500751019
1 0.5184895992279053 0.16620370745658875 0.02031249925494194 0.017592592164874077
1 0.7903645634651184 0.10277777910232544 0.01927083358168602 0.011111111380159855
6 0.5380208492279053 0.24537037312984467 0.004166666883975267 0.020370369777083397
6 0.9481770992279053 0.17037037014961243 0.00989583320915699 0.011111111380159855
6 0.9119791388511658 0.15601852536201477 0.008333333767950535 0.010185184888541698
6 0.5315104126930237 0.21666666865348816 0.00989583320915699 0.011111111380159855
1 0.9572916626930237 0.12453703582286835 0.01979166641831398 0.012037036940455437
1 0.5143229365348816 0.08749999850988388 0.00989583320915699 0.008333333767950535
8 0.9322916865348816 0.08611111342906952 0.0072916666977107525 0.009259259328246117
1 0.49140626192092896 0.10740740597248077 0.00572916679084301 0.011111111380159855
2 0.893750011920929 0.1111111119389534 0.03854166716337204 0.03333333507180214
8 0.5018228888511658 0.08796296268701553 0.004687500186264515 0.009259259328246117
7 0.9424479007720947 0.08703703433275223 0.008854166604578495 0.007407407276332378
7 0.8466145992279053 0.14212962985038757 0.010937499813735485 0.013888888992369175
2 0.4898437559604645 0.16527777910232544 0.01614583283662796 0.05462963134050369
1 0.44453126192092896 0.38148146867752075 0.02552083320915699 0.05925925821065903
0 0.49270832538604736 0.07407407462596893 0.0010416667209938169 0.009259259328246117
0 0.49166667461395264 0.07592592388391495 0.0010416667209938169 0.009259259328246117
0 0.49166667461395264 0.08796296268701553 0.0020833334419876337 0.0055555556900799274
0 0.49166667461395264 0.08611111342906952 0.0010416667209938169 0.009259259328246117
0 0.49166667461395264 0.08611111342906952 0.0010416667209938169 0.009259259328246117
0 0.49166667461395264 0.0824074074625969 0.0010416667209938169 0.009259259328246117
0 0.49166667461395264 0.08796296268701553 0.0020833334419876337 0.0055555556900799274
0 0.49166667461395264 0.08611111342906952 0.0010416667209938169 0.009259259328246117
0 0.49166667461395264 0.0824074074625969 0.0010416667209938169 0.009259259328246117
0 0.49166667461395264 0.08611111342906952 0.0010416667209938169 0.009259259328246117
0 0.49166667461395264 0.08611111342906952 0.0010416667209938169 0.009259259328246117
0 0.49166667461395264 0.08518518507480621 0.0010416667209938169 0.007407407276332378
0 0.49166667461395264 0.0824074074625969 0.0010416667209938169 0.009259259328246117
0 0.49166667461395264 0.08287037163972855 0.0010416667209938169 0.010185184888541698
0 0.49166667461395264 0.08472222089767456 0.0020833334419876337 0.006481481250375509
0 0.49166667461395264 0.0824074074625969 0.0010416667209938169 0.009259259328246117
0 0.49166667461395264 0.08796296268701553 0.0020833334419876337 0.0055555556900799274
0 0.5041666626930237 0.0972222238779068 0.0010416667209938169 0.011111111380159855
0 0.94140625 0.08935185521841049 0.0036458333488553762 0.010185184888541698
0 0.49166667461395264 0.0824074074625969 0.0010416667209938169 0.009259259328246117
0 0.4674479067325592 0.11435185372829437 0.0015625000232830644 0.008333333767950535
0 0.49166667461395264 0.08287037163972855 0.0010416667209938169 0.010185184888541698
0 0.8549479246139526 0.1597222238779068 0.00572916679084301 0.015740741044282913
0 0.49166667461395264 0.08055555820465088 0.0010416667209938169 0.009259259328246117
0 0.7434895634651184 0.09212963283061981 0.0026041667442768812 0.010185184888541698
0 0.8395833373069763 0.7361111044883728 0.01979166641831398 0.04259259253740311
1 0.9268229007720947 0.11296296119689941 0.01927083358168602 0.012962962500751019
1 0.5184895992279053 0.16620370745658875 0.02031249925494194 0.017592592164874077
1 0.6322916746139526 0.09537036716938019 0.01354166679084301 0.009259259328246117
1 0.8908854126930237 0.13425925374031067 0.008854166604578495 0.012962962500751019
1 0.7903645634651184 0.10277777910232544 0.01927083358168602 0.011111111380159855
