1 0.9489583373069763 0.11990740895271301 0.02083333395421505 0.013888888992369175
1 0.6382812261581421 0.10000000149011612 0.01406249962747097 0.009259259328246117
1 0.914843738079071 0.14351852238178253 0.00989583320915699 0.012962962500751019
1 0.520312488079071 0.17916665971279144 0.02187499962747097 0.01944444514811039
1 0.803906261920929 0.10879629850387573 0.02031249925494194 0.012037036940455437
6 0.5424479246139526 0.2736110985279083 0.004687500186264515 0.023148147389292717
6 0.9820312261581421 0.18472221493721008 0.010937499813735485 0.012037036940455437
6 0.9403645992279053 0.1675925999879837 0.00989583320915699 0.011111111380159855
6 0.534375011920929 0.23888888955116272 0.010416666977107525 0.012962962500751019
1 0.9828125238418579 0.1319444477558136 0.02187499962747097 0.012037036940455437
1 0.5143229365348816 0.09166666865348816 0.00989583320915699 0.009259259328246117
8 0.9497395753860474 0.09074074029922485 0.0078125 0.009259259328246117
1 0.4911458194255829 0.11157407611608505 0.0062500000931322575 0.012037036940455437
2 0.9072916507720947 0.11759259551763535 0.0416666679084301 0.035185184329748154
8 0.5015624761581421 0.09212963283061981 0.004166666883975267 0.008333333767950535
7 0.960156261920929 0.0912037044763565 0.00989583320915699 0.008333333767950535
2 0.48880207538604736 0.17592592537403107 0.01718750037252903 0.05740740895271301
1 0.43177083134651184 0.4740740656852722 0.03333333507180214 0.08148147910833359
0 0.49557292461395264 0.0763888880610466 0.0015625000232830644 0.010185184888541698
0 0.49140626192092896 0.07916666567325592 0.0015625000232830644 0.010185184888541698
0 0.49140626192092896 0.09212963283061981 0.0015625000232830644 0.006481481250375509
0 0.49140626192092896 0.0902777761220932 0.0015625000232830644 0.010185184888541698
0 0.49140626192092896 0.0902777761220932 0.0015625000232830644 0.010185184888541698
0 0.49140626192092896 0.08657407760620117 0.0015625000232830644 0.010185184888541698
0 0.49140626192092896 0.09212963283061981 0.0015625000232830644 0.006481481250375509
0 0.49140626192092896 0.0902777761220932 0.0015625000232830644 0.010185184888541698
0 0.49140626192092896 0.08657407760620117 0.0015625000232830644 0.010185184888541698
0 0.49140626192092896 0.0902777761220932 0.0015625000232830644 0.010185184888541698
0 0.49140626192092896 0.0902777761220932 0.0015625000232830644 0.010185184888541698
0 0.49140626192092896 0.08935185521841049 0.0015625000232830644 0.006481481250375509
0 0.49140626192092896 0.08657407760620117 0.0015625000232830644 0.010185184888541698
0 0.49140626192092896 0.08657407760620117 0.0015625000232830644 0.010185184888541698
0 0.49140626192092896 0.08842592686414719 0.0015625000232830644 0.006481481250375509
0 0.49140626192092896 0.08657407760620117 0.0015625000232830644 0.010185184888541698
0 0.49140626192092896 0.09212963283061981 0.0015625000232830644 0.006481481250375509
0 0.5044270753860474 0.10277777910232544 0.0015625000232830644 0.011111111380159855
0 0.9614583253860474 0.09398148208856583 0.004166666883975267 0.010185184888541698
0 0.49140626192092896 0.08657407760620117 0.0015625000232830644 0.010185184888541698
0 0.4658854305744171 0.12083332985639572 0.0015625000232830644 0.008333333767950535
0 0.49140626192092896 0.08657407760620117 0.0015625000232830644 0.010185184888541698
0 0.8791666626930237 0.17129629850387573 0.0062500000931322575 0.01666666753590107
0 0.49140626192092896 0.08425925672054291 0.0015625000232830644 0.009259259328246117
0 0.7554687261581421 0.09675925970077515 0.0026041667442768812 0.010185184888541698
1 0.9489583373069763 0.11990740895271301 0.02083333395421505 0.013888888992369175
1 0.520312488079071 0.17916665971279144 0.02187499962747097 0.01944444514811039
1 0.6382812261581421 0.10000000149011612 0.01406249962747097 0.009259259328246117
1 0.914843738079071 0.14351852238178253 0.00989583320915699 0.012962962500751019
1 0.803906261920929 0.10879629850387573 0.02031249925494194 0.012037036940455437
