1 0.9606770873069763 0.12361110746860504 0.02135416679084301 0.013888888992369175
1 0.6411458253860474 0.10277777910232544 0.014583333395421505 0.009259259328246117
1 0.9276041388511658 0.14861111342906952 0.010416666977107525 0.013888888992369175
1 0.5208333134651184 0.1865740716457367 0.02291666716337204 0.021296296268701553
1 0.8114583492279053 0.11157407611608505 0.02083333395421505 0.012037036940455437
6 0.5447916388511658 0.29027777910232544 0.0052083334885537624 0.02500000037252903
6 0.9559895992279053 0.17407406866550446 0.00989583320915699 0.011111111380159855
6 0.535937488079071 0.25138887763023376 0.01145833358168602 0.013888888992369175
6 0.9783853888511658 0.18287037312984467 0.010937499813735485 0.012037036940455437
1 0.785937488079071 0.09351851791143417 0.01354166679084301 0.009259259328246117
1 0.5145833492279053 0.09398148208856583 0.010416666977107525 0.008333333767950535
8 0.9591146111488342 0.09259258955717087 0.0078125 0.009259259328246117
1 0.6330729126930237 0.09583333134651184 0.01197916641831398 0.008333333767950535
1 0.4908854067325592 0.11388888955116272 0.00572916679084301 0.012962962500751019
2 0.9145833253860474 0.12175925821065903 0.04270833358168602 0.03611111268401146
8 0.5015624761581421 0.09444444626569748 0.004166666883975267 0.009259259328246117
7 0.969531238079071 0.09305555373430252 0.00989583320915699 0.008333333767950535
2 0.4885416626930237 0.1814814805984497 0.01770833320915699 0.05925925821065903
1 0.4229166805744171 0.5384259223937988 0.03854166716337204 0.09907407313585281
0 0.49557292461395264 0.07824073731899261 0.0015625000232830644 0.010185184888541698
0 0.4911458194255829 0.08101851493120193 0.0010416667209938169 0.010185184888541698
0 0.4911458194255829 0.09398148208856583 0.0020833334419876337 0.006481481250375509
0 0.4911458194255829 0.09212963283061981 0.0010416667209938169 0.010185184888541698
0 0.4911458194255829 0.09212963283061981 0.0010416667209938169 0.010185184888541698
0 0.4911458194255829 0.08842592686414719 0.0010416667209938169 0.010185184888541698
0 0.4911458194255829 0.09444444626569748 0.0020833334419876337 0.0055555556900799274
0 0.4911458194255829 0.09212963283061981 0.0010416667209938169 0.010185184888541698
0 0.4911458194255829 0.08842592686414719 0.0010416667209938169 0.010185184888541698
0 0.4911458194255829 0.09212963283061981 0.0010416667209938169 0.010185184888541698
0 0.4911458194255829 0.09212963283061981 0.0010416667209938169 0.010185184888541698
0 0.4911458194255829 0.0912037044763565 0.0010416667209938169 0.006481481250375509
0 0.4911458194255829 0.08842592686414719 0.0010416667209938169 0.010185184888541698
0 0.4911458194255829 0.08842592686414719 0.0010416667209938169 0.010185184888541698
0 0.4911458194255829 0.09074074029922485 0.0020833334419876337 0.0055555556900799274
0 0.4911458194255829 0.08842592686414719 0.0010416667209938169 0.010185184888541698
0 0.4911458194255829 0.09398148208856583 0.0020833334419876337 0.006481481250375509
0 0.504687488079071 0.10555555671453476 0.0010416667209938169 0.011111111380159855
0 0.9721354246139526 0.09583333134651184 0.004687500186264515 0.010185184888541698
0 0.4911458194255829 0.08842592686414719 0.0010416667209938169 0.010185184888541698
0 0.46536457538604736 0.1240740716457367 0.0015625000232830644 0.009259259328246117
0 0.4911458194255829 0.08842592686414719 0.0010416667209938169 0.010185184888541698
0 0.8924478888511658 0.17824074625968933 0.006770833395421505 0.017592592164874077
0 0.4911458194255829 0.08657407760620117 0.0010416667209938169 0.010185184888541698
0 0.7619791626930237 0.09907407313585281 0.0031250000465661287 0.011111111380159855
1 0.9606770873069763 0.12361110746860504 0.02135416679084301 0.013888888992369175
1 0.5208333134651184 0.1865740716457367 0.02291666716337204 0.021296296268701553
1 0.6411458253860474 0.10277777910232544 0.014583333395421505 0.009259259328246117
1 0.9276041388511658 0.14861111342906952 0.010416666977107525 0.013888888992369175
1 0.8114583492279053 0.11157407611608505 0.02083333395421505 0.012037036940455437
