1 0.9398437738418579 0.11712963134050369 0.02031249925494194 0.013888888992369175
1 0.6356770992279053 0.09814814478158951 0.01406249962747097 0.009259259328246117
1 0.9052083492279053 0.1398148089647293 0.00937500037252903 0.012962962500751019
1 0.51953125 0.1736111044883728 0.02135416679084301 0.01944444514811039
1 0.7984374761581421 0.10648148506879807 0.01979166641831398 0.011111111380159855
6 0.5406249761581421 0.2620370388031006 0.004166666883975267 0.02222222276031971
6 0.967968761920929 0.17870371043682098 0.010937499813735485 0.011111111380159855
6 0.9286458492279053 0.16296295821666718 0.00937500037252903 0.011111111380159855
6 0.5330728888511658 0.2291666716337204 0.00989583320915699 0.012037036940455437
6 0.9481770992279053 0.17083333432674408 0.00989583320915699 0.012037036940455437
1 0.9723958373069763 0.12916666269302368 0.02083333395421505 0.012037036940455437
1 0.5143229365348816 0.0902777761220932 0.00989583320915699 0.008333333767950535
8 0.9427083134651184 0.08888889104127884 0.0072916666977107525 0.009259259328246117
1 0.6229166388511658 0.09166666865348816 0.01145833358168602 0.009259259328246117
1 0.49140626192092896 0.10972221940755844 0.00572916679084301 0.012037036940455437
2 0.9018229246139526 0.11527777463197708 0.04010416567325592 0.034259259700775146
8 0.5015624761581421 0.0902777761220932 0.004166666883975267 0.008333333767950535
7 0.953125 0.08935185521841049 0.00937500037252903 0.008333333767950535
2 0.4893229305744171 0.17175926268100739 0.01718750037252903 0.05648148059844971
1 0.4377604126930237 0.43194442987442017 0.02968749962747097 0.07129629701375961
0 0.49557292461395264 0.07453703880310059 0.0015625000232830644 0.010185184888541698
0 0.49140626192092896 0.07824073731899261 0.0015625000232830644 0.010185184888541698
0 0.49140626192092896 0.0902777761220932 0.0015625000232830644 0.006481481250375509
0 0.49140626192092896 0.08842592686414719 0.0015625000232830644 0.010185184888541698
0 0.49140626192092896 0.08842592686414719 0.0015625000232830644 0.010185184888541698
0 0.49140626192092896 0.08472222089767456 0.0015625000232830644 0.010185184888541698
0 0.49140626192092896 0.09074074029922485 0.0015625000232830644 0.0055555556900799274
0 0.49140626192092896 0.08842592686414719 0.0015625000232830644 0.010185184888541698
0 0.49140626192092896 0.08472222089767456 0.0015625000232830644 0.010185184888541698
0 0.49140626192092896 0.08842592686414719 0.0015625000232830644 0.010185184888541698
0 0.49140626192092896 0.08842592686414719 0.0015625000232830644 0.010185184888541698
0 0.49140626192092896 0.08749999850988388 0.0015625000232830644 0.006481481250375509
0 0.49140626192092896 0.08472222089767456 0.0015625000232830644 0.010185184888541698
0 0.49140626192092896 0.08518518507480621 0.0015625000232830644 0.009259259328246117
0 0.49140626192092896 0.08703703433275223 0.0015625000232830644 0.0055555556900799274
0 0.49140626192092896 0.08472222089767456 0.0015625000232830644 0.010185184888541698
0 0.49140626192092896 0.0902777761220932 0.0015625000232830644 0.006481481250375509
0 0.5041666626930237 0.10046296566724777 0.0010416667209938169 0.010185184888541698
0 0.953125 0.09212963283061981 0.004166666883975267 0.010185184888541698
0 0.49140626192092896 0.08472222089767456 0.0015625000232830644 0.010185184888541698
0 0.4664062559604645 0.1180555522441864 0.0015625000232830644 0.008333333767950535
0 0.49140626192092896 0.08518518507480621 0.0015625000232830644 0.009259259328246117
0 0.8690103888511658 0.1666666716337204 0.00572916679084301 0.01666666753590107
0 0.49140626192092896 0.08287037163972855 0.0015625000232830644 0.010185184888541698
0 0.750781238079071 0.09490741044282913 0.0026041667442768812 0.010185184888541698
0 0.9153645634651184 0.8907407522201538 0.02760416641831398 0.05000000074505806
1 0.9398437738418579 0.11712963134050369 0.02031249925494194 0.013888888992369175
1 0.51953125 0.1736111044883728 0.02135416679084301 0.01944444514811039
1 0.6356770992279053 0.09814814478158951 0.01406249962747097 0.009259259328246117
1 0.9052083492279053 0.1398148089647293 0.00937500037252903 0.012962962500751019
1 0.7984374761581421 0.10648148506879807 0.01979166641831398 0.011111111380159855
