1 0.9510416388511658 0.12037037312984467 0.02083333395421505 0.012962962500751019
1 0.6388021111488342 0.10092592239379883 0.01406249962747097 0.009259259328246117
1 0.9174479246139526 0.14444445073604584 0.00989583320915699 0.012962962500751019
1 0.520312488079071 0.1805555522441864 0.02187499962747097 0.020370369777083397
1 0.805468738079071 0.10879629850387573 0.02031249925494194 0.012037036940455437
6 0.54296875 0.2768518626689911 0.004687500186264515 0.024074073880910873
6 0.9859374761581421 0.18611110746860504 0.01145833358168602 0.012962962500751019
6 0.9434896111488342 0.16851851344108582 0.00989583320915699 0.011111111380159855
6 0.5346354246139526 0.24120371043682098 0.010937499813735485 0.012037036940455437
6 0.9645833373069763 0.17731481790542603 0.010416666977107525 0.012037036940455437
1 0.9859374761581421 0.1328703761100769 0.02187499962747097 0.012037036940455437
1 0.7815104126930237 0.09166666865348816 0.013020833022892475 0.009259259328246117
1 0.5143229365348816 0.09212963283061981 0.00989583320915699 0.008333333767950535
8 0.9515625238418579 0.09074074029922485 0.0072916666977107525 0.009259259328246117
1 0.6286458373069763 0.09398148208856583 0.01145833358168602 0.008333333767950535
1 0.4911458194255829 0.11249999701976776 0.0062500000931322575 0.012037036940455437
2 0.9088541865348816 0.11851851642131805 0.0416666679084301 0.035185184329748154
8 0.5015624761581421 0.09259258955717087 0.004166666883975267 0.009259259328246117
7 0.9619791507720947 0.0912037044763565 0.00937500037252903 0.008333333767950535
2 0.48880207538604736 0.17731481790542603 0.01718750037252903 0.05833333358168602
1 0.43020832538604736 0.48564815521240234 0.03437500074505806 0.08425925672054291
0 0.49557292461395264 0.0773148164153099 0.0015625000232830644 0.010185184888541698
0 0.49140626192092896 0.08009259402751923 0.0015625000232830644 0.010185184888541698
0 0.49140626192092896 0.09259258955717087 0.0015625000232830644 0.0055555556900799274
0 0.49140626192092896 0.0902777761220932 0.0015625000232830644 0.010185184888541698
0 0.49140626192092896 0.0902777761220932 0.0015625000232830644 0.010185184888541698
0 0.49140626192092896 0.08657407760620117 0.0015625000232830644 0.010185184888541698
0 0.49140626192092896 0.09259258955717087 0.0015625000232830644 0.0055555556900799274
0 0.49140626192092896 0.0902777761220932 0.0015625000232830644 0.010185184888541698
0 0.49140626192092896 0.08657407760620117 0.0015625000232830644 0.010185184888541698
0 0.49140626192092896 0.0902777761220932 0.0015625000232830644 0.010185184888541698
0 0.49140626192092896 0.0902777761220932 0.0015625000232830644 0.010185184888541698
0 0.49140626192092896 0.08981481194496155 0.0015625000232830644 0.007407407276332378
0 0.49140626192092896 0.08657407760620117 0.0015625000232830644 0.010185184888541698
0 0.49140626192092896 0.08749999850988388 0.0015625000232830644 0.010185184888541698
0 0.49140626192092896 0.08888889104127884 0.0015625000232830644 0.0055555556900799274
0 0.49140626192092896 0.08657407760620117 0.0015625000232830644 0.010185184888541698
0 0.49140626192092896 0.09259258955717087 0.0015625000232830644 0.0055555556900799274
0 0.5044270753860474 0.10277777910232544 0.0015625000232830644 0.011111111380159855
0 0.9635416865348816 0.09398148208856583 0.004166666883975267 0.010185184888541698
0 0.49140626192092896 0.08657407760620117 0.0015625000232830644 0.010185184888541698
0 0.4658854305744171 0.12129629403352737 0.0015625000232830644 0.009259259328246117
0 0.49140626192092896 0.08703703433275223 0.0015625000232830644 0.009259259328246117
0 0.8817708492279053 0.1726851910352707 0.0062500000931322575 0.017592592164874077
0 0.49140626192092896 0.08472222089767456 0.0015625000232830644 0.010185184888541698
0 0.7567708492279053 0.0972222238779068 0.0031250000465661287 0.011111111380159855
1 0.9510416388511658 0.12037037312984467 0.02083333395421505 0.012962962500751019
1 0.520312488079071 0.1805555522441864 0.02187499962747097 0.020370369777083397
1 0.6388021111488342 0.10092592239379883 0.01406249962747097 0.009259259328246117
1 0.9174479246139526 0.14444445073604584 0.00989583320915699 0.012962962500751019
1 0.805468738079071 0.10879629850387573 0.02031249925494194 0.012037036940455437
