1 0.9536458253860474 0.12083332985639572 0.02083333395421505 0.013888888992369175
1 0.6393229365348816 0.10092592239379883 0.01406249962747097 0.009259259328246117
1 0.9200521111488342 0.14537036418914795 0.00989583320915699 0.012962962500751019
1 0.5205729007720947 0.18194444477558136 0.02239583246409893 0.01944444514811039
1 0.8070312738418579 0.10972221940755844 0.02031249925494194 0.012037036940455437
6 0.5432291626930237 0.2805555462837219 0.0052083334885537624 0.024074073880910873
6 0.9895833134651184 0.1875 0.01145833358168602 0.012037036940455437
6 0.9466145634651184 0.17037037014961243 0.00989583320915699 0.011111111380159855
6 0.53515625 0.24351851642131805 0.010937499813735485 0.012962962500751019
6 0.967968761920929 0.17916665971279144 0.010937499813735485 0.012037036940455437
1 0.9885416626930237 0.13379628956317902 0.02187499962747097 0.012037036940455437
1 0.7828124761581421 0.09212963283061981 0.01354166679084301 0.008333333767950535
1 0.5143229365348816 0.09259258955717087 0.00989583320915699 0.009259259328246117
8 0.9533854126930237 0.0912037044763565 0.0078125 0.010185184888541698
1 0.629687488079071 0.09444444626569748 0.01145833358168602 0.009259259328246117
1 0.4908854067325592 0.11249999701976776 0.00572916679084301 0.012037036940455437
2 0.91015625 0.11944444477558136 0.04218750074505806 0.035185184329748154
8 0.5015624761581421 0.09305555373430252 0.004166666883975267 0.008333333767950535
7 0.964062511920929 0.09212963283061981 0.00937500037252903 0.008333333767950535
2 0.48880207538604736 0.17824074625968933 0.01718750037252903 0.05833333358168602
1 0.4283854067325592 0.4981481432914734 0.03489583358168602 0.08703703433275223
0 0.49557292461395264 0.07824073731899261 0.0015625000232830644 0.010185184888541698
0 0.4911458194255829 0.08009259402751923 0.0010416667209938169 0.010185184888541698
0 0.49140626192092896 0.09305555373430252 0.0015625000232830644 0.006481481250375509
0 0.49140626192092896 0.0912037044763565 0.0015625000232830644 0.010185184888541698
0 0.49140626192092896 0.0912037044763565 0.0015625000232830644 0.010185184888541698
0 0.49140626192092896 0.08703703433275223 0.0015625000232830644 0.009259259328246117
0 0.49140626192092896 0.09305555373430252 0.0015625000232830644 0.006481481250375509
0 0.49140626192092896 0.0912037044763565 0.0015625000232830644 0.010185184888541698
0 0.49140626192092896 0.08703703433275223 0.0015625000232830644 0.009259259328246117
0 0.49140626192092896 0.0912037044763565 0.0015625000232830644 0.010185184888541698
0 0.49140626192092896 0.0912037044763565 0.0015625000232830644 0.010185184888541698
0 0.49140626192092896 0.08981481194496155 0.0015625000232830644 0.007407407276332378
0 0.49140626192092896 0.08703703433275223 0.0015625000232830644 0.009259259328246117
0 0.49140626192092896 0.08749999850988388 0.0015625000232830644 0.010185184888541698
0 0.49140626192092896 0.08935185521841049 0.0015625000232830644 0.006481481250375509
0 0.49140626192092896 0.08703703433275223 0.0015625000232830644 0.009259259328246117
0 0.49140626192092896 0.09305555373430252 0.0015625000232830644 0.006481481250375509
0 0.5044270753860474 0.10370370000600815 0.0015625000232830644 0.011111111380159855
0 0.965624988079071 0.09490741044282913 0.004166666883975267 0.010185184888541698
0 0.49140626192092896 0.08703703433275223 0.0015625000232830644 0.009259259328246117
0 0.4658854305744171 0.12222222238779068 0.0015625000232830644 0.009259259328246117
0 0.49140626192092896 0.08749999850988388 0.0015625000232830644 0.010185184888541698
0 0.8843749761581421 0.17407406866550446 0.0062500000931322575 0.01666666753590107
0 0.49140626192092896 0.08472222089767456 0.0015625000232830644 0.010185184888541698
0 0.7580729126930237 0.09768518805503845 0.0026041667442768812 0.010185184888541698
1 0.9536458253860474 0.12083332985639572 0.02083333395421505 0.013888888992369175
1 0.5205729007720947 0.18194444477558136 0.02239583246409893 0.01944444514811039
1 0.6393229365348816 0.10092592239379883 0.01406249962747097 0.009259259328246117
1 0.9200521111488342 0.14537036418914795 0.00989583320915699 0.012962962500751019
1 0.8070312738418579 0.10972221940755844 0.02031249925494194 0.012037036940455437
