1 0.9440104365348816 0.11851851642131805 0.02031249925494194 0.012962962500751019
1 0.6369791626930237 0.09907407313585281 0.01354166679084301 0.009259259328246117
1 0.9098958373069763 0.14166666567325592 0.00937500037252903 0.012962962500751019
1 0.5197916626930237 0.17638888955116272 0.02187499962747097 0.01944444514811039
1 0.8013020753860474 0.10740740597248077 0.02031249925494194 0.011111111380159855
6 0.5414062738418579 0.26759257912635803 0.004687500186264515 0.02222222276031971
6 0.9747396111488342 0.18194444477558136 0.010937499813735485 0.012037036940455437
6 0.934374988079071 0.16527777910232544 0.00937500037252903 0.010185184888541698
6 0.5338541865348816 0.23379629850387573 0.010416666977107525 0.012037036940455437
6 0.9544270634651184 0.17314815521240234 0.00989583320915699 0.011111111380159855
1 0.977343738079071 0.13055555522441864 0.02135416679084301 0.012962962500751019
1 0.778124988079071 0.0902777761220932 0.01354166679084301 0.008333333767950535
1 0.5143229365348816 0.0912037044763565 0.00989583320915699 0.008333333767950535
8 0.9463541507720947 0.08981481194496155 0.0072916666977107525 0.009259259328246117
1 0.49140626192092896 0.11064814776182175 0.00572916679084301 0.012037036940455437
2 0.9044271111488342 0.11620370298624039 0.04114583507180214 0.034259259700775146
8 0.5015624761581421 0.0912037044763565 0.004166666883975267 0.008333333767950535
7 0.9567708373069763 0.0902777761220932 0.00937500037252903 0.008333333767950535
2 0.4893229305744171 0.1736111044883728 0.01718750037252903 0.05648148059844971
1 0.4348958432674408 0.45185184478759766 0.03125 0.07592592388391495
0 0.49557292461395264 0.0754629597067833 0.0015625000232830644 0.010185184888541698
0 0.49140626192092896 0.07870370149612427 0.0015625000232830644 0.009259259328246117
0 0.49140626192092896 0.0912037044763565 0.0015625000232830644 0.006481481250375509
0 0.49140626192092896 0.08935185521841049 0.0015625000232830644 0.010185184888541698
0 0.49140626192092896 0.08935185521841049 0.0015625000232830644 0.010185184888541698
0 0.49140626192092896 0.08564814925193787 0.0015625000232830644 0.010185184888541698
0 0.49140626192092896 0.0912037044763565 0.0015625000232830644 0.006481481250375509
0 0.49140626192092896 0.08935185521841049 0.0015625000232830644 0.010185184888541698
0 0.49140626192092896 0.08564814925193787 0.0015625000232830644 0.010185184888541698
0 0.49140626192092896 0.08935185521841049 0.0015625000232830644 0.010185184888541698
0 0.49140626192092896 0.08935185521841049 0.0015625000232830644 0.010185184888541698
0 0.49140626192092896 0.08842592686414719 0.0015625000232830644 0.006481481250375509
0 0.49140626192092896 0.08564814925193787 0.0015625000232830644 0.010185184888541698
0 0.49140626192092896 0.08611111342906952 0.0015625000232830644 0.009259259328246117
0 0.49140626192092896 0.08796296268701553 0.0015625000232830644 0.0055555556900799274
0 0.49140626192092896 0.08564814925193787 0.0015625000232830644 0.010185184888541698
0 0.49140626192092896 0.0912037044763565 0.0015625000232830644 0.006481481250375509
0 0.5041666626930237 0.10138888657093048 0.0010416667209938169 0.010185184888541698
0 0.9572916626930237 0.09305555373430252 0.004166666883975267 0.010185184888541698
0 0.49140626192092896 0.08564814925193787 0.0015625000232830644 0.010185184888541698
0 0.4664062559604645 0.11944444477558136 0.0015625000232830644 0.009259259328246117
0 0.49140626192092896 0.08564814925193787 0.0015625000232830644 0.010185184888541698
0 0.8739583492279053 0.16898147761821747 0.0062500000931322575 0.017592592164874077
0 0.49140626192092896 0.0833333358168602 0.0015625000232830644 0.009259259328246117
0 0.753125011920929 0.09583333134651184 0.0031250000465661287 0.010185184888541698
0 0.9479166865348816 0.957870364189148 0.03125 0.05277777835726738
1 0.9440104365348816 0.11851851642131805 0.02031249925494194 0.012962962500751019
1 0.5197916626930237 0.17638888955116272 0.02187499962747097 0.01944444514811039
1 0.6369791626930237 0.09907407313585281 0.01354166679084301 0.009259259328246117
1 0.9098958373069763 0.14166666567325592 0.00937500037252903 0.012962962500751019
1 0.8013020753860474 0.10740740597248077 0.02031249925494194 0.011111111380159855
