1 0.9466145634651184 0.11898148059844971 0.02031249925494194 0.013888888992369175
1 0.6377604007720947 0.10000000149011612 0.01406249962747097 0.009259259328246117
1 0.9122396111488342 0.14259259402751923 0.00989583320915699 0.012962962500751019
1 0.5200520753860474 0.17777778208255768 0.02135416679084301 0.018518518656492233
1 0.8026041388511658 0.10787037014961243 0.01979166641831398 0.012037036940455437
6 0.5419270992279053 0.2708333432674408 0.004687500186264515 0.023148147389292717
6 0.9783853888511658 0.18287037312984467 0.010937499813735485 0.012037036940455437
6 0.9375 0.1666666716337204 0.00937500037252903 0.011111111380159855
6 0.5341145992279053 0.2361111044883728 0.010937499813735485 0.012962962500751019
1 0.9802083373069763 0.1310185194015503 0.02187499962747097 0.012037036940455437
1 0.7791666388511658 0.09074074029922485 0.01354166679084301 0.009259259328246117
1 0.5143229365348816 0.0912037044763565 0.00989583320915699 0.008333333767950535
8 0.9479166865348816 0.08981481194496155 0.0072916666977107525 0.009259259328246117
1 0.6260416507720947 0.09305555373430252 0.01145833358168602 0.008333333767950535
1 0.49140626192092896 0.11157407611608505 0.00572916679084301 0.012037036940455437
2 0.9059895873069763 0.11712963134050369 0.04114583507180214 0.034259259700775146
8 0.5015624761581421 0.09166666865348816 0.004166666883975267 0.009259259328246117
7 0.9583333134651184 0.0902777761220932 0.00937500037252903 0.008333333767950535
2 0.48906248807907104 0.17499999701976776 0.01666666753590107 0.05740740895271301
1 0.4333333373069763 0.4625000059604645 0.03229166567325592 0.07870370149612427
0 0.49557292461395264 0.0754629597067833 0.0015625000232830644 0.010185184888541698
0 0.49140626192092896 0.07916666567325592 0.0015625000232830644 0.010185184888541698
0 0.49140626192092896 0.09166666865348816 0.0015625000232830644 0.0055555556900799274
0 0.49140626192092896 0.08981481194496155 0.0015625000232830644 0.009259259328246117
0 0.49140626192092896 0.08981481194496155 0.0015625000232830644 0.009259259328246117
0 0.49140626192092896 0.08564814925193787 0.0015625000232830644 0.010185184888541698
0 0.49140626192092896 0.09166666865348816 0.0015625000232830644 0.0055555556900799274
0 0.49140626192092896 0.08981481194496155 0.0015625000232830644 0.009259259328246117
0 0.49140626192092896 0.08564814925193787 0.0015625000232830644 0.010185184888541698
0 0.49140626192092896 0.08981481194496155 0.0015625000232830644 0.009259259328246117
0 0.49140626192092896 0.08981481194496155 0.0015625000232830644 0.009259259328246117
0 0.49140626192092896 0.08888889104127884 0.0015625000232830644 0.007407407276332378
0 0.49140626192092896 0.08564814925193787 0.0015625000232830644 0.010185184888541698
0 0.49140626192092896 0.08657407760620117 0.0015625000232830644 0.010185184888541698
0 0.49140626192092896 0.08796296268701553 0.0015625000232830644 0.0055555556900799274
0 0.49140626192092896 0.08564814925193787 0.0015625000232830644 0.010185184888541698
0 0.49140626192092896 0.09166666865348816 0.0015625000232830644 0.0055555556900799274
0 0.5041666626930237 0.10185185074806213 0.0010416667209938169 0.011111111380159855
0 0.9593750238418579 0.09305555373430252 0.004166666883975267 0.010185184888541698
0 0.49140626192092896 0.08564814925193787 0.0015625000232830644 0.010185184888541698
0 0.4664062559604645 0.12037037312984467 0.0015625000232830644 0.009259259328246117
0 0.49140626192092896 0.08657407760620117 0.0015625000232830644 0.010185184888541698
0 0.8765624761581421 0.17037037014961243 0.0062500000931322575 0.01666666753590107
0 0.49140626192092896 0.08379629999399185 0.0015625000232830644 0.010185184888541698
0 0.7544270753860474 0.09583333134651184 0.0026041667442768812 0.010185184888541698
0 0.9664062261581421 0.9837962985038757 0.03281249850988388 0.032407406717538834
1 0.9466145634651184 0.11898148059844971 0.02031249925494194 0.013888888992369175
1 0.5200520753860474 0.17777778208255768 0.02135416679084301 0.018518518656492233
1 0.6377604007720947 0.10000000149011612 0.01406249962747097 0.009259259328246117
1 0.9122396111488342 0.14259259402751923 0.00989583320915699 0.012962962500751019
1 0.8028646111488342 0.10787037014961243 0.02031249925494194 0.012037036940455437
