1 0.9846354126930237 0.13055555522441864 0.0234375 0.014814814552664757
1 0.647656261920929 0.10787037014961243 0.015104166232049465 0.010185184888541698
1 0.9544270634651184 0.15833333134651184 0.01197916641831398 0.014814814552664757
1 0.522656261920929 0.2023148089647293 0.02447916753590107 0.023148147389292717
1 0.8263021111488342 0.11759259551763535 0.02239583246409893 0.012962962500751019
6 0.5502604246139526 0.3273148238658905 0.00572916679084301 0.028703704476356506
6 0.9885416626930237 0.1875 0.01145833358168602 0.012037036940455437
6 0.539843738079071 0.2787036895751953 0.013020833022892475 0.014814814552664757
1 0.7973958253860474 0.09768518805503845 0.014583333395421505 0.010185184888541698
1 0.5151041746139526 0.09814814478158951 0.010416666977107525 0.009259259328246117
1 0.6442708373069763 0.10000000149011612 0.012500000186264515 0.009259259328246117
1 0.4906249940395355 0.11851851642131805 0.0062500000931322575 0.012962962500751019
2 0.9302083253860474 0.12916666269302368 0.04583333432674408 0.037962961941957474
8 0.5013020634651184 0.09861110895872116 0.004687500186264515 0.010185184888541698
7 0.98828125 0.09768518805503845 0.00989583320915699 0.008333333767950535
2 0.48776042461395264 0.19398148357868195 0.01927083358168602 0.06388889253139496
1 0.3971354067325592 0.7208333611488342 0.05572916567325592 0.1546296328306198
0 0.49557292461395264 0.08101851493120193 0.0015625000232830644 0.010185184888541698
0 0.4908854067325592 0.08518518507480621 0.0015625000232830644 0.011111111380159855
0 0.4908854067325592 0.09861110895872116 0.0015625000232830644 0.006481481250375509
0 0.4908854067325592 0.09675925970077515 0.0015625000232830644 0.010185184888541698
0 0.4908854067325592 0.09675925970077515 0.0015625000232830644 0.010185184888541698
0 0.4908854067325592 0.09212963283061981 0.0015625000232830644 0.010185184888541698
0 0.4908854067325592 0.09861110895872116 0.0015625000232830644 0.006481481250375509
0 0.4908854067325592 0.09675925970077515 0.0015625000232830644 0.010185184888541698
0 0.4908854067325592 0.09212963283061981 0.0015625000232830644 0.010185184888541698
0 0.4908854067325592 0.09675925970077515 0.0015625000232830644 0.010185184888541698
0 0.4908854067325592 0.09675925970077515 0.0015625000232830644 0.010185184888541698
0 0.4908854067325592 0.09537036716938019 0.0015625000232830644 0.007407407276332378
0 0.4908854067325592 0.09212963283061981 0.0015625000232830644 0.010185184888541698
0 0.4908854067325592 0.09305555373430252 0.0015625000232830644 0.010185184888541698
0 0.4908854067325592 0.09490741044282913 0.0015625000232830644 0.006481481250375509
0 0.4908854067325592 0.09212963283061981 0.0015625000232830644 0.010185184888541698
0 0.4908854067325592 0.09861110895872116 0.0015625000232830644 0.006481481250375509
0 0.504687488079071 0.11064814776182175 0.0010416667209938169 0.012037036940455437
0 0.9934895634651184 0.10046296566724777 0.004687500186264515 0.010185184888541698
0 0.4908854067325592 0.09212963283061981 0.0015625000232830644 0.010185184888541698
0 0.46406251192092896 0.13055555522441864 0.0020833334419876337 0.009259259328246117
0 0.4908854067325592 0.09305555373430252 0.0015625000232830644 0.010185184888541698
0 0.4908854067325592 0.0902777761220932 0.0015625000232830644 0.010185184888541698
0 0.774218738079071 0.1041666641831398 0.0036458333488553762 0.012037036940455437
1 0.9846354126930237 0.13055555522441864 0.0234375 0.014814814552664757
1 0.522656261920929 0.2023148089647293 0.02447916753590107 0.023148147389292717
1 0.647656261920929 0.10787037014961243 0.015104166232049465 0.010185184888541698
1 0.9544270634651184 0.15833333134651184 0.01197916641831398 0.014814814552664757
1 0.8263021111488342 0.11759259551763535 0.02239583246409893 0.012962962500751019
