1 0.9820312261581421 0.12962962687015533 0.0234375 0.014814814552664757
1 0.6466146111488342 0.10694444179534912 0.015104166232049465 0.010185184888541698
1 0.9513021111488342 0.15740740299224854 0.01197916641831398 0.014814814552664757
1 0.5223958492279053 0.20000000298023224 0.02395833283662796 0.02222222276031971
1 0.8244791626930237 0.11666666716337204 0.02187499962747097 0.012962962500751019
6 0.5497395992279053 0.3231481611728668 0.00572916679084301 0.02777777798473835
6 0.9848958253860474 0.18611110746860504 0.01145833358168602 0.012962962500751019
6 0.5395833253860474 0.2759259343147278 0.012500000186264515 0.014814814552664757
1 0.796093761920929 0.0972222238779068 0.01406249962747097 0.009259259328246117
1 0.5151041746139526 0.09814814478158951 0.010416666977107525 0.009259259328246117
1 0.6429687738418579 0.10000000149011612 0.01197916641831398 0.009259259328246117
1 0.4906249940395355 0.1180555522441864 0.0062500000931322575 0.012037036940455437
2 0.9281250238418579 0.12824073433876038 0.04583333432674408 0.037962961941957474
8 0.5013020634651184 0.09814814478158951 0.004687500186264515 0.009259259328246117
7 0.9861978888511658 0.09675925970077515 0.00989583320915699 0.008333333767950535
2 0.4880208373069763 0.19212962687015533 0.01875000074505806 0.06388889253139496
1 0.4007812440395355 0.6949074268341064 0.05364583432674408 0.14537036418914795
0 0.49557292461395264 0.08055555820465088 0.0015625000232830644 0.011111111380159855
0 0.4908854067325592 0.08472222089767456 0.0015625000232830644 0.010185184888541698
0 0.4908854067325592 0.09768518805503845 0.0015625000232830644 0.006481481250375509
0 0.4908854067325592 0.09583333134651184 0.0015625000232830644 0.010185184888541698
0 0.4908854067325592 0.09583333134651184 0.0015625000232830644 0.010185184888541698
0 0.4908854067325592 0.09212963283061981 0.0015625000232830644 0.010185184888541698
0 0.4908854067325592 0.09814814478158951 0.0015625000232830644 0.0055555556900799274
0 0.4908854067325592 0.09583333134651184 0.0015625000232830644 0.010185184888541698
0 0.4908854067325592 0.09212963283061981 0.0015625000232830644 0.010185184888541698
0 0.4908854067325592 0.09583333134651184 0.0015625000232830644 0.010185184888541698
0 0.4908854067325592 0.09583333134651184 0.0015625000232830644 0.010185184888541698
0 0.4908854067325592 0.09537036716938019 0.0015625000232830644 0.007407407276332378
0 0.4908854067325592 0.09212963283061981 0.0015625000232830644 0.010185184888541698
0 0.4908854067325592 0.09212963283061981 0.0015625000232830644 0.010185184888541698
0 0.4908854067325592 0.09444444626569748 0.0015625000232830644 0.0055555556900799274
0 0.4908854067325592 0.09212963283061981 0.0015625000232830644 0.010185184888541698
0 0.4908854067325592 0.09768518805503845 0.0015625000232830644 0.006481481250375509
0 0.504687488079071 0.1101851835846901 0.0010416667209938169 0.011111111380159855
0 0.9908854365348816 0.10000000149011612 0.004687500186264515 0.011111111380159855
0 0.4908854067325592 0.09212963283061981 0.0015625000232830644 0.010185184888541698
0 0.46432292461395264 0.12962962687015533 0.0015625000232830644 0.009259259328246117
0 0.4908854067325592 0.09212963283061981 0.0015625000232830644 0.010185184888541698
0 0.4908854067325592 0.08981481194496155 0.0015625000232830644 0.011111111380159855
0 0.7729166746139526 0.10370370000600815 0.0031250000465661287 0.011111111380159855
1 0.9820312261581421 0.12962962687015533 0.0234375 0.014814814552664757
1 0.5223958492279053 0.20000000298023224 0.02395833283662796 0.02222222276031971
1 0.6466146111488342 0.10694444179534912 0.015104166232049465 0.010185184888541698
1 0.9513021111488342 0.15740740299224854 0.01197916641831398 0.014814814552664757
1 0.8244791626930237 0.11666666716337204 0.02187499962747097 0.012962962500751019
