1 0.9690104126930237 0.12546296417713165 0.02239583246409893 0.013888888992369175
1 0.6434895992279053 0.10462962836027145 0.015104166232049465 0.009259259328246117
1 0.936718761920929 0.15138888359069824 0.010937499813735485 0.013888888992369175
1 0.5216146111488342 0.19212962687015533 0.0234375 0.021296296268701553
1 0.81640625 0.11342592537403107 0.02135416679084301 0.012037036940455437
6 0.5463541746139526 0.302314817905426 0.0052083334885537624 0.026851851493120193
6 0.9671875238418579 0.17870371043682098 0.010416666977107525 0.011111111380159855
6 0.5372396111488342 0.2606481611728668 0.01197916641831398 0.013888888992369175
6 0.9906250238418579 0.18796296417713165 0.01145833358168602 0.012962962500751019
1 0.789843738079071 0.09444444626569748 0.01406249962747097 0.009259259328246117
1 0.5145833492279053 0.09537036716938019 0.010416666977107525 0.009259259328246117
1 0.63671875 0.0972222238779068 0.01197916641831398 0.009259259328246117
1 0.4908854067325592 0.11527777463197708 0.00572916679084301 0.012037036940455437
2 0.9197916388511658 0.1240740716457367 0.04374999925494194 0.03703703731298447
8 0.5013020634651184 0.09537036716938019 0.004687500186264515 0.009259259328246117
7 0.975781261920929 0.09490741044282913 0.00989583320915699 0.008333333767950535
2 0.48828125 0.18611110746860504 0.01822916604578495 0.06111111119389534
1 0.4153645932674408 0.5907407402992249 0.04322916641831398 0.11296296119689941
0 0.49557292461395264 0.07824073731899261 0.0015625000232830644 0.010185184888541698
0 0.4908854067325592 0.08287037163972855 0.0015625000232830644 0.010185184888541698
0 0.4911458194255829 0.09583333134651184 0.0020833334419876337 0.006481481250375509
0 0.4908854067325592 0.09398148208856583 0.0015625000232830644 0.010185184888541698
0 0.4908854067325592 0.09398148208856583 0.0015625000232830644 0.010185184888541698
0 0.4908854067325592 0.08935185521841049 0.0015625000232830644 0.010185184888541698
0 0.4911458194255829 0.09583333134651184 0.0020833334419876337 0.006481481250375509
0 0.4908854067325592 0.09398148208856583 0.0015625000232830644 0.010185184888541698
0 0.4908854067325592 0.08935185521841049 0.0015625000232830644 0.010185184888541698
0 0.4908854067325592 0.09398148208856583 0.0015625000232830644 0.010185184888541698
0 0.4908854067325592 0.09398148208856583 0.0015625000232830644 0.010185184888541698
0 0.4908854067325592 0.09259258955717087 0.0015625000232830644 0.007407407276332378
0 0.4908854067325592 0.08935185521841049 0.0015625000232830644 0.010185184888541698
0 0.4908854067325592 0.0902777761220932 0.0015625000232830644 0.010185184888541698
0 0.4911458194255829 0.09212963283061981 0.0020833334419876337 0.006481481250375509
0 0.4908854067325592 0.08935185521841049 0.0015625000232830644 0.010185184888541698
0 0.4911458194255829 0.09583333134651184 0.0020833334419876337 0.006481481250375509
0 0.504687488079071 0.10740740597248077 0.0010416667209938169 0.011111111380159855
0 0.9794270992279053 0.09768518805503845 0.004687500186264515 0.010185184888541698
0 0.4908854067325592 0.08935185521841049 0.0015625000232830644 0.010185184888541698
0 0.46484375 0.1259259283542633 0.0015625000232830644 0.009259259328246117
0 0.4908854067325592 0.0902777761220932 0.0015625000232830644 0.010185184888541698
0 0.4908854067325592 0.08749999850988388 0.0015625000232830644 0.010185184888541698
0 0.7661458253860474 0.10092592239379883 0.0031250000465661287 0.011111111380159855
1 0.9690104126930237 0.12546296417713165 0.02239583246409893 0.013888888992369175
1 0.5213541388511658 0.19212962687015533 0.02291666716337204 0.021296296268701553
1 0.6434895992279053 0.10462962836027145 0.015104166232049465 0.009259259328246117
1 0.936718761920929 0.15138888359069824 0.010937499813735485 0.013888888992369175
1 0.81640625 0.11342592537403107 0.02135416679084301 0.012037036940455437
