1 0.9632812738418579 0.12361110746860504 0.02135416679084301 0.013888888992369175
1 0.6421874761581421 0.10324074327945709 0.014583333395421505 0.010185184888541698
1 0.9307291507720947 0.14953704178333282 0.010416666977107525 0.013888888992369175
1 0.5210937261581421 0.18796296417713165 0.02239583246409893 0.020370369777083397
1 0.8130208253860474 0.1120370402932167 0.02083333395421505 0.012962962500751019
6 0.5453125238418579 0.29398149251937866 0.0052083334885537624 0.02500000037252903
6 0.5364583134651184 0.2541666626930237 0.01145833358168602 0.013888888992369175
6 0.9820312261581421 0.18472221493721008 0.010937499813735485 0.012037036940455437
1 0.7875000238418579 0.09351851791143417 0.01354166679084301 0.009259259328246117
1 0.5145833492279053 0.09444444626569748 0.010416666977107525 0.009259259328246117
8 0.9606770873069763 0.09259258955717087 0.0078125 0.009259259328246117
1 0.6343749761581421 0.0962962955236435 0.01145833358168602 0.009259259328246117
1 0.4908854067325592 0.11435185372829437 0.00572916679084301 0.012037036940455437
2 0.9161458611488342 0.12268518656492233 0.04270833358168602 0.03611111268401146
8 0.5013020634651184 0.09444444626569748 0.004687500186264515 0.009259259328246117
7 0.9716145992279053 0.09398148208856583 0.00989583320915699 0.008333333767950535
2 0.4885416626930237 0.18287037312984467 0.01770833320915699 0.06018518656492233
1 0.4205729067325592 0.5541666746139526 0.04010416567325592 0.10277777910232544
0 0.49557292461395264 0.07824073731899261 0.0015625000232830644 0.010185184888541698
0 0.4911458194255829 0.08194444328546524 0.0010416667209938169 0.010185184888541698
0 0.4911458194255829 0.09490741044282913 0.0020833334419876337 0.006481481250375509
0 0.4911458194255829 0.09305555373430252 0.0010416667209938169 0.010185184888541698
0 0.4911458194255829 0.09305555373430252 0.0010416667209938169 0.010185184888541698
0 0.4911458194255829 0.08842592686414719 0.0010416667209938169 0.010185184888541698
0 0.4911458194255829 0.09490741044282913 0.0020833334419876337 0.006481481250375509
0 0.4911458194255829 0.09305555373430252 0.0010416667209938169 0.010185184888541698
0 0.4911458194255829 0.08842592686414719 0.0010416667209938169 0.010185184888541698
0 0.4911458194255829 0.09305555373430252 0.0010416667209938169 0.010185184888541698
0 0.4911458194255829 0.09305555373430252 0.0010416667209938169 0.010185184888541698
0 0.4911458194255829 0.09166666865348816 0.0010416667209938169 0.007407407276332378
0 0.4911458194255829 0.08842592686414719 0.0010416667209938169 0.010185184888541698
0 0.4911458194255829 0.08935185521841049 0.0010416667209938169 0.010185184888541698
0 0.4911458194255829 0.0912037044763565 0.0020833334419876337 0.006481481250375509
0 0.4911458194255829 0.08842592686414719 0.0010416667209938169 0.010185184888541698
0 0.4911458194255829 0.09490741044282913 0.0020833334419876337 0.006481481250375509
0 0.504687488079071 0.10555555671453476 0.0010416667209938169 0.011111111380159855
0 0.9744791388511658 0.09675925970077515 0.004166666883975267 0.010185184888541698
0 0.4911458194255829 0.08842592686414719 0.0010416667209938169 0.010185184888541698
0 0.46536457538604736 0.125 0.0015625000232830644 0.009259259328246117
0 0.4911458194255829 0.08935185521841049 0.0010416667209938169 0.010185184888541698
0 0.4911458194255829 0.08657407760620117 0.0010416667209938169 0.010185184888541698
0 0.7632812261581421 0.09953703731298447 0.0026041667442768812 0.010185184888541698
1 0.9632812738418579 0.12361110746860504 0.02135416679084301 0.013888888992369175
1 0.5210937261581421 0.18796296417713165 0.02239583246409893 0.020370369777083397
1 0.6421874761581421 0.10324074327945709 0.014583333395421505 0.010185184888541698
1 0.9307291507720947 0.14953704178333282 0.010416666977107525 0.013888888992369175
1 0.8130208253860474 0.1120370402932167 0.02083333395421505 0.012962962500751019
