1 0.9742187261581421 0.12731482088565826 0.02239583246409893 0.013888888992369175
1 0.6447916626930237 0.10555555671453476 0.014583333395421505 0.009259259328246117
1 0.9427083134651184 0.1537037044763565 0.01145833358168602 0.014814814552664757
1 0.5218750238418579 0.1953703761100769 0.02395833283662796 0.02222222276031971
1 0.8197916746139526 0.11481481790542603 0.02187499962747097 0.012962962500751019
6 0.547656238079071 0.3106481432914734 0.00572916679084301 0.026851851493120193
6 0.9742187261581421 0.18194444477558136 0.010937499813735485 0.012037036940455437
6 0.538281261920929 0.2666666805744171 0.01197916641831398 0.014814814552664757
6 0.9963541626930237 0.19166666269302368 0.0072916666977107525 0.012962962500751019
1 0.7924479246139526 0.09537036716938019 0.01406249962747097 0.009259259328246117
1 0.5151041746139526 0.0962962955236435 0.010416666977107525 0.009259259328246117
1 0.6393229365348816 0.09814814478158951 0.01197916641831398 0.009259259328246117
1 0.4906249940395355 0.11666666716337204 0.0062500000931322575 0.012962962500751019
2 0.9231770634651184 0.1259259283542633 0.0442708320915699 0.03703703731298447
8 0.5013020634651184 0.0962962955236435 0.004687500186264515 0.009259259328246117
7 0.9799479246139526 0.09583333134651184 0.00989583320915699 0.008333333767950535
2 0.4880208373069763 0.1884259283542633 0.01875000074505806 0.06203703582286835
1 0.4098958373069763 0.6296296119689941 0.046875 0.1259259283542633
0 0.49557292461395264 0.07916666567325592 0.0015625000232830644 0.010185184888541698
0 0.4908854067325592 0.08379629999399185 0.0015625000232830644 0.010185184888541698
0 0.4908854067325592 0.09675925970077515 0.0015625000232830644 0.006481481250375509
0 0.4908854067325592 0.09490741044282913 0.0015625000232830644 0.010185184888541698
0 0.4908854067325592 0.09490741044282913 0.0015625000232830644 0.010185184888541698
0 0.4908854067325592 0.0902777761220932 0.0015625000232830644 0.010185184888541698
0 0.4908854067325592 0.09675925970077515 0.0015625000232830644 0.006481481250375509
0 0.4908854067325592 0.09490741044282913 0.0015625000232830644 0.010185184888541698
0 0.4908854067325592 0.0902777761220932 0.0015625000232830644 0.010185184888541698
0 0.4908854067325592 0.09490741044282913 0.0015625000232830644 0.010185184888541698
0 0.4908854067325592 0.09490741044282913 0.0015625000232830644 0.010185184888541698
0 0.4908854067325592 0.09351851791143417 0.0015625000232830644 0.007407407276332378
0 0.4908854067325592 0.0902777761220932 0.0015625000232830644 0.010185184888541698
0 0.4908854067325592 0.0912037044763565 0.0015625000232830644 0.010185184888541698
0 0.4908854067325592 0.09305555373430252 0.0015625000232830644 0.006481481250375509
0 0.4908854067325592 0.0902777761220932 0.0015625000232830644 0.010185184888541698
0 0.4908854067325592 0.09675925970077515 0.0015625000232830644 0.006481481250375509
0 0.504687488079071 0.10833333432674408 0.0010416667209938169 0.011111111380159855
0 0.9841145873069763 0.09861110895872116 0.004687500186264515 0.010185184888541698
0 0.4908854067325592 0.0902777761220932 0.0015625000232830644 0.010185184888541698
0 0.4645833373069763 0.12777778506278992 0.0020833334419876337 0.009259259328246117
0 0.4908854067325592 0.0912037044763565 0.0015625000232830644 0.010185184888541698
0 0.4908854067325592 0.08842592686414719 0.0015625000232830644 0.010185184888541698
0 0.768750011920929 0.10185185074806213 0.0031250000465661287 0.011111111380159855
1 0.9742187261581421 0.12731482088565826 0.02239583246409893 0.013888888992369175
1 0.5218750238418579 0.1953703761100769 0.02395833283662796 0.02222222276031971
1 0.6447916626930237 0.10555555671453476 0.014583333395421505 0.009259259328246117
1 0.9427083134651184 0.1537037044763565 0.01145833358168602 0.014814814552664757
1 0.8197916746139526 0.11481481790542603 0.02187499962747097 0.012962962500751019
