1 0.9794270992279053 0.12870369851589203 0.0234375 0.014814814552664757
1 0.6460937261581421 0.10694444179534912 0.015104166232049465 0.010185184888541698
1 0.948437511920929 0.15601852536201477 0.01145833358168602 0.013888888992369175
1 0.5221354365348816 0.19861111044883728 0.02447916753590107 0.021296296268701553
1 0.8229166865348816 0.11620370298624039 0.02187499962747097 0.012037036940455437
6 0.5486978888511658 0.3185185194015503 0.00572916679084301 0.02777777798473835
6 0.981249988079071 0.18472221493721008 0.01145833358168602 0.012037036940455437
6 0.5390625 0.2726851999759674 0.012500000186264515 0.013888888992369175
1 0.7950521111488342 0.0962962955236435 0.01406249962747097 0.009259259328246117
1 0.5151041746139526 0.0972222238779068 0.010416666977107525 0.009259259328246117
1 0.6416666507720947 0.09907407313585281 0.012500000186264515 0.009259259328246117
1 0.4906249940395355 0.11759259551763535 0.0062500000931322575 0.012962962500751019
2 0.9263020753860474 0.12731482088565826 0.04531250149011612 0.037962961941957474
8 0.5013020634651184 0.0972222238779068 0.004687500186264515 0.009259259328246117
7 0.9841145873069763 0.09675925970077515 0.00989583320915699 0.008333333767950535
2 0.4880208373069763 0.19074073433876038 0.01875000074505806 0.06296296417713165
1 0.40416666865348816 0.6708333492279053 0.05104166641831398 0.1379629671573639
0 0.49557292461395264 0.08009259402751923 0.0015625000232830644 0.010185184888541698
0 0.4908854067325592 0.08425925672054291 0.0015625000232830644 0.011111111380159855
0 0.4908854067325592 0.09768518805503845 0.0015625000232830644 0.006481481250375509
0 0.4908854067325592 0.09583333134651184 0.0015625000232830644 0.010185184888541698
0 0.4908854067325592 0.09583333134651184 0.0015625000232830644 0.010185184888541698
0 0.4908854067325592 0.0912037044763565 0.0015625000232830644 0.010185184888541698
0 0.4908854067325592 0.09768518805503845 0.0015625000232830644 0.006481481250375509
0 0.4908854067325592 0.09583333134651184 0.0015625000232830644 0.010185184888541698
0 0.4908854067325592 0.0912037044763565 0.0015625000232830644 0.010185184888541698
0 0.4908854067325592 0.09583333134651184 0.0015625000232830644 0.010185184888541698
0 0.4908854067325592 0.09583333134651184 0.0015625000232830644 0.010185184888541698
0 0.4908854067325592 0.09444444626569748 0.0015625000232830644 0.007407407276332378
0 0.4908854067325592 0.0912037044763565 0.0015625000232830644 0.010185184888541698
0 0.4908854067325592 0.09212963283061981 0.0015625000232830644 0.010185184888541698
0 0.4908854067325592 0.09398148208856583 0.0015625000232830644 0.006481481250375509
0 0.4908854067325592 0.0912037044763565 0.0015625000232830644 0.010185184888541698
0 0.4908854067325592 0.09768518805503845 0.0015625000232830644 0.006481481250375509
0 0.504687488079071 0.10972221940755844 0.0010416667209938169 0.012037036940455437
0 0.9888020753860474 0.09953703731298447 0.004687500186264515 0.010185184888541698
0 0.4908854067325592 0.0912037044763565 0.0015625000232830644 0.010185184888541698
0 0.46432292461395264 0.12870369851589203 0.0015625000232830644 0.009259259328246117
0 0.4908854067325592 0.09212963283061981 0.0015625000232830644 0.010185184888541698
0 0.4908854067325592 0.08935185521841049 0.0015625000232830644 0.010185184888541698
0 0.7713541388511658 0.10277777910232544 0.0031250000465661287 0.011111111380159855
1 0.9794270992279053 0.12870369851589203 0.0234375 0.014814814552664757
1 0.5221354365348816 0.19861111044883728 0.02447916753590107 0.021296296268701553
1 0.6460937261581421 0.10694444179534912 0.015104166232049465 0.010185184888541698
1 0.948437511920929 0.15601852536201477 0.01145833358168602 0.013888888992369175
1 0.8229166865348816 0.11620370298624039 0.02187499962747097 0.012037036940455437
