1 0.6541666388511658 0.11342592537403107 0.015625 0.010185184888541698
1 0.9830729365348816 0.16898147761821747 0.013020833022892475 0.015740741044282913
1 0.524218738079071 0.21898147463798523 0.02656250074505806 0.02500000037252903
1 0.8419271111488342 0.12361110746860504 0.0234375 0.013888888992369175
6 0.5570312738418579 0.3722222149372101 0.006770833395421505 0.03333333507180214
6 0.5440104007720947 0.31111112236976624 0.01406249962747097 0.01666666753590107
1 0.8091145753860474 0.10185185074806213 0.015104166232049465 0.009259259328246117
1 0.5153645873069763 0.10277777910232544 0.010937499813735485 0.009259259328246117
1 0.6559895873069763 0.10462962836027145 0.013020833022892475 0.009259259328246117
1 0.49010416865348816 0.12314815074205399 0.0062500000931322575 0.012962962500751019
2 0.9541666507720947 0.13425925374031067 0.05000000074505806 0.05000000074505806
8 0.5013020634651184 0.10324074327945709 0.004687500186264515 0.010185184888541698
2 0.4867187440395355 0.20648148655891418 0.02031249925494194 0.06851851940155029
1 0.34765625 0.9587963223457336 0.09531249850988388 0.0824074074625969
0 0.4924479126930237 0.08472222089767456 0.0015625000232830644 0.010185184888541698
0 0.49036458134651184 0.08888889104127884 0.0015625000232830644 0.011111111380159855
0 0.4906249940395355 0.10324074327945709 0.0020833334419876337 0.006481481250375509
0 0.49036458134651184 0.10092592239379883 0.0015625000232830644 0.011111111380159855
0 0.49036458134651184 0.10092592239379883 0.0015625000232830644 0.011111111380159855
0 0.49036458134651184 0.0962962955236435 0.0015625000232830644 0.011111111380159855
0 0.4906249940395355 0.10324074327945709 0.0020833334419876337 0.006481481250375509
0 0.49036458134651184 0.10092592239379883 0.0015625000232830644 0.011111111380159855
0 0.49036458134651184 0.0962962955236435 0.0015625000232830644 0.011111111380159855
0 0.49036458134651184 0.10092592239379883 0.0015625000232830644 0.011111111380159855
0 0.49036458134651184 0.10092592239379883 0.0015625000232830644 0.011111111380159855
0 0.49036458134651184 0.10000000149011612 0.0015625000232830644 0.007407407276332378
0 0.49036458134651184 0.0962962955236435 0.0015625000232830644 0.011111111380159855
0 0.49036458134651184 0.0972222238779068 0.0015625000232830644 0.011111111380159855
0 0.4906249940395355 0.09953703731298447 0.0020833334419876337 0.006481481250375509
0 0.49036458134651184 0.0962962955236435 0.0015625000232830644 0.011111111380159855
0 0.4906249940395355 0.10324074327945709 0.0020833334419876337 0.006481481250375509
0 0.5054687261581421 0.11666666716337204 0.0015625000232830644 0.012962962500751019
0 0.49036458134651184 0.0962962955236435 0.0015625000232830644 0.011111111380159855
0 0.4625000059604645 0.13750000298023224 0.0020833334419876337 0.010185184888541698
0 0.49036458134651184 0.0972222238779068 0.0015625000232830644 0.011111111380159855
0 0.49036458134651184 0.09444444626569748 0.0015625000232830644 0.011111111380159855
0 0.7869791388511658 0.10972221940755844 0.0031250000465661287 0.012037036940455437
1 0.524218738079071 0.21898147463798523 0.02656250074505806 0.02500000037252903
1 0.6541666388511658 0.11342592537403107 0.015625 0.010185184888541698
1 0.9830729365348816 0.16898147761821747 0.013020833022892475 0.015740741044282913
1 0.8419271111488342 0.12361110746860504 0.0234375 0.013888888992369175
