1 0.9903646111488342 0.1328703761100769 0.01927083358168602 0.015740741044282913
1 0.6497395634651184 0.10972221940755844 0.015104166232049465 0.010185184888541698
1 0.9635416865348816 0.1615740805864334 0.012500000186264515 0.015740741044282913
1 0.5229166746139526 0.20787036418914795 0.02500000037252903 0.023148147389292717
1 0.831250011920929 0.11944444477558136 0.02291666716337204 0.012962962500751019
6 0.5520833134651184 0.3412036895751953 0.0062500000931322575 0.03055555559694767
6 0.9971354007720947 0.192592591047287 0.00572916679084301 0.012962962500751019
6 0.5414062738418579 0.2888889014720917 0.013020833022892475 0.014814814552664757
1 0.8013020753860474 0.09907407313585281 0.01406249962747097 0.009259259328246117
1 0.5153645873069763 0.10000000149011612 0.010937499813735485 0.009259259328246117
1 0.6481770873069763 0.10185185074806213 0.013020833022892475 0.009259259328246117
1 0.4906249940395355 0.11990740895271301 0.0062500000931322575 0.012037036940455437
2 0.9372395873069763 0.1310185194015503 0.04739583283662796 0.0416666679084301
8 0.5013020634651184 0.10000000149011612 0.004687500186264515 0.009259259328246117
7 0.9942708611488342 0.09907407313585281 0.010416666977107525 0.009259259328246117
2 0.4872395694255829 0.19768518209457397 0.01927083358168602 0.06574074178934097
1 0.38463541865348816 0.8074073791503906 0.0651041641831398 0.18518517911434174
0 0.49557292461395264 0.08379629999399185 0.0015625000232830644 0.010185184888541698
0 0.4906249940395355 0.08657407760620117 0.0010416667209938169 0.010185184888541698
0 0.4906249940395355 0.09953703731298447 0.0020833334419876337 0.006481481250375509
0 0.4908854067325592 0.09768518805503845 0.0015625000232830644 0.010185184888541698
0 0.4908854067325592 0.09768518805503845 0.0015625000232830644 0.010185184888541698
0 0.4906249940395355 0.09398148208856583 0.0010416667209938169 0.010185184888541698
0 0.4906249940395355 0.10046296566724777 0.0020833334419876337 0.006481481250375509
0 0.4908854067325592 0.09768518805503845 0.0015625000232830644 0.010185184888541698
0 0.4906249940395355 0.09398148208856583 0.0010416667209938169 0.010185184888541698
0 0.4908854067325592 0.09768518805503845 0.0015625000232830644 0.010185184888541698
0 0.4908854067325592 0.09768518805503845 0.0015625000232830644 0.010185184888541698
0 0.4908854067325592 0.0972222238779068 0.0015625000232830644 0.007407407276332378
0 0.4906249940395355 0.09398148208856583 0.0010416667209938169 0.010185184888541698
0 0.4908854067325592 0.09444444626569748 0.0015625000232830644 0.011111111380159855
0 0.4906249940395355 0.09583333134651184 0.0020833334419876337 0.006481481250375509
0 0.4906249940395355 0.09398148208856583 0.0010416667209938169 0.010185184888541698
0 0.4906249940395355 0.09953703731298447 0.0020833334419876337 0.006481481250375509
0 0.5049479007720947 0.11249999701976776 0.0015625000232830644 0.012037036940455437
0 0.9989583492279053 0.10185185074806213 0.0020833334419876337 0.011111111380159855
0 0.4906249940395355 0.09398148208856583 0.0010416667209938169 0.010185184888541698
0 0.4635416567325592 0.1328703761100769 0.0020833334419876337 0.010185184888541698
0 0.4908854067325592 0.09444444626569748 0.0015625000232830644 0.011111111380159855
0 0.4906249940395355 0.09166666865348816 0.0010416667209938169 0.011111111380159855
0 0.7783854007720947 0.10601852089166641 0.0036458333488553762 0.012037036940455437
1 0.9903646111488342 0.1328703761100769 0.01927083358168602 0.015740741044282913
1 0.5229166746139526 0.20787036418914795 0.02500000037252903 0.023148147389292717
1 0.6497395634651184 0.10972221940755844 0.015104166232049465 0.010185184888541698
1 0.9635416865348816 0.1615740805864334 0.012500000186264515 0.015740741044282913
1 0.831250011920929 0.11944444477558136 0.02291666716337204 0.012962962500751019
