1 0.989062488079071 0.1319444477558136 0.02187499962747097 0.015740741044282913
1 0.6489583253860474 0.10879629850387573 0.015625 0.010185184888541698
1 0.9606770873069763 0.1606481522321701 0.01197916641831398 0.015740741044282913
1 0.5229166746139526 0.20601852238178253 0.02500000037252903 0.023148147389292717
1 0.8294270634651184 0.11851851642131805 0.02239583246409893 0.012962962500751019
6 0.551562488079071 0.33657407760620117 0.0062500000931322575 0.028703704476356506
6 0.995312511920929 0.19074073433876038 0.00937500037252903 0.012962962500751019
6 0.5408853888511658 0.2856481373310089 0.013020833022892475 0.015740741044282913
1 0.800000011920929 0.09861110895872116 0.014583333395421505 0.010185184888541698
1 0.5153645873069763 0.09907407313585281 0.010937499813735485 0.009259259328246117
1 0.6468750238418579 0.10092592239379883 0.012500000186264515 0.009259259328246117
1 0.4906249940395355 0.11944444477558136 0.0062500000931322575 0.012962962500751019
2 0.934374988079071 0.13055555522441864 0.046875 0.040740739554166794
8 0.5013020634651184 0.09953703731298447 0.004687500186264515 0.010185184888541698
7 0.9921875 0.09861110895872116 0.010416666977107525 0.008333333767950535
2 0.48750001192092896 0.19629628956317902 0.01875000074505806 0.06481481343507767
1 0.3890624940395355 0.7768518328666687 0.06145833432674408 0.17407406866550446
0 0.49557292461395264 0.08287037163972855 0.0015625000232830644 0.010185184888541698
0 0.4908854067325592 0.08611111342906952 0.0015625000232830644 0.011111111380159855
0 0.4906249940395355 0.09953703731298447 0.0020833334419876337 0.006481481250375509
0 0.4908854067325592 0.09768518805503845 0.0015625000232830644 0.010185184888541698
0 0.4908854067325592 0.09768518805503845 0.0015625000232830644 0.010185184888541698
0 0.4908854067325592 0.09305555373430252 0.0015625000232830644 0.010185184888541698
0 0.4906249940395355 0.09953703731298447 0.0020833334419876337 0.006481481250375509
0 0.4908854067325592 0.09768518805503845 0.0015625000232830644 0.010185184888541698
0 0.4908854067325592 0.09305555373430252 0.0015625000232830644 0.010185184888541698
0 0.4908854067325592 0.09768518805503845 0.0015625000232830644 0.010185184888541698
0 0.4908854067325592 0.09768518805503845 0.0015625000232830644 0.010185184888541698
0 0.4908854067325592 0.0962962955236435 0.0015625000232830644 0.007407407276332378
0 0.4908854067325592 0.09305555373430252 0.0015625000232830644 0.010185184888541698
0 0.4908854067325592 0.09398148208856583 0.0015625000232830644 0.010185184888541698
0 0.4906249940395355 0.09583333134651184 0.0020833334419876337 0.006481481250375509
0 0.4908854067325592 0.09305555373430252 0.0015625000232830644 0.010185184888541698
0 0.4906249940395355 0.09953703731298447 0.0020833334419876337 0.006481481250375509
0 0.5049479007720947 0.1120370402932167 0.0015625000232830644 0.011111111380159855
0 0.9979166388511658 0.10185185074806213 0.004166666883975267 0.011111111380159855
0 0.4908854067325592 0.09351851791143417 0.0015625000232830644 0.011111111380159855
0 0.4638020694255829 0.1319444477558136 0.0015625000232830644 0.010185184888541698
0 0.4908854067325592 0.09398148208856583 0.0015625000232830644 0.010185184888541698
0 0.4908854067325592 0.0912037044763565 0.0015625000232830644 0.010185184888541698
0 0.7770833373069763 0.10555555671453476 0.0031250000465661287 0.011111111380159855
1 0.989062488079071 0.1319444477558136 0.02187499962747097 0.015740741044282913
1 0.5229166746139526 0.20601852238178253 0.02500000037252903 0.023148147389292717
1 0.6489583253860474 0.10879629850387573 0.015625 0.010185184888541698
1 0.9606770873069763 0.1606481522321701 0.01197916641831398 0.015740741044282913
1 0.8296874761581421 0.11851851642131805 0.02291666716337204 0.012962962500751019
