1 0.9971354007720947 0.13657407462596893 0.00572916679084301 0.015740741044282913
1 0.6533854007720947 0.11249999701976776 0.01614583283662796 0.010185184888541698
1 0.9794270992279053 0.16805554926395416 0.013020833022892475 0.015740741044282913
1 0.5239583253860474 0.2171296328306198 0.02604166604578495 0.02500000037252903
1 0.83984375 0.12314815074205399 0.0234375 0.012962962500751019
6 0.5559895634651184 0.3662036955356598 0.006770833395421505 0.032407406717538834
6 0.543749988079071 0.307407408952713 0.01354166679084301 0.01666666753590107
1 0.807812511920929 0.10138888657093048 0.014583333395421505 0.010185184888541698
1 0.5153645873069763 0.10231481492519379 0.010937499813735485 0.010185184888541698
1 0.6549479365348816 0.1041666641831398 0.013020833022892475 0.010185184888541698
1 0.49010416865348816 0.12222222238779068 0.0062500000931322575 0.012962962500751019
2 0.9513021111488342 0.13379628956317902 0.0494791679084301 0.049074072390794754
8 0.5013020634651184 0.10277777910232544 0.004687500186264515 0.009259259328246117
2 0.4869791567325592 0.20509259402751923 0.01979166641831398 0.06759259104728699
1 0.3557291626930237 0.9379629492759705 0.0885416641831398 0.1240740716457367
0 0.4924479126930237 0.08425925672054291 0.0015625000232830644 0.011111111380159855
0 0.49036458134651184 0.08888889104127884 0.0015625000232830644 0.011111111380159855
0 0.4906249940395355 0.10231481492519379 0.0020833334419876337 0.006481481250375509
0 0.49036458134651184 0.10000000149011612 0.0015625000232830644 0.011111111380159855
0 0.49036458134651184 0.10000000149011612 0.0015625000232830644 0.011111111380159855
0 0.49036458134651184 0.0962962955236435 0.0015625000232830644 0.011111111380159855
0 0.4906249940395355 0.10231481492519379 0.0020833334419876337 0.006481481250375509
0 0.49036458134651184 0.10000000149011612 0.0015625000232830644 0.011111111380159855
0 0.49036458134651184 0.0962962955236435 0.0015625000232830644 0.011111111380159855
0 0.49036458134651184 0.10000000149011612 0.0015625000232830644 0.011111111380159855
0 0.49036458134651184 0.10000000149011612 0.0015625000232830644 0.011111111380159855
0 0.49036458134651184 0.09907407313585281 0.0015625000232830644 0.007407407276332378
0 0.49036458134651184 0.0962962955236435 0.0015625000232830644 0.011111111380159855
0 0.49036458134651184 0.09675925970077515 0.0015625000232830644 0.010185184888541698
0 0.4906249940395355 0.09861110895872116 0.0020833334419876337 0.006481481250375509
0 0.49036458134651184 0.0962962955236435 0.0015625000232830644 0.011111111380159855
0 0.4906249940395355 0.10231481492519379 0.0020833334419876337 0.006481481250375509
0 0.5054687261581421 0.11620370298624039 0.0015625000232830644 0.012037036940455437
0 0.49036458134651184 0.0962962955236435 0.0015625000232830644 0.011111111380159855
0 0.46276041865348816 0.13657407462596893 0.0015625000232830644 0.010185184888541698
0 0.49036458134651184 0.0962962955236435 0.0015625000232830644 0.011111111380159855
0 0.49036458134651184 0.09398148208856583 0.0015625000232830644 0.010185184888541698
0 0.7854166626930237 0.10879629850387573 0.0031250000465661287 0.012037036940455437
1 0.9971354007720947 0.13657407462596893 0.00572916679084301 0.015740741044282913
1 0.5239583253860474 0.2171296328306198 0.02604166604578495 0.02500000037252903
1 0.6533854007720947 0.11249999701976776 0.01614583283662796 0.010185184888541698
1 0.9794270992279053 0.16805554926395416 0.013020833022892475 0.015740741044282913
1 0.83984375 0.12314815074205399 0.0234375 0.012962962500751019
