1 0.6611979007720947 0.11944444477558136 0.01718750037252903 0.011111111380159855
1 0.5263020992279053 0.23981481790542603 0.02864583395421505 0.02777777798473835
1 0.8591145873069763 0.13055555522441864 0.02552083320915699 0.014814814552664757
6 0.565625011920929 0.4314814805984497 0.008333333767950535 0.03888889029622078
6 0.5497395992279053 0.3523148000240326 0.01614583283662796 0.017592592164874077
1 0.8221353888511658 0.10694444179534912 0.01614583283662796 0.010185184888541698
1 0.5161458253860474 0.10787037014961243 0.01145833358168602 0.010185184888541698
1 0.6692708134651184 0.10972221940755844 0.01354166679084301 0.010185184888541698
1 0.4898437559604645 0.12824073433876038 0.006770833395421505 0.013888888992369175
2 0.9778645634651184 0.14120370149612427 0.0442708320915699 0.05833333358168602
8 0.5010416507720947 0.10787037014961243 0.0052083334885537624 0.010185184888541698
2 0.4856770932674408 0.22083333134651184 0.02135416679084301 0.07314814627170563
0 0.4924479126930237 0.09074074029922485 0.0015625000232830644 0.011111111380159855
0 0.4898437559604645 0.09351851791143417 0.0015625000232830644 0.011111111380159855
0 0.49010416865348816 0.10787037014961243 0.0020833334419876337 0.006481481250375509
0 0.4898437559604645 0.10555555671453476 0.0015625000232830644 0.011111111380159855
0 0.4898437559604645 0.10555555671453476 0.0015625000232830644 0.011111111380159855
0 0.4898437559604645 0.10092592239379883 0.0015625000232830644 0.011111111380159855
0 0.49010416865348816 0.10787037014961243 0.0020833334419876337 0.006481481250375509
0 0.4898437559604645 0.10555555671453476 0.0015625000232830644 0.011111111380159855
0 0.4898437559604645 0.10092592239379883 0.0015625000232830644 0.011111111380159855
0 0.4898437559604645 0.10555555671453476 0.0015625000232830644 0.011111111380159855
0 0.4898437559604645 0.10555555671453476 0.0015625000232830644 0.011111111380159855
0 0.4898437559604645 0.10462962836027145 0.0015625000232830644 0.007407407276332378
0 0.4898437559604645 0.10092592239379883 0.0015625000232830644 0.011111111380159855
0 0.4898437559604645 0.10185185074806213 0.0015625000232830644 0.011111111380159855
0 0.49010416865348816 0.10370370000600815 0.0020833334419876337 0.007407407276332378
0 0.4898437559604645 0.10092592239379883 0.0015625000232830644 0.011111111380159855
0 0.49010416865348816 0.10787037014961243 0.0020833334419876337 0.006481481250375509
0 0.5062500238418579 0.12314815074205399 0.0020833334419876337 0.012962962500751019
0 0.4898437559604645 0.10092592239379883 0.0015625000232830644 0.011111111380159855
0 0.4609375 0.1449074000120163 0.0020833334419876337 0.010185184888541698
0 0.4898437559604645 0.10185185074806213 0.0015625000232830644 0.011111111380159855
0 0.4898437559604645 0.09907407313585281 0.0015625000232830644 0.011111111380159855
0 0.8010416626930237 0.11527777463197708 0.004166666883975267 0.012037036940455437
1 0.5263020992279053 0.23981481790542603 0.02864583395421505 0.02777777798473835
1 0.6611979007720947 0.11944444477558136 0.01718750037252903 0.011111111380159855
1 0.859375 0.13055555522441864 0.02500000037252903 0.014814814552664757
