1 0.6565104126930237 0.11527777463197708 0.01614583283662796 0.010185184888541698
1 0.9934895634651184 0.17314815521240234 0.013020833022892475 0.01666666753590107
1 0.5249999761581421 0.22592592239379883 0.02708333358168602 0.025925925001502037
1 0.8473958373069763 0.1259259283542633 0.02395833283662796 0.012962962500751019
6 0.559374988079071 0.3907407522201538 0.0072916666977107525 0.035185184329748154
6 0.5458333492279053 0.32407405972480774 0.014583333395421505 0.01666666753590107
1 0.8135416507720947 0.10324074327945709 0.015625 0.010185184888541698
1 0.515625 0.1041666641831398 0.01145833358168602 0.010185184888541698
1 0.6604166626930237 0.10648148506879807 0.01354166679084301 0.009259259328246117
1 0.49010416865348816 0.12453703582286835 0.0062500000931322575 0.013888888992369175
2 0.9635416865348816 0.13657407462596893 0.05104166641831398 0.05277777835726738
8 0.5013020634651184 0.10462962836027145 0.004687500186264515 0.009259259328246117
2 0.48645833134651184 0.21111111342906952 0.02083333395421505 0.07037036865949631
0 0.4924479126930237 0.08611111342906952 0.0015625000232830644 0.011111111380159855
0 0.49036458134651184 0.09074074029922485 0.0015625000232830644 0.011111111380159855
0 0.49036458134651184 0.10462962836027145 0.0015625000232830644 0.007407407276332378
0 0.49036458134651184 0.10277777910232544 0.0015625000232830644 0.011111111380159855
0 0.49036458134651184 0.10277777910232544 0.0015625000232830644 0.011111111380159855
0 0.49036458134651184 0.09814814478158951 0.0015625000232830644 0.011111111380159855
0 0.49036458134651184 0.10462962836027145 0.0015625000232830644 0.007407407276332378
0 0.49036458134651184 0.10277777910232544 0.0015625000232830644 0.011111111380159855
0 0.49036458134651184 0.09814814478158951 0.0015625000232830644 0.011111111380159855
0 0.49036458134651184 0.10277777910232544 0.0015625000232830644 0.011111111380159855
0 0.49036458134651184 0.10277777910232544 0.0015625000232830644 0.011111111380159855
0 0.49036458134651184 0.10138888657093048 0.0015625000232830644 0.008333333767950535
0 0.49036458134651184 0.09814814478158951 0.0015625000232830644 0.011111111380159855
0 0.49036458134651184 0.09907407313585281 0.0015625000232830644 0.011111111380159855
0 0.49010416865348816 0.10046296566724777 0.0020833334419876337 0.006481481250375509
0 0.49036458134651184 0.09814814478158951 0.0015625000232830644 0.011111111380159855
0 0.49036458134651184 0.10462962836027145 0.0015625000232830644 0.007407407276332378
0 0.5057291388511658 0.11851851642131805 0.0020833334419876337 0.012962962500751019
0 0.49036458134651184 0.09814814478158951 0.0015625000232830644 0.011111111380159855
0 0.4619791805744171 0.1398148089647293 0.0020833334419876337 0.009259259328246117
0 0.49036458134651184 0.09861110895872116 0.0015625000232830644 0.010185184888541698
0 0.49036458134651184 0.09583333134651184 0.0015625000232830644 0.010185184888541698
0 0.7914062738418579 0.11157407611608505 0.0036458333488553762 0.012037036940455437
1 0.5249999761581421 0.22592592239379883 0.02708333358168602 0.025925925001502037
1 0.6565104126930237 0.11527777463197708 0.01614583283662796 0.010185184888541698
1 0.9934895634651184 0.17314815521240234 0.013020833022892475 0.01666666753590107
1 0.8473958373069763 0.1259259283542633 0.02395833283662796 0.012962962500751019
