1 0.6638020873069763 0.12129629403352737 0.01718750037252903 0.011111111380159855
1 0.52734375 0.24768517911434174 0.02968749962747097 0.028703704476356506
1 0.8653646111488342 0.1328703761100769 0.02552083320915699 0.013888888992369175
6 0.5692708492279053 0.4546296298503876 0.00937500037252903 0.040740739554166794
6 0.5520833134651184 0.36759260296821594 0.01666666753590107 0.018518518656492233
1 0.8268229365348816 0.10879629850387573 0.01614583283662796 0.010185184888541698
1 0.5166666507720947 0.10925926268100739 0.01145833358168602 0.011111111380159855
1 0.6736978888511658 0.11157407611608505 0.01406249962747097 0.010185184888541698
1 0.4898437559604645 0.12916666269302368 0.006770833395421505 0.013888888992369175
2 0.9822916388511658 0.14444445073604584 0.03541666641831398 0.05925925821065903
8 0.5015624761581421 0.10972221940755844 0.0052083334885537624 0.010185184888541698
2 0.4856770932674408 0.22592592239379883 0.02239583246409893 0.07592592388391495
0 0.49036458134651184 0.08981481194496155 0.0015625000232830644 0.011111111380159855
0 0.4898437559604645 0.09490741044282913 0.0015625000232830644 0.012037036940455437
0 0.49010416865348816 0.10925926268100739 0.0020833334419876337 0.007407407276332378
0 0.49010416865348816 0.10740740597248077 0.0020833334419876337 0.011111111380159855
0 0.49010416865348816 0.10740740597248077 0.0020833334419876337 0.011111111380159855
0 0.4898437559604645 0.10277777910232544 0.0015625000232830644 0.011111111380159855
0 0.49010416865348816 0.10972221940755844 0.0020833334419876337 0.006481481250375509
0 0.49010416865348816 0.10740740597248077 0.0020833334419876337 0.011111111380159855
0 0.4898437559604645 0.10277777910232544 0.0015625000232830644 0.011111111380159855
0 0.49010416865348816 0.10740740597248077 0.0020833334419876337 0.011111111380159855
0 0.49010416865348816 0.10740740597248077 0.0020833334419876337 0.011111111380159855
0 0.49010416865348816 0.10601852089166641 0.0020833334419876337 0.008333333767950535
0 0.4898437559604645 0.10277777910232544 0.0015625000232830644 0.011111111380159855
0 0.4898437559604645 0.10324074327945709 0.0015625000232830644 0.012037036940455437
0 0.49010416865348816 0.10555555671453476 0.0020833334419876337 0.007407407276332378
0 0.4898437559604645 0.10277777910232544 0.0015625000232830644 0.011111111380159855
0 0.49010416865348816 0.10925926268100739 0.0020833334419876337 0.007407407276332378
0 0.5067708492279053 0.125 0.0020833334419876337 0.012962962500751019
0 0.4898437559604645 0.10277777910232544 0.0015625000232830644 0.011111111380159855
0 0.4606770873069763 0.1476851850748062 0.0015625000232830644 0.010185184888541698
0 0.4898437559604645 0.10324074327945709 0.0015625000232830644 0.012037036940455437
0 0.4898437559604645 0.10046296566724777 0.0015625000232830644 0.012037036940455437
0 0.8059895634651184 0.11759259551763535 0.0036458333488553762 0.012962962500751019
1 0.52734375 0.24768517911434174 0.02968749962747097 0.028703704476356506
1 0.6638020873069763 0.12129629403352737 0.01718750037252903 0.011111111380159855
1 0.8653646111488342 0.1328703761100769 0.02552083320915699 0.013888888992369175
