1 0.6604166626930237 0.11851851642131805 0.01666666753590107 0.011111111380159855
1 0.5263020992279053 0.23749999701976776 0.02864583395421505 0.026851851493120193
1 0.8572916388511658 0.130092591047287 0.02500000037252903 0.013888888992369175
6 0.5645833611488342 0.42407408356666565 0.008333333767950535 0.03888889029622078
6 0.5489583611488342 0.3472222089767456 0.015625 0.018518518656492233
1 0.8208333253860474 0.10601852089166641 0.015625 0.010185184888541698
1 0.5161458253860474 0.10694444179534912 0.01145833358168602 0.010185184888541698
1 0.6677083373069763 0.10879629850387573 0.01354166679084301 0.010185184888541698
1 0.4898437559604645 0.12731482088565826 0.006770833395421505 0.013888888992369175
2 0.9763020873069763 0.14074073731899261 0.04739583283662796 0.05740740895271301
8 0.5013020634651184 0.10740740597248077 0.004687500186264515 0.009259259328246117
2 0.4859375059604645 0.21898147463798523 0.02187499962747097 0.07314814627170563
0 0.4924479126930237 0.08981481194496155 0.0015625000232830644 0.011111111380159855
0 0.4898437559604645 0.09305555373430252 0.0015625000232830644 0.012037036940455437
0 0.49010416865348816 0.10740740597248077 0.0020833334419876337 0.007407407276332378
0 0.49036458134651184 0.1050925925374031 0.0015625000232830644 0.012037036940455437
0 0.49036458134651184 0.1050925925374031 0.0015625000232830644 0.012037036940455437
0 0.4898437559604645 0.10092592239379883 0.0015625000232830644 0.011111111380159855
0 0.49010416865348816 0.10740740597248077 0.0020833334419876337 0.007407407276332378
0 0.49036458134651184 0.1050925925374031 0.0015625000232830644 0.012037036940455437
0 0.4898437559604645 0.10092592239379883 0.0015625000232830644 0.011111111380159855
0 0.49036458134651184 0.1050925925374031 0.0015625000232830644 0.012037036940455437
0 0.49036458134651184 0.1050925925374031 0.0015625000232830644 0.012037036940455437
0 0.49010416865348816 0.1041666641831398 0.0010416667209938169 0.008333333767950535
0 0.4898437559604645 0.10092592239379883 0.0015625000232830644 0.011111111380159855
0 0.4898437559604645 0.10092592239379883 0.0015625000232830644 0.011111111380159855
0 0.49010416865348816 0.10324074327945709 0.0020833334419876337 0.006481481250375509
0 0.4898437559604645 0.10092592239379883 0.0015625000232830644 0.011111111380159855
0 0.49010416865348816 0.10740740597248077 0.0020833334419876337 0.007407407276332378
0 0.5062500238418579 0.12222222238779068 0.0020833334419876337 0.012962962500751019
0 0.4898437559604645 0.10092592239379883 0.0015625000232830644 0.011111111380159855
0 0.4611979126930237 0.14398148655891418 0.0015625000232830644 0.010185184888541698
0 0.4898437559604645 0.10092592239379883 0.0015625000232830644 0.011111111380159855
0 0.4898437559604645 0.09814814478158951 0.0015625000232830644 0.011111111380159855
0 0.7994791865348816 0.11435185372829437 0.004166666883975267 0.012037036940455437
1 0.5263020992279053 0.23749999701976776 0.02864583395421505 0.026851851493120193
1 0.6604166626930237 0.11851851642131805 0.01666666753590107 0.011111111380159855
1 0.8572916388511658 0.130092591047287 0.02500000037252903 0.013888888992369175
