1 0.6596354246139526 0.11759259551763535 0.01614583283662796 0.011111111380159855
1 0.5260416865348816 0.2351851910352707 0.02812499925494194 0.02777777798473835
1 0.8552083373069763 0.12916666269302368 0.02500000037252903 0.013888888992369175
6 0.5635416507720947 0.4166666567325592 0.008333333767950535 0.03703703731298447
6 0.5484374761581421 0.3421296179294586 0.015625 0.017592592164874077
1 0.8192708492279053 0.10601852089166641 0.015625 0.010185184888541698
1 0.5161458253860474 0.10648148506879807 0.01145833358168602 0.009259259328246117
1 0.6661458611488342 0.10879629850387573 0.01354166679084301 0.010185184888541698
1 0.4898437559604645 0.1268518567085266 0.006770833395421505 0.012962962500751019
2 0.9747396111488342 0.13935184478759766 0.05052083358168602 0.05648148059844971
8 0.5013020634651184 0.10694444179534912 0.004687500186264515 0.010185184888541698
2 0.48619791865348816 0.21759259700775146 0.02135416679084301 0.07222222536802292
0 0.4924479126930237 0.08888889104127884 0.0015625000232830644 0.011111111380159855
0 0.4898437559604645 0.09259258955717087 0.0015625000232830644 0.011111111380159855
0 0.49010416865348816 0.10694444179534912 0.0020833334419876337 0.006481481250375509
0 0.49036458134651184 0.10462962836027145 0.0015625000232830644 0.011111111380159855
0 0.49036458134651184 0.10462962836027145 0.0015625000232830644 0.011111111380159855
0 0.49036458134651184 0.10000000149011612 0.0015625000232830644 0.011111111380159855
0 0.49010416865348816 0.10694444179534912 0.0020833334419876337 0.006481481250375509
0 0.49036458134651184 0.10462962836027145 0.0015625000232830644 0.011111111380159855
0 0.49036458134651184 0.10000000149011612 0.0015625000232830644 0.011111111380159855
0 0.49036458134651184 0.10462962836027145 0.0015625000232830644 0.011111111380159855
0 0.49036458134651184 0.10462962836027145 0.0015625000232830644 0.011111111380159855
0 0.49036458134651184 0.10324074327945709 0.0015625000232830644 0.008333333767950535
0 0.49036458134651184 0.10000000149011612 0.0015625000232830644 0.011111111380159855
0 0.49036458134651184 0.10092592239379883 0.0015625000232830644 0.011111111380159855
0 0.49010416865348816 0.10277777910232544 0.0020833334419876337 0.007407407276332378
0 0.49036458134651184 0.10000000149011612 0.0015625000232830644 0.011111111380159855
0 0.49010416865348816 0.10694444179534912 0.0020833334419876337 0.006481481250375509
0 0.5062500238418579 0.12129629403352737 0.0020833334419876337 0.012962962500751019
0 0.49036458134651184 0.10000000149011612 0.0015625000232830644 0.011111111380159855
0 0.46145832538604736 0.14305555820465088 0.0020833334419876337 0.010185184888541698
0 0.49036458134651184 0.10092592239379883 0.0015625000232830644 0.011111111380159855
0 0.49036458134651184 0.09814814478158951 0.0015625000232830644 0.011111111380159855
0 0.797656238079071 0.11435185372829437 0.0036458333488553762 0.012037036940455437
1 0.5260416865348816 0.2351851910352707 0.02812499925494194 0.02777777798473835
1 0.6596354246139526 0.11759259551763535 0.01614583283662796 0.011111111380159855
1 0.8552083373069763 0.12916666269302368 0.02500000037252903 0.013888888992369175
