1 0.6572916507720947 0.11574073880910873 0.01666666753590107 0.011111111380159855
1 0.9950520992279053 0.1745370328426361 0.00989583320915699 0.015740741044282913
1 0.5252603888511658 0.2282407432794571 0.02760416641831398 0.026851851493120193
1 0.8494791388511658 0.12638889253139496 0.02395833283662796 0.013888888992369175
6 0.5604166388511658 0.3967592716217041 0.0072916666977107525 0.03611111268401146
6 0.5466145873069763 0.32870370149612427 0.015104166232049465 0.01666666753590107
1 0.8148437738418579 0.1041666641831398 0.015104166232049465 0.010185184888541698
1 0.515625 0.1050925925374031 0.01145833358168602 0.010185184888541698
1 0.6619791388511658 0.10694444179534912 0.01354166679084301 0.010185184888541698
1 0.49010416865348816 0.125 0.0062500000931322575 0.012962962500751019
2 0.9664062261581421 0.13703703880310059 0.05156249925494194 0.05370370298624039
8 0.5013020634651184 0.1050925925374031 0.004687500186264515 0.010185184888541698
2 0.48645833134651184 0.21250000596046448 0.02083333395421505 0.07129629701375961
0 0.4924479126930237 0.08611111342906952 0.0015625000232830644 0.011111111380159855
0 0.49036458134651184 0.09074074029922485 0.0015625000232830644 0.011111111380159855
0 0.49010416865348816 0.1050925925374031 0.0020833334419876337 0.006481481250375509
0 0.49036458134651184 0.10277777910232544 0.0015625000232830644 0.011111111380159855
0 0.49036458134651184 0.10277777910232544 0.0015625000232830644 0.011111111380159855
0 0.49036458134651184 0.09907407313585281 0.0015625000232830644 0.011111111380159855
0 0.49010416865348816 0.1050925925374031 0.0020833334419876337 0.006481481250375509
0 0.49036458134651184 0.10277777910232544 0.0015625000232830644 0.011111111380159855
0 0.49036458134651184 0.09907407313585281 0.0015625000232830644 0.011111111380159855
0 0.49036458134651184 0.10277777910232544 0.0015625000232830644 0.011111111380159855
0 0.49036458134651184 0.10277777910232544 0.0015625000232830644 0.011111111380159855
0 0.49036458134651184 0.10185185074806213 0.0015625000232830644 0.007407407276332378
0 0.49036458134651184 0.09907407313585281 0.0015625000232830644 0.011111111380159855
0 0.49036458134651184 0.09907407313585281 0.0015625000232830644 0.011111111380159855
0 0.49010416865348816 0.10138888657093048 0.0020833334419876337 0.006481481250375509
0 0.49036458134651184 0.09907407313585281 0.0015625000232830644 0.011111111380159855
0 0.49010416865348816 0.1050925925374031 0.0020833334419876337 0.006481481250375509
0 0.5057291388511658 0.11944444477558136 0.0020833334419876337 0.012962962500751019
0 0.49036458134651184 0.09907407313585281 0.0015625000232830644 0.011111111380159855
0 0.4619791805744171 0.14074073731899261 0.0020833334419876337 0.009259259328246117
0 0.49036458134651184 0.09907407313585281 0.0015625000232830644 0.011111111380159855
0 0.49036458134651184 0.0962962955236435 0.0015625000232830644 0.011111111380159855
0 0.79296875 0.1120370402932167 0.0036458333488553762 0.011111111380159855
1 0.5252603888511658 0.2282407432794571 0.02760416641831398 0.026851851493120193
1 0.6572916507720947 0.11574073880910873 0.01666666753590107 0.011111111380159855
1 0.9950520992279053 0.1745370328426361 0.00989583320915699 0.015740741044282913
1 0.8494791388511658 0.12638889253139496 0.02395833283662796 0.013888888992369175
