1 0.664843738079071 0.12175925821065903 0.01718750037252903 0.012037036940455437
1 0.5278645753860474 0.25 0.02968749962747097 0.029629629105329514
1 0.8674479126930237 0.13379628956317902 0.02552083320915699 0.013888888992369175
6 0.5703125 0.46296295523643494 0.00937500037252903 0.04259259253740311
6 0.5528646111488342 0.3731481432914734 0.01718750037252903 0.018518518656492233
1 0.8283854126930237 0.10879629850387573 0.01614583283662796 0.010185184888541698
1 0.5166666507720947 0.10972221940755844 0.01145833358168602 0.010185184888541698
1 0.6752604246139526 0.1120370402932167 0.01406249962747097 0.011111111380159855
1 0.4898437559604645 0.130092591047287 0.006770833395421505 0.013888888992369175
2 0.9838541746139526 0.1449074000120163 0.03229166567325592 0.06018518656492233
8 0.5015624761581421 0.1101851835846901 0.0052083334885537624 0.011111111380159855
2 0.4854166805744171 0.22777777910232544 0.02187499962747097 0.07592592388391495
0 0.49036458134651184 0.0902777761220932 0.0015625000232830644 0.012037036940455437
0 0.4898437559604645 0.09537036716938019 0.0015625000232830644 0.011111111380159855
0 0.49010416865348816 0.1101851835846901 0.0020833334419876337 0.007407407276332378
0 0.4898437559604645 0.10787037014961243 0.0015625000232830644 0.012037036940455437
0 0.4898437559604645 0.10787037014961243 0.0015625000232830644 0.012037036940455437
0 0.4898437559604645 0.10324074327945709 0.0015625000232830644 0.012037036940455437
0 0.49010416865348816 0.1101851835846901 0.0020833334419876337 0.007407407276332378
0 0.4898437559604645 0.10787037014961243 0.0015625000232830644 0.012037036940455437
0 0.4898437559604645 0.10324074327945709 0.0015625000232830644 0.012037036940455437
0 0.4898437559604645 0.10787037014961243 0.0015625000232830644 0.012037036940455437
0 0.4898437559604645 0.10787037014961243 0.0015625000232830644 0.012037036940455437
0 0.4898437559604645 0.10694444179534912 0.0015625000232830644 0.008333333767950535
0 0.4898437559604645 0.10324074327945709 0.0015625000232830644 0.012037036940455437
0 0.4898437559604645 0.10370370000600815 0.0015625000232830644 0.011111111380159855
0 0.49010416865348816 0.10601852089166641 0.0020833334419876337 0.006481481250375509
0 0.4898437559604645 0.10324074327945709 0.0015625000232830644 0.012037036940455437
0 0.49010416865348816 0.1101851835846901 0.0020833334419876337 0.007407407276332378
0 0.507031261920929 0.1259259283542633 0.0015625000232830644 0.012962962500751019
0 0.4898437559604645 0.10324074327945709 0.0015625000232830644 0.012037036940455437
0 0.46041667461395264 0.14861111342906952 0.0020833334419876337 0.010185184888541698
0 0.4898437559604645 0.10370370000600815 0.0015625000232830644 0.011111111380159855
0 0.4898437559604645 0.10092592239379883 0.0015625000232830644 0.011111111380159855
0 0.807812511920929 0.1180555522441864 0.004166666883975267 0.012037036940455437
1 0.5278645753860474 0.25 0.02968749962747097 0.029629629105329514
1 0.664843738079071 0.12175925821065903 0.01718750037252903 0.012037036940455437
1 0.8674479126930237 0.13379628956317902 0.02552083320915699 0.013888888992369175
