1 0.6932291388511658 0.12916666269302368 0.01875000074505806 0.012037036940455437
1 0.5481770634651184 0.27407407760620117 0.03281249850988388 0.03333333507180214
1 0.9140625 0.1449074000120163 0.02916666679084301 0.015740741044282913
6 0.5989583134651184 0.5481481552124023 0.01145833358168602 0.051851850003004074
6 0.5770833492279053 0.427314817905426 0.01979166641831398 0.021296296268701553
1 0.8682291507720947 0.11666666716337204 0.01770833320915699 0.011111111380159855
1 0.5364583134651184 0.11481481790542603 0.012500000186264515 0.011111111380159855
1 0.508593738079071 0.13518518209457397 0.006770833395421505 0.014814814552664757
8 0.5208333134651184 0.11527777463197708 0.0052083334885537624 0.010185184888541698
2 0.5028645992279053 0.2430555522441864 0.0234375 0.0824074074625969
0 0.964062511920929 0.11249999701976776 0.0052083334885537624 0.012037036940455437
0 0.5091145634651184 0.09490741044282913 0.0015625000232830644 0.012037036940455437
0 0.5091145634651184 0.09953703731298447 0.0015625000232830644 0.012037036940455437
0 0.5088541507720947 0.11481481790542603 0.0020833334419876337 0.007407407276332378
0 0.5091145634651184 0.11249999701976776 0.0015625000232830644 0.012037036940455437
0 0.5091145634651184 0.11249999701976776 0.0015625000232830644 0.012037036940455437
0 0.5091145634651184 0.10787037014961243 0.0015625000232830644 0.012037036940455437
0 0.5088541507720947 0.11481481790542603 0.0020833334419876337 0.007407407276332378
0 0.5091145634651184 0.11249999701976776 0.0015625000232830644 0.012037036940455437
0 0.5091145634651184 0.10787037014961243 0.0015625000232830644 0.012037036940455437
0 0.5091145634651184 0.11249999701976776 0.0015625000232830644 0.012037036940455437
0 0.5091145634651184 0.11249999701976776 0.0015625000232830644 0.012037036940455437
0 0.5091145634651184 0.11157407611608505 0.0015625000232830644 0.008333333767950535
0 0.5091145634651184 0.10787037014961243 0.0015625000232830644 0.012037036940455437
0 0.5091145634651184 0.10879629850387573 0.0015625000232830644 0.012037036940455437
0 0.5088541507720947 0.1111111119389534 0.0020833334419876337 0.007407407276332378
0 0.5091145634651184 0.10787037014961243 0.0015625000232830644 0.012037036940455437
0 0.5088541507720947 0.11481481790542603 0.0020833334419876337 0.007407407276332378
0 0.5270833373069763 0.1328703761100769 0.0020833334419876337 0.013888888992369175
0 0.5091145634651184 0.10787037014961243 0.0015625000232830644 0.012037036940455437
0 0.4781250059604645 0.15601852536201477 0.0020833334419876337 0.010185184888541698
0 0.5091145634651184 0.10879629850387573 0.0015625000232830644 0.012037036940455437
0 0.5091145634651184 0.1050925925374031 0.0015625000232830644 0.012037036940455437
0 0.8481770753860474 0.1268518567085266 0.004687500186264515 0.012962962500751019
1 0.5481770634651184 0.27407407760620117 0.03281249850988388 0.03333333507180214
1 0.6932291388511658 0.12916666269302368 0.01875000074505806 0.012037036940455437
1 0.9143229126930237 0.1449074000120163 0.02864583395421505 0.015740741044282913
