1 0.6656249761581421 0.12314815074205399 0.01770833320915699 0.011111111380159855
1 0.52734375 0.2560185194015503 0.03072916716337204 0.03055555559694767
1 0.870312511920929 0.13518518209457397 0.02604166604578495 0.014814814552664757
6 0.5723958611488342 0.48148149251937866 0.00937500037252903 0.04444444552063942
6 0.5536458492279053 0.3856481611728668 0.01770833320915699 0.01944444514811039
1 0.8302083611488342 0.1101851835846901 0.01666666753590107 0.011111111380159855
1 0.5158854126930237 0.1111111119389534 0.01197916641831398 0.011111111380159855
1 0.6776041388511658 0.11342592537403107 0.014583333395421505 0.010185184888541698
1 0.48880207538604736 0.13148148357868195 0.006770833395421505 0.014814814552664757
2 0.9864583611488342 0.14722222089767456 0.02708333358168602 0.06111111119389534
8 0.5005208253860474 0.11157407611608505 0.0052083334885537624 0.010185184888541698
2 0.484375 0.23148147761821747 0.02291666716337204 0.07777778059244156
0 0.4893229305744171 0.09074074029922485 0.0015625000232830644 0.011111111380159855
0 0.48880207538604736 0.09675925970077515 0.0015625000232830644 0.012037036940455437
0 0.48906248807907104 0.1111111119389534 0.0020833334419876337 0.007407407276332378
0 0.48880207538604736 0.10879629850387573 0.0015625000232830644 0.012037036940455437
0 0.48880207538604736 0.10879629850387573 0.0015625000232830644 0.012037036940455437
0 0.48880207538604736 0.10462962836027145 0.0015625000232830644 0.011111111380159855
0 0.48906248807907104 0.11157407611608505 0.0020833334419876337 0.006481481250375509
0 0.48880207538604736 0.10879629850387573 0.0015625000232830644 0.012037036940455437
0 0.48880207538604736 0.10462962836027145 0.0015625000232830644 0.011111111380159855
0 0.48880207538604736 0.10879629850387573 0.0015625000232830644 0.012037036940455437
0 0.48880207538604736 0.10879629850387573 0.0015625000232830644 0.012037036940455437
0 0.48880207538604736 0.10787037014961243 0.0015625000232830644 0.008333333767950535
0 0.48880207538604736 0.10462962836027145 0.0015625000232830644 0.011111111380159855
0 0.48880207538604736 0.1050925925374031 0.0015625000232830644 0.012037036940455437
0 0.48906248807907104 0.10740740597248077 0.0020833334419876337 0.007407407276332378
0 0.48880207538604736 0.10462962836027145 0.0015625000232830644 0.011111111380159855
0 0.48906248807907104 0.1111111119389534 0.0020833334419876337 0.007407407276332378
0 0.5062500238418579 0.12731482088565826 0.0020833334419876337 0.013888888992369175
0 0.48880207538604736 0.10462962836027145 0.0015625000232830644 0.011111111380159855
0 0.4593749940395355 0.15046297013759613 0.0020833334419876337 0.010185184888541698
0 0.48880207538604736 0.1050925925374031 0.0015625000232830644 0.012037036940455437
0 0.48880207538604736 0.10231481492519379 0.0015625000232830644 0.012037036940455437
0 0.8098958134651184 0.11944444477558136 0.004166666883975267 0.012962962500751019
1 0.52734375 0.2560185194015503 0.03072916716337204 0.03055555559694767
1 0.6656249761581421 0.12314815074205399 0.01770833320915699 0.011111111380159855
1 0.870312511920929 0.13518518209457397 0.02604166604578495 0.014814814552664757
