1 0.6677083373069763 0.1240740716457367 0.01770833320915699 0.011111111380159855
1 0.5286458134651184 0.2587963044643402 0.03125 0.03055555559694767
1 0.874218761920929 0.13611111044883728 0.02656250074505806 0.014814814552664757
6 0.5747395753860474 0.4912036955356598 0.00989583320915699 0.04537037014961243
6 0.5552083253860474 0.3916666805744171 0.01770833320915699 0.020370369777083397
1 0.8333333134651184 0.11064814776182175 0.01666666753590107 0.010185184888541698
1 0.5169270634651184 0.11157407611608505 0.01197916641831398 0.010185184888541698
1 0.4898437559604645 0.1319444477558136 0.006770833395421505 0.013888888992369175
2 0.989062488079071 0.14861111342906952 0.02187499962747097 0.06203703582286835
8 0.5015624761581421 0.1120370402932167 0.0052083334885537624 0.011111111380159855
2 0.48515623807907104 0.23333333432674408 0.02239583246409893 0.07777778059244156
0 0.49010416865348816 0.0912037044763565 0.0020833334419876337 0.012037036940455437
0 0.4898437559604645 0.09675925970077515 0.0015625000232830644 0.012037036940455437
0 0.49010416865348816 0.1120370402932167 0.0020833334419876337 0.007407407276332378
0 0.4898437559604645 0.10972221940755844 0.0015625000232830644 0.012037036940455437
0 0.4898437559604645 0.10972221940755844 0.0015625000232830644 0.012037036940455437
0 0.4898437559604645 0.1050925925374031 0.0015625000232830644 0.012037036940455437
0 0.49010416865348816 0.1120370402932167 0.0020833334419876337 0.007407407276332378
0 0.4898437559604645 0.10972221940755844 0.0015625000232830644 0.012037036940455437
0 0.4898437559604645 0.1050925925374031 0.0015625000232830644 0.012037036940455437
0 0.4898437559604645 0.10972221940755844 0.0015625000232830644 0.012037036940455437
0 0.4898437559604645 0.10972221940755844 0.0015625000232830644 0.012037036940455437
0 0.4898437559604645 0.10879629850387573 0.0015625000232830644 0.008333333767950535
0 0.4898437559604645 0.1050925925374031 0.0015625000232830644 0.012037036940455437
0 0.4898437559604645 0.10555555671453476 0.0015625000232830644 0.011111111380159855
0 0.49010416865348816 0.10787037014961243 0.0020833334419876337 0.006481481250375509
0 0.4898437559604645 0.1050925925374031 0.0015625000232830644 0.012037036940455437
0 0.49010416865348816 0.1120370402932167 0.0020833334419876337 0.007407407276332378
0 0.5072916746139526 0.12824073433876038 0.0020833334419876337 0.013888888992369175
0 0.4898437559604645 0.1050925925374031 0.0015625000232830644 0.012037036940455437
0 0.4598958194255829 0.15138888359069824 0.0020833334419876337 0.010185184888541698
0 0.4898437559604645 0.10555555671453476 0.0015625000232830644 0.011111111380159855
0 0.4898437559604645 0.10277777910232544 0.0015625000232830644 0.011111111380159855
0 0.8130208253860474 0.12037037312984467 0.004166666883975267 0.012962962500751019
1 0.5286458134651184 0.2587963044643402 0.03125 0.03055555559694767
1 0.6677083373069763 0.1240740716457367 0.01770833320915699 0.011111111380159855
1 0.874218761920929 0.13611111044883728 0.02656250074505806 0.014814814552664757
