1 0.6841145753860474 0.12731482088565826 0.01822916604578495 0.012037036940455437
1 0.5414062738418579 0.26759257912635803 0.03177083283662796 0.031481482088565826
1 0.899218738079071 0.14120370149612427 0.02760416641831398 0.015740741044282913
6 0.58984375 0.5236111283302307 0.010937499813735485 0.049074072390794754
6 0.5690104365348816 0.41203704476356506 0.01927083358168602 0.020370369777083397
1 0.85546875 0.11435185372829437 0.01718750037252903 0.010185184888541698
1 0.5296875238418579 0.11342592537403107 0.012500000186264515 0.010185184888541698
1 0.5018228888511658 0.13379628956317902 0.006770833395421505 0.013888888992369175
8 0.5140625238418579 0.11388888955116272 0.0052083334885537624 0.011111111380159855
2 0.49661457538604736 0.23888888955116272 0.0234375 0.07962962985038757
0 0.9489583373069763 0.1101851835846901 0.0052083334885537624 0.011111111380159855
0 0.5026041865348816 0.09305555373430252 0.0020833334419876337 0.012037036940455437
0 0.5023437738418579 0.09861110895872116 0.0015625000232830644 0.012037036940455437
0 0.5026041865348816 0.11388888955116272 0.0020833334419876337 0.007407407276332378
0 0.5023437738418579 0.11157407611608505 0.0015625000232830644 0.012037036940455437
0 0.5023437738418579 0.11157407611608505 0.0015625000232830644 0.012037036940455437
0 0.5023437738418579 0.10694444179534912 0.0015625000232830644 0.012037036940455437
0 0.5026041865348816 0.11388888955116272 0.0020833334419876337 0.007407407276332378
0 0.5023437738418579 0.11157407611608505 0.0015625000232830644 0.012037036940455437
0 0.5023437738418579 0.10694444179534912 0.0015625000232830644 0.012037036940455437
0 0.5023437738418579 0.11157407611608505 0.0015625000232830644 0.012037036940455437
0 0.5023437738418579 0.11157407611608505 0.0015625000232830644 0.012037036940455437
0 0.5023437738418579 0.1101851835846901 0.0015625000232830644 0.009259259328246117
0 0.5023437738418579 0.10694444179534912 0.0015625000232830644 0.012037036940455437
0 0.5023437738418579 0.10694444179534912 0.0015625000232830644 0.012037036940455437
0 0.5026041865348816 0.10925926268100739 0.0020833334419876337 0.007407407276332378
0 0.5023437738418579 0.10694444179534912 0.0015625000232830644 0.012037036940455437
0 0.5026041865348816 0.11388888955116272 0.0020833334419876337 0.007407407276332378
0 0.520312488079071 0.1310185194015503 0.0020833334419876337 0.013888888992369175
0 0.5023437738418579 0.10694444179534912 0.0015625000232830644 0.012037036940455437
0 0.47187501192092896 0.1537037044763565 0.0020833334419876337 0.011111111380159855
0 0.5023437738418579 0.10694444179534912 0.0015625000232830644 0.012037036940455437
0 0.5023437738418579 0.1041666641831398 0.0015625000232830644 0.012037036940455437
0 0.835156261920929 0.1240740716457367 0.004687500186264515 0.012962962500751019
1 0.5414062738418579 0.26759257912635803 0.03177083283662796 0.031481482088565826
1 0.6841145753860474 0.12731482088565826 0.01822916604578495 0.012037036940455437
1 0.899218738079071 0.14120370149612427 0.02760416641831398 0.015740741044282913
