1 0.6895833611488342 0.12824073433876038 0.01875000074505806 0.012037036940455437
1 0.5453125238418579 0.2708333432674408 0.03229166567325592 0.032407406717538834
1 0.9078124761581421 0.14305555820465088 0.02812499925494194 0.015740741044282913
6 0.5947916507720947 0.5361111164093018 0.01145833358168602 0.05000000074505806
6 0.5736979246139526 0.41990742087364197 0.01927083358168602 0.021296296268701553
1 0.8630208373069763 0.11574073880910873 0.01770833320915699 0.011111111380159855
1 0.5338541865348816 0.11435185372829437 0.012500000186264515 0.010185184888541698
1 0.5059896111488342 0.13425925374031067 0.006770833395421505 0.014814814552664757
8 0.5182291865348816 0.11481481790542603 0.0052083334885537624 0.011111111380159855
2 0.5002604126930237 0.24074074625968933 0.0234375 0.08148147910833359
0 0.957812488079071 0.11157407611608505 0.0052083334885537624 0.012037036940455437
0 0.5065104365348816 0.09398148208856583 0.0015625000232830644 0.012037036940455437
0 0.5065104365348816 0.09953703731298447 0.0015625000232830644 0.012037036940455437
0 0.5062500238418579 0.11435185372829437 0.0020833334419876337 0.006481481250375509
0 0.5065104365348816 0.11157407611608505 0.0015625000232830644 0.012037036940455437
0 0.5065104365348816 0.11157407611608505 0.0015625000232830644 0.012037036940455437
0 0.5065104365348816 0.10694444179534912 0.0015625000232830644 0.012037036940455437
0 0.5062500238418579 0.11481481790542603 0.0020833334419876337 0.007407407276332378
0 0.5065104365348816 0.11157407611608505 0.0015625000232830644 0.012037036940455437
0 0.5065104365348816 0.10694444179534912 0.0015625000232830644 0.012037036940455437
0 0.5065104365348816 0.11157407611608505 0.0015625000232830644 0.012037036940455437
0 0.5065104365348816 0.11157407611608505 0.0015625000232830644 0.012037036940455437
0 0.5065104365348816 0.11064814776182175 0.0015625000232830644 0.008333333767950535
0 0.5065104365348816 0.10694444179534912 0.0015625000232830644 0.012037036940455437
0 0.5065104365348816 0.10787037014961243 0.0015625000232830644 0.012037036940455437
0 0.5062500238418579 0.1101851835846901 0.0020833334419876337 0.007407407276332378
0 0.5065104365348816 0.10694444179534912 0.0015625000232830644 0.012037036940455437
0 0.5062500238418579 0.11435185372829437 0.0020833334419876337 0.006481481250375509
0 0.5244791507720947 0.1319444477558136 0.0020833334419876337 0.013888888992369175
0 0.5065104365348816 0.10740740597248077 0.0015625000232830644 0.011111111380159855
0 0.4755208194255829 0.1546296328306198 0.0020833334419876337 0.011111111380159855
0 0.5065104365348816 0.10787037014961243 0.0015625000232830644 0.012037036940455437
0 0.5065104365348816 0.1050925925374031 0.0015625000232830644 0.012037036940455437
0 0.8427083492279053 0.1259259283542633 0.004166666883975267 0.012962962500751019
1 0.5453125238418579 0.2708333432674408 0.03229166567325592 0.032407406717538834
1 0.6895833611488342 0.12824073433876038 0.01875000074505806 0.012037036940455437
1 0.9078124761581421 0.14305555820465088 0.02812499925494194 0.015740741044282913
