1 0.68359375 0.13657407462596893 0.01927083358168602 0.012037036940455437
1 0.5364583134651184 0.3125 0.0364583320915699 0.03981481492519379
1 0.9122396111488342 0.15138888359069824 0.02968749962747097 0.015740741044282913
6 0.6135416626930237 0.7138888835906982 0.01770833320915699 0.07222222536802292
1 0.8606770634651184 0.12083332985639572 0.01822916604578495 0.012037036940455437
1 0.5184895992279053 0.12175925821065903 0.013020833022892475 0.012037036940455437
1 0.4893229305744171 0.14212962985038757 0.006770833395421505 0.015740741044282913
8 0.5018228888511658 0.12222222238779068 0.00572916679084301 0.011111111380159855
2 0.48489582538604736 0.26759257912635803 0.02604166604578495 0.09074074029922485
0 0.9536458253860474 0.11574073880910873 0.0052083334885537624 0.012962962500751019
0 0.4924479126930237 0.10046296566724777 0.0015625000232830644 0.012037036940455437
0 0.4893229305744171 0.10648148506879807 0.0015625000232830644 0.012962962500751019
0 0.4895833432674408 0.12222222238779068 0.0020833334419876337 0.007407407276332378
0 0.4893229305744171 0.11944444477558136 0.0015625000232830644 0.012962962500751019
0 0.4893229305744171 0.11944444477558136 0.0015625000232830644 0.012962962500751019
0 0.4893229305744171 0.11481481790542603 0.0015625000232830644 0.012962962500751019
0 0.4895833432674408 0.12222222238779068 0.0020833334419876337 0.007407407276332378
0 0.4893229305744171 0.11944444477558136 0.0015625000232830644 0.012962962500751019
0 0.4893229305744171 0.11481481790542603 0.0015625000232830644 0.012962962500751019
0 0.4893229305744171 0.11944444477558136 0.0015625000232830644 0.012962962500751019
0 0.4893229305744171 0.11944444477558136 0.0015625000232830644 0.012962962500751019
0 0.4893229305744171 0.11851851642131805 0.0015625000232830644 0.009259259328246117
0 0.4893229305744171 0.11481481790542603 0.0015625000232830644 0.012962962500751019
0 0.4893229305744171 0.11527777463197708 0.0015625000232830644 0.012037036940455437
0 0.4895833432674408 0.11759259551763535 0.0020833334419876337 0.007407407276332378
0 0.4893229305744171 0.11481481790542603 0.0015625000232830644 0.012962962500751019
0 0.4895833432674408 0.12222222238779068 0.0020833334419876337 0.007407407276332378
0 0.5093749761581421 0.14259259402751923 0.0020833334419876337 0.014814814552664757
0 0.4893229305744171 0.11481481790542603 0.0015625000232830644 0.012962962500751019
0 0.4572916626930237 0.16805554926395416 0.0020833334419876337 0.012037036940455437
0 0.4893229305744171 0.11527777463197708 0.0015625000232830644 0.012037036940455437
0 0.4893229305744171 0.1120370402932167 0.0015625000232830644 0.012962962500751019
0 0.8440104126930237 0.1328703761100769 0.004687500186264515 0.013888888992369175
1 0.5364583134651184 0.3125 0.0364583320915699 0.03981481492519379
1 0.68359375 0.13657407462596893 0.01927083358168602 0.012037036940455437
1 0.9125000238418579 0.15138888359069824 0.03020833246409893 0.015740741044282913
