1 0.696093738079071 0.13611111044883728 0.01927083358168602 0.012962962500751019
1 0.5473958253860474 0.3055555522441864 0.0364583320915699 0.03888889029622078
1 0.9276041388511658 0.15231481194496155 0.03020833246409893 0.015740741044282913
6 0.6174479126930237 0.6800925731658936 0.01614583283662796 0.06759259104728699
6 0.585156261920929 0.5041666626930237 0.0234375 0.02500000037252903
1 0.875781238079071 0.12175925821065903 0.01822916604578495 0.012037036940455437
1 0.5315104126930237 0.12037037312984467 0.013020833022892475 0.011111111380159855
1 0.5026041865348816 0.14074073731899261 0.0072916666977107525 0.014814814552664757
8 0.514843761920929 0.12129629403352737 0.00572916679084301 0.011111111380159855
2 0.4971354305744171 0.26249998807907104 0.02552083320915699 0.08981481194496155
0 0.971875011920929 0.11712963134050369 0.0052083334885537624 0.012037036940455437
0 0.5059896111488342 0.09953703731298447 0.0015625000232830644 0.012037036940455437
0 0.5028645992279053 0.1050925925374031 0.0015625000232830644 0.012037036940455437
0 0.5026041865348816 0.12083332985639572 0.0020833334419876337 0.008333333767950535
0 0.5028645992279053 0.11851851642131805 0.0015625000232830644 0.012962962500751019
0 0.5028645992279053 0.11851851642131805 0.0015625000232830644 0.012962962500751019
0 0.5028645992279053 0.11342592537403107 0.0015625000232830644 0.012037036940455437
0 0.5026041865348816 0.12129629403352737 0.0020833334419876337 0.007407407276332378
0 0.5028645992279053 0.11851851642131805 0.0015625000232830644 0.012962962500751019
0 0.5028645992279053 0.11342592537403107 0.0015625000232830644 0.012037036940455437
0 0.5028645992279053 0.11851851642131805 0.0015625000232830644 0.012962962500751019
0 0.5028645992279053 0.11851851642131805 0.0015625000232830644 0.012962962500751019
0 0.5028645992279053 0.11712963134050369 0.0015625000232830644 0.008333333767950535
0 0.5028645992279053 0.11342592537403107 0.0015625000232830644 0.012037036940455437
0 0.5028645992279053 0.11388888955116272 0.0015625000232830644 0.012962962500751019
0 0.5028645992279053 0.11666666716337204 0.0026041667442768812 0.007407407276332378
0 0.5028645992279053 0.11342592537403107 0.0015625000232830644 0.012037036940455437
0 0.5026041865348816 0.12083332985639572 0.0020833334419876337 0.008333333767950535
0 0.5223958492279053 0.14074073731899261 0.0020833334419876337 0.014814814552664757
0 0.5028645992279053 0.11342592537403107 0.0015625000232830644 0.012037036940455437
0 0.47083333134651184 0.1657407432794571 0.0020833334419876337 0.011111111380159855
0 0.5028645992279053 0.11388888955116272 0.0015625000232830644 0.012962962500751019
0 0.5028645992279053 0.1111111119389534 0.0015625000232830644 0.012962962500751019
0 0.8580729365348816 0.13379628956317902 0.004687500186264515 0.013888888992369175
1 0.5473958253860474 0.3055555522441864 0.0364583320915699 0.03888889029622078
1 0.696093738079071 0.13611111044883728 0.01927083358168602 0.012962962500751019
1 0.9278646111488342 0.15231481194496155 0.03072916716337204 0.015740741044282913
