1 0.7013021111488342 0.13425925374031067 0.01927083358168602 0.012962962500751019
1 0.5526041388511658 0.29490742087364197 0.03541666641831398 0.03611111268401146
1 0.9315103888511658 0.1509259194135666 0.03072916716337204 0.01666666753590107
6 0.6143229007720947 0.6310185194015503 0.01406249962747097 0.06203703582286835
6 0.5864583253860474 0.47685185074806213 0.02187499962747097 0.024074073880910873
1 0.8812500238418579 0.12083332985639572 0.01875000074505806 0.012037036940455437
1 0.5385416746139526 0.11851851642131805 0.012500000186264515 0.011111111380159855
1 0.5098958611488342 0.1388888955116272 0.0072916666977107525 0.014814814552664757
8 0.5221354365348816 0.11944444477558136 0.00572916679084301 0.011111111380159855
2 0.5041666626930237 0.25555557012557983 0.02500000037252903 0.08703703433275223
0 0.9786458611488342 0.11666666716337204 0.0052083334885537624 0.012962962500751019
0 0.5135416388511658 0.09861110895872116 0.0020833334419876337 0.012037036940455437
0 0.5104166865348816 0.10324074327945709 0.0020833334419876337 0.012037036940455437
0 0.5104166865348816 0.11851851642131805 0.0020833334419876337 0.007407407276332378
0 0.5101562738418579 0.11620370298624039 0.0015625000232830644 0.012037036940455437
0 0.5101562738418579 0.11620370298624039 0.0015625000232830644 0.012037036940455437
0 0.5101562738418579 0.11157407611608505 0.0015625000232830644 0.012037036940455437
0 0.5104166865348816 0.11898148059844971 0.0020833334419876337 0.008333333767950535
0 0.5101562738418579 0.11620370298624039 0.0015625000232830644 0.012037036940455437
0 0.5101562738418579 0.11157407611608505 0.0015625000232830644 0.012037036940455437
0 0.5101562738418579 0.11620370298624039 0.0015625000232830644 0.012037036940455437
0 0.5101562738418579 0.11620370298624039 0.0015625000232830644 0.012037036940455437
0 0.5101562738418579 0.11527777463197708 0.0015625000232830644 0.008333333767950535
0 0.5101562738418579 0.11157407611608505 0.0015625000232830644 0.012037036940455437
0 0.5101562738418579 0.11249999701976776 0.0015625000232830644 0.012037036940455437
0 0.5104166865348816 0.11481481790542603 0.0020833334419876337 0.007407407276332378
0 0.5101562738418579 0.11157407611608505 0.0015625000232830644 0.012037036940455437
0 0.5104166865348816 0.11851851642131805 0.0020833334419876337 0.007407407276332378
0 0.5291666388511658 0.1379629671573639 0.0020833334419876337 0.014814814552664757
0 0.5101562738418579 0.11157407611608505 0.0015625000232830644 0.012037036940455437
0 0.47864583134651184 0.16203702986240387 0.0020833334419876337 0.011111111380159855
0 0.5101562738418579 0.1120370402932167 0.0015625000232830644 0.012962962500751019
0 0.5101562738418579 0.10879629850387573 0.0015625000232830644 0.012037036940455437
0 0.8622395992279053 0.1319444477558136 0.004687500186264515 0.013888888992369175
1 0.5526041388511658 0.29490742087364197 0.03541666641831398 0.03611111268401146
1 0.7013021111488342 0.13425925374031067 0.01927083358168602 0.012962962500751019
1 0.9315103888511658 0.1509259194135666 0.03072916716337204 0.01666666753590107
