1 0.696093738079071 0.1319444477558136 0.01927083358168602 0.012037036940455437
1 0.5494791865348816 0.2837963104248047 0.03437500074505806 0.034259259700775146
1 0.9208333492279053 0.1476851850748062 0.02916666679084301 0.015740741044282913
6 0.6049479246139526 0.5856481194496155 0.013020833022892475 0.05648148059844971
6 0.5807291865348816 0.4495370388031006 0.02083333395421505 0.023148147389292717
1 0.8729166388511658 0.11851851642131805 0.01770833320915699 0.011111111380159855
1 0.5364583134651184 0.11666666716337204 0.012500000186264515 0.011111111380159855
1 0.5080729126930237 0.13703703880310059 0.006770833395421505 0.014814814552664757
8 0.5205729007720947 0.11712963134050369 0.00572916679084301 0.010185184888541698
2 0.5026041865348816 0.2490740716457367 0.02395833283662796 0.0833333358168602
0 0.9692708253860474 0.11435185372829437 0.0052083334885537624 0.012037036940455437
0 0.5088541507720947 0.09814814478158951 0.0020833334419876337 0.012962962500751019
0 0.508593738079071 0.10138888657093048 0.0015625000232830644 0.012037036940455437
0 0.508593738079071 0.11666666716337204 0.0026041667442768812 0.007407407276332378
0 0.508593738079071 0.11435185372829437 0.0015625000232830644 0.012037036940455437
0 0.508593738079071 0.11435185372829437 0.0015625000232830644 0.012037036940455437
0 0.508593738079071 0.10972221940755844 0.0015625000232830644 0.012037036940455437
0 0.508593738079071 0.11666666716337204 0.0026041667442768812 0.007407407276332378
0 0.508593738079071 0.11435185372829437 0.0015625000232830644 0.012037036940455437
0 0.508593738079071 0.10972221940755844 0.0015625000232830644 0.012037036940455437
0 0.508593738079071 0.11435185372829437 0.0015625000232830644 0.012037036940455437
0 0.508593738079071 0.11435185372829437 0.0015625000232830644 0.012037036940455437
0 0.508593738079071 0.11342592537403107 0.0015625000232830644 0.008333333767950535
0 0.508593738079071 0.10972221940755844 0.0015625000232830644 0.012037036940455437
0 0.508593738079071 0.11064814776182175 0.0015625000232830644 0.012037036940455437
0 0.508593738079071 0.11296296119689941 0.0026041667442768812 0.007407407276332378
0 0.508593738079071 0.10972221940755844 0.0015625000232830644 0.012037036940455437
0 0.508593738079071 0.11666666716337204 0.0026041667442768812 0.007407407276332378
0 0.5270833373069763 0.13472221791744232 0.0020833334419876337 0.013888888992369175
0 0.508593738079071 0.10972221940755844 0.0015625000232830644 0.012037036940455437
0 0.47708332538604736 0.15925925970077515 0.0020833334419876337 0.011111111380159855
0 0.508593738079071 0.1101851835846901 0.0015625000232830644 0.012962962500751019
0 0.508593738079071 0.10694444179534912 0.0015625000232830644 0.012037036940455437
0 0.8533853888511658 0.12916666269302368 0.004687500186264515 0.013888888992369175
1 0.5492187738418579 0.2837963104248047 0.0338541679084301 0.034259259700775146
1 0.696093738079071 0.1319444477558136 0.01927083358168602 0.012037036940455437
1 0.9208333492279053 0.1476851850748062 0.02916666679084301 0.015740741044282913
