1 0.6559895873069763 0.13703703880310059 0.01927083358168602 0.012962962500751019
1 0.51171875 0.32499998807907104 0.03802083432674408 0.04259259253740311
1 0.8778645992279053 0.14861111342906952 0.02864583395421505 0.015740741044282913
6 0.6031249761581421 0.7731481194496155 0.01979166641831398 0.07962962985038757
1 0.8265625238418579 0.11851851642131805 0.01770833320915699 0.011111111380159855
1 0.49010416865348816 0.1240740716457367 0.01354166679084301 0.011111111380159855
1 0.4606770873069763 0.1449074000120163 0.0078125 0.015740741044282913
2 0.9973958134651184 0.16805554926395416 0.0052083334885537624 0.05462963134050369
8 0.47317707538604736 0.12453703582286835 0.00572916679084301 0.012037036940455437
2 0.45781248807907104 0.2759259343147278 0.02812499925494194 0.09444444626569748
1 0.9091145992279053 0.11990740895271301 0.02239583246409893 0.013888888992369175
0 0.9138020873069763 0.11249999701976776 0.004687500186264515 0.012037036940455437
0 0.4635416567325592 0.10277777910232544 0.0020833334419876337 0.012962962500751019
0 0.46041667461395264 0.10833333432674408 0.0020833334419876337 0.012962962500751019
0 0.4606770873069763 0.12453703582286835 0.0026041667442768812 0.008333333767950535
0 0.46041667461395264 0.12222222238779068 0.0020833334419876337 0.012962962500751019
0 0.46041667461395264 0.12222222238779068 0.0020833334419876337 0.012962962500751019
0 0.46041667461395264 0.11712963134050369 0.0020833334419876337 0.012037036940455437
0 0.4606770873069763 0.125 0.0026041667442768812 0.007407407276332378
0 0.46041667461395264 0.12222222238779068 0.0020833334419876337 0.012962962500751019
0 0.46041667461395264 0.11712963134050369 0.0020833334419876337 0.012037036940455437
0 0.46041667461395264 0.12222222238779068 0.0020833334419876337 0.012962962500751019
0 0.46041667461395264 0.12222222238779068 0.0020833334419876337 0.012962962500751019
0 0.4606770873069763 0.12083332985639572 0.0015625000232830644 0.008333333767950535
0 0.46041667461395264 0.11712963134050369 0.0020833334419876337 0.012037036940455437
0 0.46041667461395264 0.11759259551763535 0.0020833334419876337 0.012962962500751019
0 0.4606770873069763 0.12037037312984467 0.0026041667442768812 0.007407407276332378
0 0.46041667461395264 0.11712963134050369 0.0020833334419876337 0.012037036940455437
0 0.9934895634651184 0.24120371043682098 0.010937499813735485 0.023148147389292717
0 0.4606770873069763 0.12453703582286835 0.0026041667442768812 0.008333333767950535
0 0.48124998807907104 0.14537036418914795 0.0020833334419876337 0.014814814552664757
0 0.46041667461395264 0.11759259551763535 0.0020833334419876337 0.012962962500751019
0 0.4283854067325592 0.1726851910352707 0.0026041667442768812 0.012037036940455437
0 0.46041667461395264 0.11759259551763535 0.0020833334419876337 0.012962962500751019
0 0.46041667461395264 0.11481481790542603 0.0020833334419876337 0.012962962500751019
0 0.8119791746139526 0.13148148357868195 0.004166666883975267 0.012962962500751019
1 0.51171875 0.32499998807907104 0.03802083432674408 0.04259259253740311
1 0.6559895873069763 0.13703703880310059 0.01927083358168602 0.012962962500751019
1 0.8778645992279053 0.14861111342906952 0.02864583395421505 0.015740741044282913
