1 0.6669270992279053 0.13703703880310059 0.01927083358168602 0.012962962500751019
1 0.5218750238418579 0.32083332538604736 0.03750000149011612 0.0416666679084301
1 0.8916666507720947 0.15000000596046448 0.02916666679084301 0.01666666753590107
6 0.6075521111488342 0.7523148059844971 0.01927083358168602 0.07685185223817825
6 0.5666666626930237 0.5435185432434082 0.02500000037252903 0.02777777798473835
1 0.8401041626930237 0.11944444477558136 0.01770833320915699 0.011111111380159855
1 0.5013020634651184 0.12314815074205399 0.013020833022892475 0.011111111380159855
1 0.47187501192092896 0.14398148655891418 0.0072916666977107525 0.015740741044282913
8 0.4846354126930237 0.1240740716457367 0.00572916679084301 0.011111111380159855
2 0.46822917461395264 0.2726851999759674 0.02708333358168602 0.09351851791143417
1 0.9244791865348816 0.12083332985639572 0.02291666716337204 0.013888888992369175
0 0.9296875 0.11435185372829437 0.0052083334885537624 0.012037036940455437
0 0.4749999940395355 0.10185185074806213 0.0020833334419876337 0.012962962500751019
0 0.47187501192092896 0.10740740597248077 0.0020833334419876337 0.012962962500751019
0 0.47213542461395264 0.12361110746860504 0.0026041667442768812 0.008333333767950535
0 0.47187501192092896 0.12129629403352737 0.0020833334419876337 0.012962962500751019
0 0.47187501192092896 0.12129629403352737 0.0020833334419876337 0.012962962500751019
0 0.47187501192092896 0.11666666716337204 0.0020833334419876337 0.012962962500751019
0 0.47213542461395264 0.1240740716457367 0.0026041667442768812 0.007407407276332378
0 0.47187501192092896 0.12129629403352737 0.0020833334419876337 0.012962962500751019
0 0.47187501192092896 0.11666666716337204 0.0020833334419876337 0.012962962500751019
0 0.47187501192092896 0.12129629403352737 0.0020833334419876337 0.012962962500751019
0 0.47187501192092896 0.12129629403352737 0.0020833334419876337 0.012962962500751019
0 0.47187501192092896 0.12037037312984467 0.0020833334419876337 0.009259259328246117
0 0.47187501192092896 0.11666666716337204 0.0020833334419876337 0.012962962500751019
0 0.47187501192092896 0.11666666716337204 0.0020833334419876337 0.012962962500751019
0 0.47213542461395264 0.11944444477558136 0.0026041667442768812 0.007407407276332378
0 0.47187501192092896 0.11666666716337204 0.0020833334419876337 0.012962962500751019
0 0.47213542461395264 0.12361110746860504 0.0026041667442768812 0.008333333767950535
0 0.49270832538604736 0.14444445073604584 0.0020833334419876337 0.014814814552664757
0 0.47187501192092896 0.11666666716337204 0.0020833334419876337 0.012962962500751019
0 0.4398437440395355 0.17083333432674408 0.0026041667442768812 0.012037036940455437
0 0.47187501192092896 0.11666666716337204 0.0020833334419876337 0.012962962500751019
0 0.47187501192092896 0.11388888955116272 0.0020833334419876337 0.012962962500751019
0 0.8247395753860474 0.1319444477558136 0.004687500186264515 0.013888888992369175
1 0.5218750238418579 0.32083332538604736 0.03750000149011612 0.0416666679084301
1 0.6669270992279053 0.13703703880310059 0.01927083358168602 0.012962962500751019
1 0.8916666507720947 0.15000000596046448 0.02916666679084301 0.01666666753590107
