1 0.9203125238418579 0.14629629254341125 0.02604166604578495 0.01666666753590107
1 0.5544270873069763 0.13842593133449554 0.01822916604578495 0.013888888992369175
1 0.9286458492279053 0.19212962687015533 0.01666666753590107 0.017592592164874077
1 0.4169270694255829 0.36342594027519226 0.04322916641831398 0.05092592537403107
1 0.7567708492279053 0.13935184478759766 0.02395833283662796 0.013888888992369175
6 0.5565103888511658 0.949999988079071 0.02760416641831398 0.10000000149011612
6 0.4856770932674408 0.6499999761581421 0.02864583395421505 0.03888889029622078
1 0.7093750238418579 0.1120370402932167 0.014583333395421505 0.011111111380159855
1 0.3838541805744171 0.13240741193294525 0.014583333395421505 0.012962962500751019
1 0.3528645932674408 0.15509259700775146 0.008854166604578495 0.017592592164874077
2 0.8807291388511658 0.1527777761220932 0.04791666567325592 0.04814814776182175
8 0.3656249940395355 0.13379628956317902 0.0072916666977107525 0.012037036940455437
7 0.8934895992279053 0.21481481194496155 0.01927083358168602 0.02222222276031971
2 0.3531250059604645 0.3055555522441864 0.0364583320915699 0.10925926268100739
1 0.7791666388511658 0.10972221940755844 0.01770833320915699 0.013888888992369175
0 0.78125 0.10277777910232544 0.0031250000465661287 0.011111111380159855
0 0.3541666567325592 0.11620370298624039 0.0031250000465661287 0.013888888992369175
0 0.3505208194255829 0.11712963134050369 0.0031250000465661287 0.013888888992369175
0 0.35208332538604736 0.13472221791744232 0.0031250000465661287 0.008333333767950535
0 0.3518229126930237 0.1319444477558136 0.0026041667442768812 0.013888888992369175
0 0.3518229126930237 0.1319444477558136 0.0026041667442768812 0.013888888992369175
0 0.3513020873069763 0.12638889253139496 0.0026041667442768812 0.013888888992369175
0 0.35208332538604736 0.13472221791744232 0.0031250000465661287 0.008333333767950535
0 0.3518229126930237 0.1319444477558136 0.0026041667442768812 0.013888888992369175
0 0.3513020873069763 0.12638889253139496 0.0026041667442768812 0.013888888992369175
0 0.3518229126930237 0.1319444477558136 0.0026041667442768812 0.013888888992369175
0 0.3518229126930237 0.1319444477558136 0.0026041667442768812 0.013888888992369175
0 0.3518229126930237 0.13055555522441864 0.0026041667442768812 0.009259259328246117
0 0.3513020873069763 0.12638889253139496 0.0026041667442768812 0.013888888992369175
0 0.3515625 0.12731482088565826 0.0031250000465661287 0.013888888992369175
0 0.3515625 0.12962962687015533 0.0031250000465661287 0.009259259328246117
0 0.3513020873069763 0.12638889253139496 0.0026041667442768812 0.013888888992369175
0 0.866406261920929 0.2240740805864334 0.0078125 0.02222222276031971
0 0.35208332538604736 0.13472221791744232 0.0031250000465661287 0.008333333767950535
0 0.37552082538604736 0.15694443881511688 0.0031250000465661287 0.015740741044282913
0 0.8999999761581421 0.10462962836027145 0.004166666883975267 0.011111111380159855
0 0.3513020873069763 0.12638889253139496 0.0026041667442768812 0.013888888992369175
0 0.3174479305744171 0.18981482088565826 0.0036458333488553762 0.012962962500751019
0 0.3515625 0.12731482088565826 0.0031250000465661287 0.013888888992369175
0 0.35104167461395264 0.12361110746860504 0.0031250000465661287 0.013888888992369175
0 0.69921875 0.125 0.0036458333488553762 0.012962962500751019
0 0.9005208611488342 0.09583333134651184 0.004166666883975267 0.010185184888541698
0 0.9744791388511658 0.13379628956317902 0.0062500000931322575 0.013888888992369175
1 0.9203125238418579 0.14629629254341125 0.02604166604578495 0.01666666753590107
1 0.4169270694255829 0.36342594027519226 0.04322916641831398 0.05092592537403107
1 0.5544270873069763 0.13842593133449554 0.01822916604578495 0.013888888992369175
1 0.9286458492279053 0.19212962687015533 0.01666666753590107 0.017592592164874077
1 0.7567708492279053 0.13935184478759766 0.02395833283662796 0.013888888992369175
