1 0.9856770634651184 0.15416666865348816 0.02864583395421505 0.017592592164874077
1 0.5989583134651184 0.13703703880310059 0.01875000074505806 0.012962962500751019
1 0.9911458492279053 0.2013888955116272 0.01770833320915699 0.01944444514811039
1 0.46015626192092896 0.3444444537162781 0.04010416567325592 0.046296294778585434
1 0.8080729246139526 0.14259259402751923 0.02552083320915699 0.014814814552664757
6 0.5765625238418579 0.8634259104728699 0.02395833283662796 0.09166666865348816
6 0.5190104246139526 0.6037036776542664 0.02656250074505806 0.03333333507180214
1 0.7593749761581421 0.11435185372829437 0.015625 0.012037036940455437
1 0.43177083134651184 0.12777778506278992 0.01354166679084301 0.012962962500751019
1 0.40182292461395264 0.14907407760620117 0.0078125 0.01666666753590107
2 0.940625011920929 0.15925925970077515 0.05312500149011612 0.04814814776182175
8 0.4143229126930237 0.12916666269302368 0.006770833395421505 0.012037036940455437
7 0.9507812261581421 0.22268518805503845 0.02135416679084301 0.023148147389292717
2 0.4010416567325592 0.2907407283782959 0.03229166567325592 0.10185185074806213
1 0.8338541388511658 0.11342592537403107 0.01979166641831398 0.013888888992369175
0 0.836718738079071 0.10648148506879807 0.0036458333488553762 0.011111111380159855
0 0.4036458432674408 0.10925926268100739 0.0020833334419876337 0.012962962500751019
0 0.40026041865348816 0.11249999701976776 0.0026041667442768812 0.013888888992369175
0 0.4013020694255829 0.12916666269302368 0.0026041667442768812 0.008333333767950535
0 0.4013020694255829 0.1268518567085266 0.0026041667442768812 0.012962962500751019
0 0.4013020694255829 0.1268518567085266 0.0026041667442768812 0.012962962500751019
0 0.4007812440395355 0.12175925821065903 0.0026041667442768812 0.013888888992369175
0 0.4013020694255829 0.12962962687015533 0.0026041667442768812 0.007407407276332378
0 0.4013020694255829 0.1268518567085266 0.0026041667442768812 0.012962962500751019
0 0.4007812440395355 0.12175925821065903 0.0026041667442768812 0.013888888992369175
0 0.4013020694255829 0.1268518567085266 0.0026041667442768812 0.012962962500751019
0 0.4013020694255829 0.1268518567085266 0.0026041667442768812 0.012962962500751019
0 0.4010416567325592 0.12546296417713165 0.0020833334419876337 0.010185184888541698
0 0.4007812440395355 0.12175925821065903 0.0026041667442768812 0.013888888992369175
0 0.4007812440395355 0.12222222238779068 0.0026041667442768812 0.012962962500751019
0 0.4010416567325592 0.12453703582286835 0.0031250000465661287 0.008333333767950535
0 0.4007812440395355 0.12175925821065903 0.0026041667442768812 0.013888888992369175
0 0.9197916388511658 0.23055554926395416 0.00937500037252903 0.02222222276031971
0 0.4013020694255829 0.12916666269302368 0.0026041667442768812 0.008333333767950535
0 0.42369791865348816 0.1509259194135666 0.0026041667442768812 0.014814814552664757
0 0.9664062261581421 0.11064814776182175 0.004687500186264515 0.012037036940455437
0 0.4007812440395355 0.12175925821065903 0.0026041667442768812 0.013888888992369175
0 0.3682291805744171 0.1814814805984497 0.0031250000465661287 0.012962962500751019
0 0.4007812440395355 0.12222222238779068 0.0026041667442768812 0.012962962500751019
0 0.4007812440395355 0.11898148059844971 0.0026041667442768812 0.013888888992369175
0 0.7473958134651184 0.12731482088565826 0.004166666883975267 0.013888888992369175
0 0.9674479365348816 0.10138888657093048 0.004687500186264515 0.010185184888541698
1 0.9856770634651184 0.15416666865348816 0.02864583395421505 0.017592592164874077
1 0.46015626192092896 0.3444444537162781 0.04010416567325592 0.046296294778585434
1 0.5989583134651184 0.13703703880310059 0.01875000074505806 0.012962962500751019
1 0.9911458492279053 0.2013888955116272 0.01770833320915699 0.01944444514811039
1 0.8080729246139526 0.14259259402751923 0.02552083320915699 0.014814814552664757
