1 0.9390624761581421 0.14861111342906952 0.02708333358168602 0.017592592164874077
1 0.5677083134651184 0.13750000298023224 0.01770833320915699 0.013888888992369175
1 0.9463541507720947 0.1944444477558136 0.01666666753590107 0.018518518656492233
1 0.4299479126930237 0.3569444417953491 0.04218750074505806 0.049074072390794754
1 0.7716146111488342 0.14027777314186096 0.02447916753590107 0.013888888992369175
6 0.5622395873069763 0.9203703999519348 0.02656250074505806 0.10000000149011612
6 0.49557292461395264 0.6337962746620178 0.02760416641831398 0.03611111268401146
1 0.7236979007720947 0.11249999701976776 0.015104166232049465 0.012037036940455437
1 0.3984375 0.13055555522441864 0.014583333395421505 0.012962962500751019
1 0.36770832538604736 0.15324074029922485 0.008333333767950535 0.017592592164874077
2 0.897656261920929 0.1546296328306198 0.0494791679084301 0.04814814776182175
8 0.3804687559604645 0.13240741193294525 0.006770833395421505 0.012962962500751019
7 0.9096354246139526 0.21666666865348816 0.02031249925494194 0.02222222276031971
2 0.36796873807907104 0.3004629611968994 0.03489583358168602 0.10648148506879807
1 0.7947916388511658 0.11064814776182175 0.01875000074505806 0.013888888992369175
0 0.7971354126930237 0.10370370000600815 0.0036458333488553762 0.011111111380159855
0 0.36927083134651184 0.11342592537403107 0.0031250000465661287 0.013888888992369175
0 0.3656249940395355 0.11527777463197708 0.0031250000465661287 0.013888888992369175
0 0.3669270873069763 0.1328703761100769 0.0026041667442768812 0.008333333767950535
0 0.36666667461395264 0.130092591047287 0.0031250000465661287 0.013888888992369175
0 0.36666667461395264 0.130092591047287 0.0031250000465661287 0.013888888992369175
0 0.36640626192092896 0.12453703582286835 0.0026041667442768812 0.013888888992369175
0 0.3669270873069763 0.1328703761100769 0.0026041667442768812 0.008333333767950535
0 0.36666667461395264 0.130092591047287 0.0031250000465661287 0.013888888992369175
0 0.36640626192092896 0.12453703582286835 0.0026041667442768812 0.013888888992369175
0 0.36666667461395264 0.130092591047287 0.0031250000465661287 0.013888888992369175
0 0.36666667461395264 0.130092591047287 0.0031250000465661287 0.013888888992369175
0 0.36666667461395264 0.12870369851589203 0.0020833334419876337 0.009259259328246117
0 0.36640626192092896 0.12453703582286835 0.0026041667442768812 0.013888888992369175
0 0.36640626192092896 0.12546296417713165 0.0026041667442768812 0.013888888992369175
0 0.36666667461395264 0.12824073433876038 0.0031250000465661287 0.008333333767950535
0 0.36640626192092896 0.12453703582286835 0.0026041667442768812 0.013888888992369175
0 0.8815104365348816 0.22546295821666718 0.0078125 0.021296296268701553
0 0.3669270873069763 0.1328703761100769 0.0026041667442768812 0.008333333767950535
0 0.39010417461395264 0.15509259700775146 0.0031250000465661287 0.015740741044282913
0 0.918749988079071 0.10648148506879807 0.004166666883975267 0.011111111380159855
0 0.36640626192092896 0.12453703582286835 0.0026041667442768812 0.013888888992369175
0 0.3330729305744171 0.18703703582286835 0.0036458333488553762 0.012962962500751019
0 0.36640626192092896 0.12546296417713165 0.0026041667442768812 0.013888888992369175
0 0.3661458194255829 0.12175925821065903 0.0031250000465661287 0.013888888992369175
0 0.7132812738418579 0.1259259283542633 0.0036458333488553762 0.012962962500751019
0 0.9192708134651184 0.0972222238779068 0.004166666883975267 0.011111111380159855
0 0.995312511920929 0.13657407462596893 0.0062500000931322575 0.013888888992369175
1 0.9390624761581421 0.14861111342906952 0.02708333358168602 0.017592592164874077
1 0.4299479126930237 0.3569444417953491 0.04218750074505806 0.049074072390794754
1 0.5677083134651184 0.13750000298023224 0.01770833320915699 0.013888888992369175
1 0.9463541507720947 0.1944444477558136 0.01666666753590107 0.018518518656492233
1 0.7716146111488342 0.14027777314186096 0.02447916753590107 0.013888888992369175
