1 0.9002603888511658 0.14444445073604584 0.02552083320915699 0.01666666753590107
1 0.5403645634651184 0.13842593133449554 0.01822916604578495 0.013888888992369175
1 0.9096354246139526 0.18981482088565826 0.01614583283662796 0.018518518656492233
1 0.40234375 0.37037035822868347 0.0442708320915699 0.051851850003004074
1 0.7408854365348816 0.13842593133449554 0.0234375 0.013888888992369175
6 0.550000011920929 0.9657407402992249 0.02916666679084301 0.06851851940155029
6 0.47447916865348816 0.6675925850868225 0.02916666679084301 0.040740739554166794
1 0.9510416388511658 0.16111111640930176 0.02291666716337204 0.01666666753590107
1 0.6937500238418579 0.1111111119389534 0.014583333395421505 0.011111111380159855
1 0.36796873807907104 0.13379628956317902 0.015104166232049465 0.013888888992369175
1 0.3361979126930237 0.15694443881511688 0.008854166604578495 0.017592592164874077
2 0.8622395992279053 0.15138888359069824 0.04635416716337204 0.04722222313284874
8 0.34947916865348816 0.13611111044883728 0.0072916666977107525 0.012962962500751019
7 0.875781238079071 0.21296297013759613 0.01927083358168602 0.02222222276031971
2 0.33671873807907104 0.31111112236976624 0.03802083432674408 0.1111111119389534
1 0.762499988079071 0.10879629850387573 0.01770833320915699 0.013888888992369175
0 0.7640625238418579 0.10185185074806213 0.0031250000465661287 0.011111111380159855
0 0.3375000059604645 0.11898148059844971 0.0031250000465661287 0.013888888992369175
0 0.33385416865348816 0.11898148059844971 0.0031250000465661287 0.013888888992369175
0 0.33541667461395264 0.13657407462596893 0.0031250000465661287 0.008333333767950535
0 0.33541667461395264 0.13379628956317902 0.0031250000465661287 0.013888888992369175
0 0.33541667461395264 0.13379628956317902 0.0031250000465661287 0.013888888992369175
0 0.3348958194255829 0.12824073433876038 0.0031250000465661287 0.013888888992369175
0 0.33541667461395264 0.13657407462596893 0.0031250000465661287 0.008333333767950535
0 0.33541667461395264 0.13379628956317902 0.0031250000465661287 0.013888888992369175
0 0.3348958194255829 0.12824073433876038 0.0031250000465661287 0.013888888992369175
0 0.33541667461395264 0.13379628956317902 0.0031250000465661287 0.013888888992369175
0 0.33541667461395264 0.13379628956317902 0.0031250000465661287 0.013888888992369175
0 0.33515626192092896 0.13240741193294525 0.0026041667442768812 0.009259259328246117
0 0.3348958194255829 0.12824073433876038 0.0031250000465661287 0.013888888992369175
0 0.3348958194255829 0.12916666269302368 0.0031250000465661287 0.013888888992369175
0 0.3348958194255829 0.13148148357868195 0.0031250000465661287 0.009259259328246117
0 0.3348958194255829 0.12824073433876038 0.0031250000465661287 0.013888888992369175
0 0.8500000238418579 0.2222222238779068 0.0072916666977107525 0.02222222276031971
0 0.33541667461395264 0.13657407462596893 0.0031250000465661287 0.008333333767950535
0 0.3596354126930237 0.1587962955236435 0.0036458333488553762 0.015740741044282913
0 0.8802083134651184 0.10277777910232544 0.004166666883975267 0.011111111380159855
0 0.3348958194255829 0.12824073433876038 0.0031250000465661287 0.013888888992369175
0 0.30026042461395264 0.1935185194015503 0.0036458333488553762 0.012962962500751019
0 0.3348958194255829 0.12916666269302368 0.0031250000465661287 0.013888888992369175
0 0.3343749940395355 0.12546296417713165 0.0031250000465661287 0.013888888992369175
0 0.6838541626930237 0.125 0.0031250000465661287 0.012962962500751019
0 0.8799479007720947 0.09398148208856583 0.0036458333488553762 0.010185184888541698
0 0.9822916388511658 0.13657407462596893 0.0062500000931322575 0.013888888992369175
0 0.952343761920929 0.13148148357868195 0.00572916679084301 0.012962962500751019
1 0.9002603888511658 0.14444445073604584 0.02552083320915699 0.01666666753590107
1 0.40234375 0.37037035822868347 0.0442708320915699 0.051851850003004074
1 0.5403645634651184 0.13842593133449554 0.01822916604578495 0.013888888992369175
1 0.9096354246139526 0.18981482088565826 0.01614583283662796 0.018518518656492233
1 0.7408854365348816 0.13842593133449554 0.0234375 0.013888888992369175
