1 0.7622395753860474 0.1310185194015503 0.02031249925494194 0.015740741044282913
1 0.43046873807907104 0.14398148655891418 0.01927083358168602 0.015740741044282913
1 0.7744791507720947 0.1736111044883728 0.012500000186264515 0.015740741044282913
1 0.28697916865348816 0.4254629611968994 0.05416666716337204 0.06388889253139496
1 0.625 0.13333334028720856 0.02083333395421505 0.012962962500751019
4 0.9716145992279053 0.10046296566724777 0.05677083507180214 0.03981481492519379
6 0.901562511920929 0.23472222685813904 0.014583333395421505 0.015740741044282913
6 0.3877604305744171 0.7893518805503845 0.03697916492819786 0.05648148059844971
1 0.8044270873069763 0.14444445073604584 0.01822916604578495 0.014814814552664757
1 0.5794270634651184 0.10833333432674408 0.013020833022892475 0.011111111380159855
1 0.2395833283662796 0.14907407760620117 0.01875000074505806 0.014814814552664757
1 0.4635416567325592 0.1259259283542633 0.014583333395421505 0.012962962500751019
1 0.2018229216337204 0.17592592537403107 0.01197916641831398 0.020370369777083397
2 0.7320312261581421 0.1398148089647293 0.03697916492819786 0.04444444552063942
8 0.2174479216337204 0.15231481194496155 0.00989583320915699 0.013888888992369175
7 0.7489583492279053 0.19768518209457397 0.015625 0.021296296268701553
2 0.20338541269302368 0.3583333194255829 0.05260416492819786 0.13148148357868195
1 0.641406238079071 0.10277777910232544 0.015104166232049465 0.012962962500751019
0 0.20703125 0.1398148089647293 0.004687500186264515 0.014814814552664757
0 0.19765624403953552 0.13472221791744232 0.004687500186264515 0.015740741044282913
0 0.20078125596046448 0.1537037044763565 0.004687500186264515 0.009259259328246117
0 0.20026041567325592 0.1509259194135666 0.004687500186264515 0.014814814552664757
0 0.20026041567325592 0.1509259194135666 0.004687500186264515 0.014814814552664757
0 0.19921875 0.1449074000120163 0.004687500186264515 0.015740741044282913
0 0.20078125596046448 0.15416666865348816 0.004687500186264515 0.010185184888541698
0 0.20026041567325592 0.1509259194135666 0.004687500186264515 0.014814814552664757
0 0.19921875 0.1449074000120163 0.004687500186264515 0.015740741044282913
0 0.20026041567325592 0.1509259194135666 0.004687500186264515 0.014814814552664757
0 0.20026041567325592 0.1509259194135666 0.004687500186264515 0.014814814552664757
0 0.20000000298023224 0.14907407760620117 0.004166666883975267 0.011111111380159855
0 0.19921875 0.1449074000120163 0.004687500186264515 0.015740741044282913
0 0.19921875 0.1458333283662796 0.004687500186264515 0.015740741044282913
0 0.19973959028720856 0.14861111342906952 0.004687500186264515 0.010185184888541698
0 0.19921875 0.1449074000120163 0.004687500186264515 0.015740741044282913
0 0.7294270992279053 0.2092592567205429 0.00572916679084301 0.020370369777083397
0 0.20078125596046448 0.1537037044763565 0.004687500186264515 0.009259259328246117
0 0.23020833730697632 0.17870371043682098 0.0052083334885537624 0.018518518656492233
0 0.7419270873069763 0.09305555373430252 0.0026041667442768812 0.010185184888541698
0 0.19921875 0.1449074000120163 0.004687500186264515 0.015740741044282913
0 0.15807291865348816 0.22268518805503845 0.00572916679084301 0.015740741044282913
0 0.19921875 0.1458333283662796 0.004687500186264515 0.015740741044282913
0 0.19869790971279144 0.14212962985038757 0.004687500186264515 0.015740741044282913
0 0.5721353888511658 0.12222222238779068 0.0026041667442768812 0.012962962500751019
0 0.7408854365348816 0.08518518507480621 0.0026041667442768812 0.009259259328246117
0 0.8270833492279053 0.12037037312984467 0.004166666883975267 0.012962962500751019
0 0.801562488079071 0.11712963134050369 0.004166666883975267 0.012037036940455437
1 0.7622395753860474 0.1310185194015503 0.02031249925494194 0.015740741044282913
1 0.28697916865348816 0.4254629611968994 0.05416666716337204 0.06388889253139496
1 0.43046873807907104 0.14398148655891418 0.01927083358168602 0.015740741044282913
1 0.7744791507720947 0.1736111044883728 0.012500000186264515 0.015740741044282913
1 0.625 0.13333334028720856 0.02083333395421505 0.012962962500751019
4 0.9716145992279053 0.10046296566724777 0.05677083507180214 0.03981481492519379
