1 0.874218761920929 0.14166666567325592 0.02447916753590107 0.01666666753590107
1 0.5210937261581421 0.13935184478759766 0.01822916604578495 0.013888888992369175
1 0.8841145634651184 0.1865740716457367 0.015104166232049465 0.017592592164874077
1 0.3830729126930237 0.3791666626930237 0.04531250149011612 0.05462963134050369
1 0.7197916507720947 0.13703703880310059 0.02291666716337204 0.012962962500751019
6 0.4596354067325592 0.6879629492759705 0.03072916716337204 0.04259259253740311
6 0.9911458492279053 0.24444444477558136 0.01666666753590107 0.01666666753590107
1 0.9231770634651184 0.1578703671693802 0.02239583246409893 0.015740741044282913
1 0.672656238079071 0.1101851835846901 0.01406249962747097 0.011111111380159855
1 0.3466145694255829 0.13611111044883728 0.01614583283662796 0.012962962500751019
1 0.3140625059604645 0.1597222238779068 0.00937500037252903 0.017592592164874077
2 0.8377603888511658 0.14861111342906952 0.0442708320915699 0.04722222313284874
8 0.3278645873069763 0.1379629671573639 0.0078125 0.012962962500751019
7 0.852343738079071 0.2092592567205429 0.01822916604578495 0.02222222276031971
2 0.3148437440395355 0.31805557012557983 0.04010416567325592 0.11388888955116272
1 0.7398437261581421 0.10740740597248077 0.01718750037252903 0.012962962500751019
0 0.7411458492279053 0.10092592239379883 0.0031250000465661287 0.011111111380159855
0 0.31588542461395264 0.12268518656492233 0.0036458333488553762 0.013888888992369175
0 0.3114583194255829 0.12083332985639572 0.0031250000465661287 0.013888888992369175
0 0.31328123807907104 0.1388888955116272 0.0036458333488553762 0.009259259328246117
0 0.31302082538604736 0.13611111044883728 0.0031250000465661287 0.014814814552664757
0 0.31302082538604736 0.13611111044883728 0.0031250000465661287 0.014814814552664757
0 0.3125 0.13055555522441864 0.0031250000465661287 0.014814814552664757
0 0.31328123807907104 0.1388888955116272 0.0036458333488553762 0.009259259328246117
0 0.31302082538604736 0.13611111044883728 0.0031250000465661287 0.014814814552664757
0 0.3125 0.13055555522441864 0.0031250000465661287 0.014814814552664757
0 0.31302082538604736 0.13611111044883728 0.0031250000465661287 0.014814814552664757
0 0.31302082538604736 0.13611111044883728 0.0031250000465661287 0.014814814552664757
0 0.3127604126930237 0.13472221791744232 0.0026041667442768812 0.010185184888541698
0 0.3125 0.13055555522441864 0.0031250000465661287 0.014814814552664757
0 0.3125 0.1310185194015503 0.0031250000465661287 0.013888888992369175
0 0.3127604126930237 0.13379628956317902 0.0036458333488553762 0.008333333767950535
0 0.3125 0.13055555522441864 0.0031250000465661287 0.014814814552664757
0 0.828125 0.21944443881511688 0.0072916666977107525 0.02222222276031971
0 0.31328123807907104 0.1388888955116272 0.0036458333488553762 0.009259259328246117
0 0.3382812440395355 0.16203702986240387 0.0036458333488553762 0.01666666753590107
0 0.8539062738418579 0.10092592239379883 0.0036458333488553762 0.011111111380159855
0 0.3125 0.13055555522441864 0.0031250000465661287 0.014814814552664757
0 0.2770833373069763 0.19768518209457397 0.004166666883975267 0.013888888992369175
0 0.3125 0.1310185194015503 0.0031250000465661287 0.013888888992369175
0 0.3122395873069763 0.12777778506278992 0.0036458333488553762 0.014814814552664757
0 0.6638020873069763 0.1240740716457367 0.0026041667442768812 0.012962962500751019
0 0.8536458611488342 0.09212963283061981 0.0031250000465661287 0.010185184888541698
0 0.9234374761581421 0.12824073433876038 0.0052083334885537624 0.013888888992369175
1 0.874218761920929 0.14166666567325592 0.02447916753590107 0.01666666753590107
1 0.3830729126930237 0.3791666626930237 0.04531250149011612 0.05462963134050369
1 0.5210937261581421 0.13935184478759766 0.01822916604578495 0.013888888992369175
1 0.8841145634651184 0.1865740716457367 0.015104166232049465 0.017592592164874077
1 0.7197916507720947 0.13703703880310059 0.02291666716337204 0.012962962500751019
