1 0.589062511920929 0.12361110746860504 0.01770833320915699 0.013888888992369175
1 0.24843749403953552 0.1657407432794571 0.02500000037252903 0.018518518656492233
1 0.6052083373069763 0.1648148149251938 0.010416666977107525 0.014814814552664757
1 0.05442708358168602 0.5814814567565918 0.0911458358168602 0.09814814478158951
1 0.4625000059604645 0.13564814627170563 0.01979166641831398 0.013888888992369175
4 0.9877604246139526 0.17407406866550446 0.02447916753590107 0.0833333358168602
4 0.75 0.08425925672054291 0.03958333283662796 0.03703703731298447
6 0.7161458134651184 0.21157407760620117 0.01145833358168602 0.013888888992369175
6 0.8023437261581421 0.23148147761821747 0.01406249962747097 0.01666666753590107
6 0.8182291388511658 0.23287037014961243 0.014583333395421505 0.017592592164874077
1 0.6263020634651184 0.13379628956317902 0.01406249962747097 0.013888888992369175
1 0.4138020873069763 0.11249999701976776 0.013020833022892475 0.012037036940455437
8 0.9794270992279053 0.21990740299224854 0.01197916641831398 0.021296296268701553
1 0.98828125 0.14444445073604584 0.01406249962747097 0.014814814552664757
1 0.2914062440395355 0.14027777314186096 0.01822916604578495 0.015740741044282913
7 0.984375 0.20787036418914795 0.01145833358168602 0.01944444514811039
2 0.5640624761581421 0.13518518209457397 0.03020833246409893 0.04444444552063942
7 0.5861979126930237 0.19120369851589203 0.013020833022892475 0.01944444514811039
8 0.9820312261581421 0.21296297013759613 0.008854166604578495 0.02222222276031971
1 0.4755208194255829 0.10324074327945709 0.01354166679084301 0.013888888992369175
0 0.957812488079071 0.15000000596046448 0.0052083334885537624 0.009259259328246117
0 0.9986979365348816 0.09861110895872116 0.0026041667442768812 0.010185184888541698
0 0.5713541507720947 0.20648148655891418 0.004166666883975267 0.020370369777083397
0 0.9437500238418579 0.17129629850387573 0.0062500000931322575 0.01666666753590107
0 0.9989583492279053 0.08888889104127884 0.0020833334419876337 0.0055555556900799274
0 0.9697916507720947 0.13148148357868195 0.0052083334885537624 0.012962962500751019
0 0.5674479007720947 0.08796296268701553 0.0015625000232830644 0.009259259328246117
0 0.96875 0.14861111342906952 0.0052083334885537624 0.010185184888541698
0 0.6520833373069763 0.11064814776182175 0.0020833334419876337 0.012037036940455437
0 0.4085937440395355 0.12870369851589203 0.0026041667442768812 0.012962962500751019
0 0.5653645992279053 0.08009259402751923 0.0015625000232830644 0.008333333767950535
0 0.7895833253860474 0.06990740448236465 0.0020833334419876337 0.008333333767950535
0 0.96484375 0.13472221791744232 0.00572916679084301 0.013888888992369175
0 0.9361979365348816 0.182407408952713 0.006770833395421505 0.018518518656492233
0 0.6434895992279053 0.10972221940755844 0.0026041667442768812 0.012037036940455437
0 0.6197916865348816 0.10740740597248077 0.0020833334419876337 0.011111111380159855
0 0.9976562261581421 0.09398148208856583 0.0036458333488553762 0.010185184888541698
0 0.9651041626930237 0.15601852536201477 0.0062500000931322575 0.015740741044282913
1 0.589062511920929 0.12361110746860504 0.01770833320915699 0.013888888992369175
1 0.05442708358168602 0.5814814567565918 0.0911458358168602 0.09814814478158951
1 0.24843749403953552 0.1657407432794571 0.02500000037252903 0.018518518656492233
1 0.6052083373069763 0.1648148149251938 0.010416666977107525 0.014814814552664757
1 0.4625000059604645 0.13564814627170563 0.01979166641831398 0.013888888992369175
4 0.9877604246139526 0.17407406866550446 0.02447916753590107 0.0833333358168602
4 0.75 0.08425925672054291 0.03958333283662796 0.03703703731298447
