1 0.6182291507720947 0.12453703582286835 0.01770833320915699 0.013888888992369175
1 0.28307291865348816 0.1606481522321701 0.0234375 0.017592592164874077
1 0.633593738079071 0.1657407432794571 0.010937499813735485 0.014814814552664757
1 0.10234375298023224 0.5467592477798462 0.08177082985639572 0.08981481194496155
1 0.4911458194255829 0.13472221791744232 0.01979166641831398 0.013888888992369175
4 0.7846354246139526 0.08611111342906952 0.04218750074505806 0.03703703731298447
6 0.7463541626930237 0.2143518477678299 0.01145833358168602 0.013888888992369175
6 0.8356770873069763 0.23657406866550446 0.015104166232049465 0.017592592164874077
6 0.852343738079071 0.23796296119689941 0.015104166232049465 0.018518518656492233
1 0.6557291746139526 0.13472221791744232 0.014583333395421505 0.013888888992369175
1 0.44348958134651184 0.11157407611608505 0.013020833022892475 0.012037036940455437
1 0.03697916492819786 0.18425926566123962 0.02812499925494194 0.020370369777083397
1 0.32369792461395264 0.13703703880310059 0.01718750037252903 0.014814814552664757
2 0.5927083492279053 0.13518518209457397 0.03125 0.04444444552063942
8 0.0065104165114462376 0.19074073433876038 0.013020833022892475 0.018518518656492233
7 0.6138020753860474 0.19166666269302368 0.013020833022892475 0.020370369777083397
2 0.00937500037252903 0.46851852536201477 0.01875000074505806 0.1796296238899231
1 0.5044270753860474 0.10277777910232544 0.01406249962747097 0.012962962500751019
0 0.598437488079071 0.20555555820465088 0.004166666883975267 0.020370369777083397
0 0.9880208373069763 0.17824074625968933 0.0072916666977107525 0.017592592164874077
0 0.02317708358168602 0.2231481522321701 0.008854166604578495 0.02222222276031971
0 0.596875011920929 0.08796296268701553 0.0020833334419876337 0.009259259328246117
0 0.6825520992279053 0.11157407611608505 0.0026041667442768812 0.012037036940455437
0 0.43802082538604736 0.1268518567085266 0.0020833334419876337 0.012962962500751019
0 0.5947916507720947 0.08055555820465088 0.0020833334419876337 0.009259259328246117
0 0.9794270992279053 0.18888889253139496 0.0078125 0.018518518656492233
0 0.6736978888511658 0.11064814776182175 0.0026041667442768812 0.012037036940455437
0 0.6497395634651184 0.10833333432674408 0.0026041667442768812 0.011111111380159855
1 0.6182291507720947 0.12453703582286835 0.01770833320915699 0.013888888992369175
1 0.10234375298023224 0.5467592477798462 0.08177082985639572 0.08981481194496155
1 0.28307291865348816 0.1606481522321701 0.0234375 0.017592592164874077
1 0.633593738079071 0.1657407432794571 0.010937499813735485 0.014814814552664757
1 0.4911458194255829 0.13472221791744232 0.01979166641831398 0.013888888992369175
4 0.7846354246139526 0.08611111342906952 0.04218750074505806 0.03703703731298447
