1 0.4664062559604645 0.12546296417713165 0.01718750037252903 0.013888888992369175
1 0.07421875 0.19722221791744232 0.0338541679084301 0.024074073880910873
1 0.4854166805744171 0.1666666716337204 0.010416666977107525 0.014814814552664757
1 0.33385416865348816 0.1458333283662796 0.02291666716337204 0.015740741044282913
4 0.8247395753860474 0.15138888359069824 0.02968749962747097 0.07314814627170563
4 0.6143229007720947 0.07870370149612427 0.03281249850988388 0.035185184329748154
4 0.9567708373069763 0.1101851835846901 0.08645833283662796 0.03333333507180214
6 0.594531238079071 0.20555555820465088 0.00989583320915699 0.012962962500751019
6 0.672656238079071 0.21805556118488312 0.01197916641831398 0.015740741044282913
6 0.6861979365348816 0.21805556118488312 0.01197916641831398 0.015740741044282913
1 0.50390625 0.13333334028720856 0.013020833022892475 0.014814814552664757
2 0.8942708373069763 0.0634259283542633 0.02291666716337204 0.021296296268701553
1 0.2783854305744171 0.12314815074205399 0.01614583283662796 0.012962962500751019
8 0.8140624761581421 0.1935185194015503 0.008333333767950535 0.018518518656492233
1 0.8127604126930237 0.125 0.00989583320915699 0.012962962500751019
1 0.13124999403953552 0.16296295821666718 0.02395833283662796 0.018518518656492233
7 0.8864583373069763 0.06851851940155029 0.0072916666977107525 0.007407407276332378
2 0.9359375238418579 0.06574074178934097 0.02500000037252903 0.02222222276031971
2 0.4416666626930237 0.13842593133449554 0.03020833246409893 0.04537037014961243
1 0.913281261920929 0.07129629701375961 0.015104166232049465 0.007407407276332378
7 0.46822917461395264 0.19583334028720856 0.012500000186264515 0.01944444514811039
8 0.8153645992279053 0.1865740716457367 0.00572916679084301 0.01944444514811039
1 0.8635416626930237 0.06851851940155029 0.01354166679084301 0.007407407276332378
1 0.3466145694255829 0.10972221940755844 0.01614583283662796 0.013888888992369175
0 0.7903645634651184 0.1310185194015503 0.0036458333488553762 0.008333333767950535
0 0.8481770753860474 0.11342592537403107 0.0036458333488553762 0.012037036940455437
0 0.81640625 0.08425925672054291 0.0026041667442768812 0.009259259328246117
0 0.8203125 0.06712962687015533 0.0020833334419876337 0.008333333767950535
0 0.45494791865348816 0.21296297013759613 0.0036458333488553762 0.020370369777083397
0 0.7817708253860474 0.1518518477678299 0.004166666883975267 0.014814814552664757
0 0.8216145634651184 0.07453703880310059 0.0026041667442768812 0.008333333767950535
0 0.29609376192092896 0.17037037014961243 0.004687500186264515 0.01666666753590107
0 0.815625011920929 0.0754629597067833 0.0020833334419876337 0.004629629664123058
0 0.7979166507720947 0.11435185372829437 0.0031250000465661287 0.012037036940455437
0 0.8197916746139526 0.06666667014360428 0.0020833334419876337 0.007407407276332378
0 0.4429687559604645 0.08935185521841049 0.0015625000232830644 0.010185184888541698
0 0.7989583611488342 0.12962962687015533 0.0031250000465661287 0.009259259328246117
0 0.8536458611488342 0.07500000298023224 0.0020833334419876337 0.0055555556900799274
0 0.52734375 0.10879629850387573 0.0015625000232830644 0.012037036940455437
0 0.840624988079071 0.06388889253139496 0.0020833334419876337 0.007407407276332378
0 0.8471354246139526 0.1180555522441864 0.0036458333488553762 0.012037036940455437
0 0.854687511920929 0.06481481343507767 0.0020833334419876337 0.007407407276332378
0 0.2736979126930237 0.14166666567325592 0.0036458333488553762 0.014814814552664757
0 0.8197916746139526 0.0694444477558136 0.0020833334419876337 0.007407407276332378
0 0.8187500238418579 0.06851851940155029 0.0020833334419876337 0.007407407276332378
0 0.4398437440395355 0.08148147910833359 0.0015625000232830644 0.009259259328246117
0 0.6471354365348816 0.06388889253139496 0.0015625000232830644 0.007407407276332378
0 0.8567708134651184 0.06388889253139496 0.0020833334419876337 0.007407407276332378
0 0.7945312261581421 0.11712963134050369 0.0036458333488553762 0.012037036940455437
0 0.77734375 0.16203702986240387 0.004687500186264515 0.01666666753590107
0 0.8450520634651184 0.13935184478759766 0.004687500186264515 0.013888888992369175
0 0.51953125 0.10833333432674408 0.0015625000232830644 0.011111111380159855
0 0.4950520694255829 0.10694444179534912 0.0015625000232830644 0.012037036940455437
0 0.8148437738418579 0.07962962985038757 0.0026041667442768812 0.009259259328246117
0 0.7966145873069763 0.13657407462596893 0.0036458333488553762 0.013888888992369175
1 0.4664062559604645 0.12546296417713165 0.01718750037252903 0.013888888992369175
1 0.07421875 0.19722221791744232 0.0338541679084301 0.024074073880910873
1 0.4854166805744171 0.1666666716337204 0.010416666977107525 0.014814814552664757
1 0.33411458134651184 0.1458333283662796 0.02239583246409893 0.015740741044282913
4 0.8247395753860474 0.15138888359069824 0.02968749962747097 0.07314814627170563
4 0.6143229007720947 0.07870370149612427 0.03281249850988388 0.035185184329748154
4 0.9567708373069763 0.1101851835846901 0.08645833283662796 0.03333333507180214
