1 0.375 0.1310185194015503 0.01875000074505806 0.013888888992369175
1 0.39635416865348816 0.17407406866550446 0.01145833358168602 0.01666666753590107
1 0.22864583134651184 0.1587962955236435 0.02708333358168602 0.017592592164874077
4 0.721875011920929 0.14259259402751923 0.02187499962747097 0.07037036865949631
4 0.5231770873069763 0.07870370149612427 0.02968749962747097 0.035185184329748154
4 0.8481770753860474 0.09861110895872116 0.10781250149011612 0.026851851493120193
6 0.5104166865348816 0.2083333283662796 0.00937500037252903 0.012962962500751019
6 0.5874999761581421 0.2162037044763565 0.01145833358168602 0.015740741044282913
6 0.6000000238418579 0.21481481194496155 0.01145833358168602 0.014814814552664757
2 0.9375 0.10231481492519379 0.02604166604578495 0.034259259700775146
8 0.9177083373069763 0.06851851940155029 0.0062500000931322575 0.007407407276332378
1 0.41484373807907104 0.1379629671573639 0.01406249962747097 0.014814814552664757
2 0.774218738079071 0.05694444477558136 0.01822916604578495 0.01944444514811039
1 0.16302083432674408 0.13703703880310059 0.01979166641831398 0.014814814552664757
8 0.7151041626930237 0.18287037312984467 0.0062500000931322575 0.017592592164874077
1 0.7088541388511658 0.11759259551763535 0.008333333767950535 0.012962962500751019
7 0.7679687738418579 0.06157407537102699 0.00572916679084301 0.006481481250375509
2 0.8091145753860474 0.05879629775881767 0.02031249925494194 0.01944444514811039
7 0.9085937738418579 0.05740740895271301 0.00572916679084301 0.0055555556900799274
7 0.7164062261581421 0.17222222685813904 0.00572916679084301 0.01666666753590107
2 0.3486979305744171 0.14629629254341125 0.03489583358168602 0.04814814776182175
1 0.7903645634651184 0.06388889253139496 0.01197916641831398 0.007407407276332378
7 0.37968748807907104 0.20601852238178253 0.014583333395421505 0.01944444514811039
7 0.9216145873069763 0.10277777910232544 0.006770833395421505 0.011111111380159855
8 0.7161458134651184 0.17685185372829437 0.004166666883975267 0.018518518656492233
1 0.749218761920929 0.06203703582286835 0.010937499813735485 0.007407407276332378
1 0.24270834028720856 0.11898148059844971 0.01875000074505806 0.015740741044282913
0 0.6895833611488342 0.12453703582286835 0.0031250000465661287 0.008333333767950535
0 0.7388020753860474 0.10555555671453476 0.0026041667442768812 0.011111111380159855
0 0.7093750238418579 0.07777778059244156 0.0020833334419876337 0.009259259328246117
0 0.5559895634651184 0.06435184925794601 0.0015625000232830644 0.004629629664123058
0 0.9145833253860474 0.11527777463197708 0.004166666883975267 0.012037036940455437
0 0.711718738079071 0.06203703582286835 0.0015625000232830644 0.007407407276332378
0 0.3669270873069763 0.22592592239379883 0.004687500186264515 0.02222222276031971
0 0.6838541626930237 0.14444445073604584 0.0031250000465661287 0.014814814552664757
0 0.7132812738418579 0.06851851940155029 0.0015625000232830644 0.007407407276332378
0 0.18541666865348816 0.18888889253139496 0.0062500000931322575 0.018518518656492233
0 0.9703124761581421 0.11759259551763535 0.0052083334885537624 0.012962962500751019
0 0.707812488079071 0.06990740448236465 0.0020833334419876337 0.004629629664123058
0 0.6953125 0.10740740597248077 0.0020833334419876337 0.011111111380159855
0 0.7111979126930237 0.06111111119389534 0.0015625000232830644 0.007407407276332378
0 0.8744791746139526 0.07453703880310059 0.0031250000465661287 0.008333333767950535
0 0.34843748807907104 0.09305555373430252 0.0020833334419876337 0.010185184888541698
0 0.92578125 0.08611111342906952 0.0036458333488553762 0.009259259328246117
0 0.6971353888511658 0.12222222238779068 0.0026041667442768812 0.009259259328246117
0 0.7408854365348816 0.06851851940155029 0.0015625000232830644 0.0055555556900799274
0 0.9135416746139526 0.10324074327945709 0.004166666883975267 0.010185184888541698
0 0.43828123807907104 0.1111111119389534 0.0015625000232830644 0.011111111380159855
0 0.7289062738418579 0.05833333358168602 0.0015625000232830644 0.007407407276332378
0 0.7385416626930237 0.10925926268100739 0.0031250000465661287 0.011111111380159855
0 0.8786458373069763 0.0912037044763565 0.0031250000465661287 0.006481481250375509
0 0.741406261920929 0.05925925821065903 0.0015625000232830644 0.007407407276332378
0 0.9161458611488342 0.11435185372829437 0.0031250000465661287 0.006481481250375509
0 0.15833333134651184 0.1578703671693802 0.0052083334885537624 0.015740741044282913
0 0.7111979126930237 0.06388889253139496 0.0015625000232830644 0.007407407276332378
0 0.9518229365348816 0.13657407462596893 0.00572916679084301 0.013888888992369175
0 0.7104166746139526 0.06388889253139496 0.0020833334419876337 0.007407407276332378
0 0.3447916805744171 0.08518518507480621 0.0020833334419876337 0.009259259328246117
0 0.5541666746139526 0.06296296417713165 0.0010416667209938169 0.007407407276332378
0 0.742968738079071 0.05879629775881767 0.0015625000232830644 0.006481481250375509
0 0.6924479007720947 0.11064814776182175 0.0026041667442768812 0.012037036940455437
0 0.8934895992279053 0.06759259104728699 0.0026041667442768812 0.007407407276332378
0 0.7380208373069763 0.14537036418914795 0.004166666883975267 0.014814814552664757
0 0.680468738079071 0.15416666865348816 0.0036458333488553762 0.015740741044282913
0 0.7380208373069763 0.12962962687015533 0.0031250000465661287 0.012962962500751019
0 0.43020832538604736 0.1111111119389534 0.0020833334419876337 0.011111111380159855
0 0.4039062559604645 0.11064814776182175 0.0026041667442768812 0.012037036940455437
0 0.7075520753860474 0.07361111044883728 0.0015625000232830644 0.008333333767950535
0 0.6958333253860474 0.12962962687015533 0.0031250000465661287 0.012962962500751019
1 0.375 0.1310185194015503 0.01875000074505806 0.013888888992369175
1 0.39635416865348816 0.17407406866550446 0.01145833358168602 0.01666666753590107
1 0.22864583134651184 0.1587962955236435 0.02708333358168602 0.017592592164874077
4 0.721875011920929 0.14259259402751923 0.02187499962747097 0.07037036865949631
4 0.5231770873069763 0.07870370149612427 0.02968749962747097 0.035185184329748154
4 0.8481770753860474 0.09861110895872116 0.10781250149011612 0.026851851493120193
