1 0.5286458134651184 0.12361110746860504 0.01666666753590107 0.013888888992369175
1 0.16901041567325592 0.17870371043682098 0.02864583395421505 0.020370369777083397
1 0.5458333492279053 0.1648148149251938 0.010416666977107525 0.014814814552664757
1 0.40052083134651184 0.1398148089647293 0.02083333395421505 0.014814814552664757
4 0.907031238079071 0.16111111640930176 0.03697916492819786 0.07777778059244156
4 0.6812499761581421 0.08101851493120193 0.03541666641831398 0.03611111268401146
6 0.6552083492279053 0.2074074000120163 0.010416666977107525 0.012962962500751019
6 0.7361978888511658 0.2231481522321701 0.013020833022892475 0.01666666753590107
6 0.750781238079071 0.2240740805864334 0.013020833022892475 0.01666666753590107
1 0.565625011920929 0.1328703761100769 0.01354166679084301 0.013888888992369175
2 0.9903646111488342 0.06990740448236465 0.01927083358168602 0.023148147389292717
1 0.34947916865348816 0.11666666716337204 0.014583333395421505 0.012962962500751019
8 0.8924478888511658 0.20509259402751923 0.00989583320915699 0.01944444514811039
1 0.8955729007720947 0.13333334028720856 0.01197916641831398 0.014814814552664757
1 0.2174479216337204 0.14907407760620117 0.02031249925494194 0.01666666753590107
7 0.985156238079071 0.07500000298023224 0.008854166604578495 0.007407407276332378
7 0.8958333134651184 0.1935185194015503 0.00937500037252903 0.018518518656492233
2 0.5041666626930237 0.13611111044883728 0.02916666679084301 0.04444444552063942
7 0.528124988079071 0.19212962687015533 0.012500000186264515 0.01944444514811039
8 0.89453125 0.19768518209457397 0.006770833395421505 0.021296296268701553
1 0.9575520753860474 0.07453703880310059 0.01614583283662796 0.008333333767950535
1 0.41354167461395264 0.1050925925374031 0.014583333395421505 0.013888888992369175
0 0.8697916865348816 0.13935184478759766 0.004166666883975267 0.008333333767950535
0 0.936718761920929 0.12314815074205399 0.004687500186264515 0.012962962500751019
0 0.9026041626930237 0.0902777761220932 0.0031250000465661287 0.010185184888541698
0 0.9080728888511658 0.07268518209457397 0.0026041667442768812 0.008333333767950535
0 0.5145833492279053 0.2083333283662796 0.0031250000465661287 0.020370369777083397
0 0.8588541746139526 0.16018518805503845 0.0052083334885537624 0.01666666753590107
0 0.9088541865348816 0.08009259402751923 0.0031250000465661287 0.008333333767950535
0 0.9018229246139526 0.08148147910833359 0.0026041667442768812 0.0055555556900799274
0 0.8794270753860474 0.12129629403352737 0.0036458333488553762 0.012962962500751019
0 0.9078124761581421 0.07175926119089127 0.0031250000465661287 0.008333333767950535
0 0.5062500238418579 0.08796296268701553 0.0010416667209938169 0.009259259328246117
0 0.8794270753860474 0.13750000298023224 0.0036458333488553762 0.010185184888541698
0 0.946093738079071 0.08148147910833359 0.0026041667442768812 0.0055555556900799274
0 0.58984375 0.10879629850387573 0.0015625000232830644 0.012037036940455437
0 0.9315103888511658 0.0694444477558136 0.0026041667442768812 0.007407407276332378
0 0.9356771111488342 0.12731482088565826 0.004687500186264515 0.013888888992369175
0 0.9479166865348816 0.07083333283662796 0.0031250000465661287 0.008333333767950535
0 0.3447916805744171 0.13379628956317902 0.0031250000465661287 0.013888888992369175
0 0.9072916507720947 0.07500000298023224 0.0031250000465661287 0.009259259328246117
0 0.9065104126930237 0.07453703880310059 0.0026041667442768812 0.008333333767950535
0 0.5036458373069763 0.08009259402751923 0.0010416667209938169 0.008333333767950535
0 0.7166666388511658 0.06666667014360428 0.0020833334419876337 0.007407407276332378
0 0.9502604007720947 0.06990740448236465 0.0026041667442768812 0.008333333767950535
0 0.8752604126930237 0.125 0.004687500186264515 0.012962962500751019
0 0.8531249761581421 0.17037037014961243 0.0052083334885537624 0.01666666753590107
0 0.9315103888511658 0.14953704178333282 0.00572916679084301 0.015740741044282913
0 0.5817708373069763 0.10833333432674408 0.0020833334419876337 0.011111111380159855
0 0.557812511920929 0.10648148506879807 0.0020833334419876337 0.011111111380159855
0 0.9010416865348816 0.08564814925193787 0.0031250000465661287 0.010185184888541698
0 0.8765624761581421 0.14537036418914795 0.0052083334885537624 0.014814814552664757
1 0.5286458134651184 0.12361110746860504 0.01666666753590107 0.013888888992369175
1 0.16901041567325592 0.17870371043682098 0.02864583395421505 0.020370369777083397
1 0.5458333492279053 0.1648148149251938 0.010416666977107525 0.014814814552664757
1 0.40052083134651184 0.13935184478759766 0.02083333395421505 0.013888888992369175
4 0.907031238079071 0.16111111640930176 0.03697916492819786 0.07777778059244156
4 0.6812499761581421 0.08101851493120193 0.03541666641831398 0.03611111268401146
