1 0.6447916626930237 0.125 0.01770833320915699 0.014814814552664757
1 0.31328123807907104 0.15648147463798523 0.02239583246409893 0.01666666753590107
1 0.6596354246139526 0.1666666716337204 0.010937499813735485 0.014814814552664757
1 0.14270833134651184 0.5180555582046509 0.07500000298023224 0.08425925672054291
1 0.5166666507720947 0.13379628956317902 0.01979166641831398 0.013888888992369175
4 0.8174479007720947 0.08796296268701553 0.0442708320915699 0.03703703731298447
6 0.7744791507720947 0.21759259700775146 0.012500000186264515 0.014814814552664757
6 0.2841145694255829 0.9768518805503845 0.05052083358168602 0.046296294778585434
6 0.8669270873069763 0.24166665971279144 0.01614583283662796 0.018518518656492233
6 0.8841145634651184 0.24351851642131805 0.01614583283662796 0.018518518656492233
1 0.6830729246139526 0.13611111044883728 0.015104166232049465 0.014814814552664757
1 0.4697916805744171 0.1101851835846901 0.012500000186264515 0.011111111380159855
1 0.08151041716337204 0.17546296119689941 0.02552083320915699 0.01944444514811039
1 0.35234373807907104 0.13379628956317902 0.01614583283662796 0.013888888992369175
1 0.03098958358168602 0.20972222089767456 0.01718750037252903 0.02500000037252903
2 0.6184895634651184 0.13564814627170563 0.03177083283662796 0.043518517166376114
8 0.05234374850988388 0.18101851642131805 0.01406249962747097 0.017592592164874077
7 0.6390625238418579 0.19212962687015533 0.01354166679084301 0.01944444514811039
2 0.03307291492819786 0.4416666626930237 0.06614582985639572 0.1666666716337204
1 0.530468761920929 0.10231481492519379 0.01406249962747097 0.013888888992369175
0 0.02786458283662796 0.1675925999879837 0.0078125 0.018518518656492233
0 0.02421874925494194 0.16203702986240387 0.0078125 0.018518518656492233
0 0.02994791604578495 0.18425926566123962 0.006770833395421505 0.011111111380159855
0 0.02890625037252903 0.18101851642131805 0.0078125 0.017592592164874077
0 0.02890625037252903 0.18101851642131805 0.0078125 0.017592592164874077
0 0.02734375 0.17407406866550446 0.0078125 0.018518518656492233
0 0.02994791604578495 0.18472221493721008 0.006770833395421505 0.012037036940455437
0 0.02890625037252903 0.18101851642131805 0.0078125 0.017592592164874077
0 0.02734375 0.17407406866550446 0.0078125 0.018518518656492233
0 0.02890625037252903 0.18101851642131805 0.0078125 0.017592592164874077
0 0.02890625037252903 0.18101851642131805 0.0078125 0.017592592164874077
0 0.02864583395421505 0.1796296238899231 0.0062500000931322575 0.012962962500751019
0 0.02734375 0.17407406866550446 0.0078125 0.018518518656492233
0 0.02734375 0.17499999701976776 0.0078125 0.018518518656492233
0 0.02838541753590107 0.17824074625968933 0.006770833395421505 0.012037036940455437
0 0.02734375 0.17407406866550446 0.0078125 0.018518518656492233
0 0.6231771111488342 0.20555555820465088 0.004687500186264515 0.020370369777083397
0 0.02994791604578495 0.18425926566123962 0.006770833395421505 0.011111111380159855
0 0.0690104141831398 0.21250000596046448 0.0078125 0.021296296268701553
0 0.6236979365348816 0.08888889104127884 0.0015625000232830644 0.009259259328246117
0 0.02734375 0.17407406866550446 0.0078125 0.018518518656492233
0 0.02734375 0.17499999701976776 0.0078125 0.018518518656492233
0 0.7106770873069763 0.11342592537403107 0.0026041667442768812 0.012037036940455437
0 0.02630208246409893 0.17037037014961243 0.0078125 0.018518518656492233
0 0.46406251192092896 0.12546296417713165 0.0020833334419876337 0.013888888992369175
0 0.621874988079071 0.08055555820465088 0.0020833334419876337 0.009259259328246117
0 0.7015625238418579 0.11249999701976776 0.0031250000465661287 0.012037036940455437
0 0.6773437261581421 0.10925926268100739 0.0026041667442768812 0.011111111380159855
1 0.6447916626930237 0.125 0.01770833320915699 0.014814814552664757
1 0.14270833134651184 0.5180555582046509 0.07500000298023224 0.08425925672054291
1 0.31328123807907104 0.15648147463798523 0.02239583246409893 0.01666666753590107
1 0.6596354246139526 0.1666666716337204 0.010937499813735485 0.014814814552664757
1 0.5166666507720947 0.13379628956317902 0.01979166641831398 0.013888888992369175
4 0.8174479007720947 0.08796296268701553 0.0442708320915699 0.03703703731298447
