1 0.16744790971279144 0.15833333134651184 0.02656250074505806 0.01666666753590107
1 0.19687500596046448 0.2101851850748062 0.01666666753590107 0.020370369777083397
4 0.5531250238418579 0.14027777314186096 0.015625 0.0694444477558136
4 0.3450520932674408 0.08518518507480621 0.03489583358168602 0.03888889029622078
4 0.651562511920929 0.08796296268701553 0.08541666716337204 0.020370369777083397
6 0.34036457538604736 0.2361111044883728 0.01197916641831398 0.012962962500751019
6 0.2750000059604645 0.23425926268100739 0.012500000186264515 0.012962962500751019
6 0.4270833432674408 0.23472222685813904 0.01145833358168602 0.015740741044282913
6 0.4403645694255829 0.23148147761821747 0.01197916641831398 0.014814814552664757
6 0.3088541626930237 0.2351851910352707 0.012500000186264515 0.012962962500751019
2 0.7231770753860474 0.08888889104127884 0.01822916604578495 0.029629629105329514
8 0.7010416388511658 0.05787036940455437 0.004166666883975267 0.006481481250375509
1 0.21979166567325592 0.16249999403953552 0.01875000074505806 0.017592592164874077
2 0.5864583253860474 0.05231481418013573 0.014583333395421505 0.017592592164874077
8 0.5502604246139526 0.182407408952713 0.004687500186264515 0.01666666753590107
1 0.5364583134651184 0.11527777463197708 0.0062500000931322575 0.012037036940455437
7 0.5815104246139526 0.05694444477558136 0.004687500186264515 0.006481481250375509
2 0.6153646111488342 0.05231481418013573 0.015104166232049465 0.017592592164874077
7 0.550000011920929 0.17083333432674408 0.004166666883975267 0.015740741044282913
2 0.12942709028720856 0.18287037312984467 0.05364583432674408 0.06018518656492233
1 0.925000011920929 0.2231481522321701 0.03541666641831398 0.029629629105329514
1 0.600781261920929 0.05787036940455437 0.00989583320915699 0.006481481250375509
7 0.17421874403953552 0.25462964177131653 0.02239583246409893 0.02222222276031971
7 0.7096354365348816 0.08888889104127884 0.004687500186264515 0.009259259328246117
8 0.550000011920929 0.17592592537403107 0.0020833334419876337 0.018518518656492233
1 0.567187488079071 0.05787036940455437 0.00937500037252903 0.006481481250375509
8 0.8687499761581421 0.29629629850387573 0.02187499962747097 0.025925925001502037
0 0.5192708373069763 0.12361110746860504 0.0020833334419876337 0.008333333767950535
0 0.561718761920929 0.10046296566724777 0.0015625000232830644 0.010185184888541698
0 0.5322916507720947 0.0754629597067833 0.0010416667209938169 0.008333333767950535
0 0.7065104246139526 0.10046296566724777 0.0026041667442768812 0.010185184888541698
0 0.532031238079071 0.05925925821065903 0.0005208333604969084 0.007407407276332378
0 0.15911458432674408 0.2837963104248047 0.00989583320915699 0.026851851493120193
0 0.5158854126930237 0.14537036418914795 0.0015625000232830644 0.014814814552664757
0 0.8067708611488342 0.15694443881511688 0.0052083334885537624 0.015740741044282913
0 0.5348958373069763 0.06574074178934097 0.0010416667209938169 0.007407407276332378
0 0.7471354007720947 0.10000000149011612 0.0026041667442768812 0.011111111380159855
0 0.5296875238418579 0.06712962687015533 0.0010416667209938169 0.004629629664123058
0 0.522656261920929 0.10555555671453476 0.0015625000232830644 0.011111111380159855
0 0.5317708253860474 0.05879629775881767 0.0010416667209938169 0.006481481250375509
0 0.6690104007720947 0.06481481343507767 0.0015625000232830644 0.007407407276332378
0 0.1328125 0.11342592537403107 0.004166666883975267 0.012037036940455437
0 0.9072916507720947 0.2481481432914734 0.008333333767950535 0.014814814552664757
0 0.8010416626930237 0.16851851344108582 0.0052083334885537624 0.01666666753590107
0 0.785937488079071 0.14629629254341125 0.004166666883975267 0.014814814552664757
0 0.5260416865348816 0.11990740895271301 0.0010416667209938169 0.008333333767950535
0 0.8062499761581421 0.17407406866550446 0.0052083334885537624 0.011111111380159855
0 0.5588541626930237 0.06481481343507767 0.0010416667209938169 0.0055555556900799274
0 0.7036458253860474 0.08935185521841049 0.0020833334419876337 0.010185184888541698
0 0.24947915971279144 0.12824073433876038 0.0031250000465661287 0.013888888992369175
0 0.7877604365348816 0.11527777463197708 0.0036458333488553762 0.012037036940455437
0 0.8276041746139526 0.17638888955116272 0.0062500000931322575 0.017592592164874077
0 0.5479166507720947 0.05509259179234505 0.0010416667209938169 0.006481481250375509
0 0.5622395873069763 0.10462962836027145 0.0015625000232830644 0.011111111380159855
0 0.675000011920929 0.08055555820465088 0.0020833334419876337 0.0055555556900799274
0 0.559374988079071 0.05509259179234505 0.0010416667209938169 0.006481481250375509
0 0.8768228888511658 0.22175925970077515 0.0078125 0.021296296268701553
0 0.70703125 0.09953703731298447 0.0026041667442768812 0.006481481250375509
0 0.9122396111488342 0.17638888955116272 0.006770833395421505 0.017592592164874077
0 0.532031238079071 0.06157407537102699 0.0005208333604969084 0.006481481250375509
0 0.7359374761581421 0.11759259551763535 0.0031250000465661287 0.012962962500751019
0 0.53125 0.06111111119389534 0.0010416667209938169 0.007407407276332378
0 0.12734374403953552 0.10370370000600815 0.0036458333488553762 0.011111111380159855
0 0.37838542461395264 0.06574074178934097 0.0015625000232830644 0.007407407276332378
0 0.5601562261581421 0.05509259179234505 0.0005208333604969084 0.006481481250375509
0 0.5205729007720947 0.10833333432674408 0.0015625000232830644 0.011111111380159855
0 0.682812511920929 0.05787036940455437 0.0010416667209938169 0.006481481250375509
0 0.5648437738418579 0.14074073731899261 0.0026041667442768812 0.014814814552664757
0 0.5143229365348816 0.15509259700775146 0.0015625000232830644 0.015740741044282913
0 0.5643228888511658 0.125 0.0015625000232830644 0.012962962500751019
0 0.24036458134651184 0.12870369851589203 0.0036458333488553762 0.012962962500751019
0 0.20364584028720856 0.130092591047287 0.004166666883975267 0.013888888992369175
0 0.5302083492279053 0.07083333283662796 0.0010416667209938169 0.008333333767950535
0 0.5252603888511658 0.12870369851589203 0.0015625000232830644 0.012962962500751019
1 0.16744790971279144 0.15833333134651184 0.02656250074505806 0.01666666753590107
1 0.19687500596046448 0.2101851850748062 0.01666666753590107 0.020370369777083397
4 0.5531250238418579 0.14027777314186096 0.015625 0.0694444477558136
4 0.3450520932674408 0.08518518507480621 0.03489583358168602 0.03888889029622078
4 0.651562511920929 0.08796296268701553 0.08541666716337204 0.020370369777083397
