1 0.2919270694255829 0.1388888955116272 0.02135416679084301 0.014814814552664757
1 0.31692707538604736 0.18472221493721008 0.013020833022892475 0.017592592164874077
1 0.125 0.17685185372829437 0.03229166567325592 0.020370369777083397
4 0.64453125 0.1388888955116272 0.01822916604578495 0.06851851940155029
4 0.44713541865348816 0.08009259402751923 0.03072916716337204 0.03611111268401146
4 0.7549479007720947 0.09212963283061981 0.09427083283662796 0.023148147389292717
6 0.43932291865348816 0.21574074029922485 0.00989583320915699 0.012962962500751019
6 0.38203126192092896 0.20972222089767456 0.00989583320915699 0.012037036940455437
6 0.5179687738418579 0.21944443881511688 0.010937499813735485 0.014814814552664757
6 0.530468761920929 0.21759259700775146 0.010937499813735485 0.014814814552664757
6 0.4117187559604645 0.21250000596046448 0.00989583320915699 0.012037036940455437
2 0.8338541388511658 0.09398148208856583 0.02187499962747097 0.03055555559694767
8 0.8135416507720947 0.06203703582286835 0.0052083334885537624 0.007407407276332378
1 0.3356770873069763 0.1449074000120163 0.015104166232049465 0.015740741044282913
2 0.6872395873069763 0.05416666716337204 0.01614583283662796 0.017592592164874077
1 0.0455729179084301 0.15509259700775146 0.02447916753590107 0.017592592164874077
8 0.6401041746139526 0.1796296238899231 0.0052083334885537624 0.01666666753590107
8 0.23619791865348816 0.10092592239379883 0.00572916679084301 0.011111111380159855
1 0.6304687261581421 0.11435185372829437 0.006770833395421505 0.012037036940455437
7 0.6817708611488342 0.05879629775881767 0.0052083334885537624 0.006481481250375509
2 0.7184895873069763 0.05462963134050369 0.01718750037252903 0.018518518656492233
7 0.8059895634651184 0.051851850003004074 0.004687500186264515 0.0055555556900799274
7 0.640625 0.16898147761821747 0.0052083334885537624 0.015740741044282913
2 0.2627604305744171 0.15740740299224854 0.04010416567325592 0.051851850003004074
1 0.7020833492279053 0.06018518656492233 0.010416666977107525 0.0055555556900799274
7 0.29869791865348816 0.2203703671693802 0.01718750037252903 0.020370369777083397
7 0.819531261920929 0.09444444626569748 0.00572916679084301 0.009259259328246117
8 0.640625 0.17314815521240234 0.0031250000465661287 0.018518518656492233
1 0.6651041507720947 0.05879629775881767 0.010416666977107525 0.006481481250375509
8 0.9768229126930237 0.3134259283542633 0.02656250074505806 0.028703704476356506
1 0.14140625298023224 0.1310185194015503 0.02239583246409893 0.017592592164874077
0 0.612500011920929 0.12175925821065903 0.0020833334419876337 0.008333333767950535
0 0.6578124761581421 0.10138888657093048 0.0020833334419876337 0.010185184888541698
0 0.62890625 0.0754629597067833 0.0015625000232830644 0.008333333767950535
0 0.4802083373069763 0.06435184925794601 0.0010416667209938169 0.004629629664123058
0 0.8143228888511658 0.10648148506879807 0.0036458333488553762 0.011111111380159855
0 0.629687488079071 0.05972222238779068 0.0010416667209938169 0.006481481250375509
0 0.28567707538604736 0.2430555522441864 0.006770833395421505 0.023148147389292717
0 0.6080729365348816 0.14212962985038757 0.0026041667442768812 0.013888888992369175
0 0.9247395992279053 0.16944444179534912 0.006770833395421505 0.01666666753590107
0 0.632031261920929 0.06574074178934097 0.0015625000232830644 0.007407407276332378
0 0.07395832985639572 0.21296297013759613 0.008333333767950535 0.020370369777083397
0 0.8611978888511658 0.10694444179534912 0.0036458333488553762 0.012037036940455437
0 0.6268228888511658 0.06712962687015533 0.0015625000232830644 0.004629629664123058
0 0.6171875 0.10462962836027145 0.0020833334419876337 0.011111111380159855
0 0.6294270753860474 0.05925925821065903 0.0015625000232830644 0.007407407276332378
0 0.776562511920929 0.06898148357868195 0.0020833334419876337 0.008333333767950535
0 0.26249998807907104 0.10000000149011612 0.0031250000465661287 0.011111111380159855
0 0.9153645634651184 0.18009258806705475 0.006770833395421505 0.017592592164874077
0 0.9018229246139526 0.15694443881511688 0.00572916679084301 0.015740741044282913
0 0.6197916865348816 0.11898148059844971 0.0020833334419876337 0.008333333767950535
0 0.921875 0.18703703582286835 0.0062500000931322575 0.011111111380159855
0 0.657031238079071 0.06574074178934097 0.0015625000232830644 0.0055555556900799274
0 0.8127604126930237 0.09490741044282913 0.0036458333488553762 0.010185184888541698
0 0.3604166805744171 0.11620370298624039 0.0020833334419876337 0.012037036940455437
0 0.9080728888511658 0.1259259283542633 0.004687500186264515 0.012962962500751019
0 0.9471353888511658 0.19027778506278992 0.0078125 0.01944444514811039
0 0.6460937261581421 0.05601852014660835 0.0015625000232830644 0.006481481250375509
0 0.6578124761581421 0.10555555671453476 0.0020833334419876337 0.011111111380159855
0 0.7815104126930237 0.08425925672054291 0.0026041667442768812 0.0055555556900799274
0 0.6575520634651184 0.05601852014660835 0.0015625000232830644 0.006481481250375509
0 0.9971354007720947 0.24120371043682098 0.00572916679084301 0.023148147389292717
0 0.8153645992279053 0.10555555671453476 0.0026041667442768812 0.007407407276332378
0 0.04010416567325592 0.17916665971279144 0.0072916666977107525 0.017592592164874077
0 0.629687488079071 0.06203703582286835 0.0010416667209938169 0.007407407276332378
0 0.846875011920929 0.125 0.004166666883975267 0.012962962500751019
0 0.62890625 0.06111111119389534 0.0015625000232830644 0.007407407276332378
0 0.2580729126930237 0.0912037044763565 0.0026041667442768812 0.010185184888541698
0 0.4781250059604645 0.06296296417713165 0.0010416667209938169 0.007407407276332378
0 0.6588541865348816 0.05601852014660835 0.0010416667209938169 0.006481481250375509
0 0.6148437261581421 0.10787037014961243 0.0015625000232830644 0.012037036940455437
0 0.7927083373069763 0.06203703582286835 0.0020833334419876337 0.007407407276332378
0 0.60546875 0.15138888359069824 0.0026041667442768812 0.015740741044282913
0 0.6585937738418579 0.125 0.0026041667442768812 0.012962962500751019
0 0.35208332538604736 0.11620370298624039 0.0020833334419876337 0.012037036940455437
0 0.3229166567325592 0.11620370298624039 0.0031250000465661287 0.012037036940455437
0 0.6268228888511658 0.07129629701375961 0.0015625000232830644 0.007407407276332378
0 0.6187499761581421 0.1268518567085266 0.0020833334419876337 0.012962962500751019
1 0.2919270694255829 0.1388888955116272 0.02135416679084301 0.014814814552664757
1 0.31692707538604736 0.18472221493721008 0.013020833022892475 0.017592592164874077
1 0.125 0.17685185372829437 0.03229166567325592 0.020370369777083397
4 0.64453125 0.1388888955116272 0.01822916604578495 0.06851851940155029
4 0.44713541865348816 0.08009259402751923 0.03072916716337204 0.03611111268401146
4 0.7549479007720947 0.09212963283061981 0.09427083283662796 0.023148147389292717
