1 0.1953125 0.15324074029922485 0.02500000037252903 0.015740741044282913
1 0.2239583283662796 0.20324073731899261 0.015625 0.01944444514811039
1 0.0062500000931322575 0.20462962985038757 0.012500000186264515 0.024074073880910873
4 0.5703125 0.1388888955116272 0.015625 0.06851851940155029
4 0.3661458194255829 0.08379629999399185 0.03333333507180214 0.037962961941957474
4 0.6703125238418579 0.08796296268701553 0.08645833283662796 0.020370369777083397
6 0.3619791567325592 0.22962963581085205 0.01145833358168602 0.012962962500751019
6 0.29869791865348816 0.22685185074806213 0.01197916641831398 0.012962962500751019
6 0.44583332538604736 0.22962963581085205 0.01145833358168602 0.014814814552664757
6 0.45885416865348816 0.22592592239379883 0.01145833358168602 0.014814814552664757
6 0.33125001192092896 0.2282407432794571 0.01145833358168602 0.012037036940455437
2 0.7427083253860474 0.08888889104127884 0.01875000074505806 0.029629629105329514
8 0.7213541865348816 0.05787036940455437 0.004166666883975267 0.006481481250375509
1 0.24531249701976776 0.15740740299224854 0.01770833320915699 0.01666666753590107
2 0.60546875 0.05231481418013573 0.015104166232049465 0.017592592164874077
8 0.5674479007720947 0.1805555522441864 0.004687500186264515 0.01666666753590107
1 0.5544270873069763 0.11435185372829437 0.006770833395421505 0.012037036940455437
7 0.6005208492279053 0.05694444477558136 0.004166666883975267 0.006481481250375509
2 0.6348958611488342 0.05277777835726738 0.015625 0.018518518656492233
7 0.5674479007720947 0.16898147761821747 0.004687500186264515 0.015740741044282913
2 0.15989583730697632 0.17546296119689941 0.05000000074505806 0.05833333358168602
1 0.9458333253860474 0.22546295821666718 0.0364583320915699 0.03055555559694767
1 0.6195312738418579 0.05833333358168602 0.00989583320915699 0.0055555556900799274
7 0.203125 0.24444444477558136 0.02083333395421505 0.02222222276031971
7 0.7294270992279053 0.08981481194496155 0.004687500186264515 0.009259259328246117
8 0.5674479007720947 0.1736111044883728 0.0026041667442768812 0.01944444514811039
1 0.5854166746139526 0.05787036940455437 0.00937500037252903 0.006481481250375509
8 0.8846353888511658 0.2958333194255829 0.02239583246409893 0.026851851493120193
1 0.01406249962747097 0.1509259194135666 0.02812499925494194 0.020370369777083397
0 0.5369791388511658 0.12222222238779068 0.0020833334419876337 0.007407407276332378
0 0.5799478888511658 0.10000000149011612 0.0015625000232830644 0.011111111380159855
0 0.0072916666977107525 0.14212962985038757 0.0062500000931322575 0.013888888992369175
0 0.5505208373069763 0.07453703880310059 0.0010416667209938169 0.008333333767950535
0 0.4007812440395355 0.06666667014360428 0.0015625000232830644 0.003703703638166189
0 0.725781261920929 0.10092592239379883 0.0026041667442768812 0.011111111380159855
0 0.55078125 0.05879629775881767 0.0005208333604969084 0.006481481250375509
0 0.1888020783662796 0.27222222089767456 0.008854166604578495 0.025925925001502037
0 0.5338541865348816 0.14351852238178253 0.0020833334419876337 0.014814814552664757
0 0.8265625238418579 0.1578703671693802 0.0052083334885537624 0.015740741044282913
0 0.5531250238418579 0.06481481343507767 0.0010416667209938169 0.007407407276332378
0 0.7671874761581421 0.10046296566724777 0.0031250000465661287 0.010185184888541698
0 0.5484374761581421 0.06620370596647263 0.0010416667209938169 0.004629629664123058
0 0.5408853888511658 0.10462962836027145 0.0015625000232830644 0.011111111380159855
0 0.5505208373069763 0.05833333358168602 0.0010416667209938169 0.007407407276332378
0 0.6888020634651184 0.06527777761220932 0.0015625000232830644 0.008333333767950535
0 0.1614583283662796 0.1101851835846901 0.004166666883975267 0.011111111380159855
0 0.9268229007720947 0.25 0.008854166604578495 0.014814814552664757
0 0.8203125 0.16898147761821747 0.0052083334885537624 0.017592592164874077
0 0.8059895634651184 0.14722222089767456 0.004687500186264515 0.014814814552664757
0 0.5440104007720947 0.11898148059844971 0.0015625000232830644 0.008333333767950535
0 0.8257812261581421 0.17499999701976776 0.004687500186264515 0.011111111380159855
0 0.5776041746139526 0.06481481343507767 0.0010416667209938169 0.0055555556900799274
0 0.7231770753860474 0.08981481194496155 0.0026041667442768812 0.009259259328246117
0 0.2734375 0.125 0.0031250000465661287 0.012962962500751019
0 0.80859375 0.11620370298624039 0.0036458333488553762 0.012037036940455437
0 0.8473958373069763 0.17731481790542603 0.0062500000931322575 0.017592592164874077
0 0.5666666626930237 0.05509259179234505 0.0010416667209938169 0.006481481250375509
0 0.5802083611488342 0.10370370000600815 0.0020833334419876337 0.011111111380159855
0 0.6942708492279053 0.08055555820465088 0.0020833334419876337 0.0055555556900799274
0 0.5778645873069763 0.05509259179234505 0.0005208333604969084 0.006481481250375509
0 0.8963541388511658 0.22361111640930176 0.008333333767950535 0.021296296268701553
0 0.7263020873069763 0.10046296566724777 0.0026041667442768812 0.006481481250375509
0 0.9348958134651184 0.17916665971279144 0.0072916666977107525 0.017592592164874077
0 0.55078125 0.06111111119389534 0.0005208333604969084 0.007407407276332378
0 0.7557291388511658 0.1180555522441864 0.0031250000465661287 0.012037036940455437
0 0.550000011920929 0.06064814701676369 0.0010416667209938169 0.006481481250375509
0 0.15651041269302368 0.10092592239379883 0.0036458333488553762 0.011111111380159855
0 0.3986979126930237 0.06481481343507767 0.0015625000232830644 0.007407407276332378
0 0.578906238079071 0.05462963134050369 0.0005208333604969084 0.007407407276332378
0 0.5388020873069763 0.10740740597248077 0.0015625000232830644 0.011111111380159855
0 0.7028645873069763 0.05833333358168602 0.0015625000232830644 0.007407407276332378
0 0.5825520753860474 0.1398148089647293 0.0026041667442768812 0.014814814552664757
0 0.5322916507720947 0.15324074029922485 0.0020833334419876337 0.015740741044282913
0 0.5822916626930237 0.1240740716457367 0.0020833334419876337 0.012962962500751019
0 0.2645833194255829 0.125 0.0031250000465661287 0.012962962500751019
0 0.22994790971279144 0.12638889253139496 0.0036458333488553762 0.013888888992369175
0 0.5484374761581421 0.07037036865949631 0.0010416667209938169 0.007407407276332378
0 0.5434895753860474 0.12731482088565826 0.0015625000232830644 0.013888888992369175
1 0.1953125 0.15324074029922485 0.02500000037252903 0.015740741044282913
1 0.2239583283662796 0.20324073731899261 0.015625 0.01944444514811039
1 0.0062500000931322575 0.20462962985038757 0.012500000186264515 0.024074073880910873
4 0.5703125 0.1388888955116272 0.015625 0.06851851940155029
4 0.3661458194255829 0.08379629999399185 0.03333333507180214 0.037962961941957474
4 0.6703125238418579 0.08796296268701553 0.08645833283662796 0.020370369777083397
