1 0.10442708432674408 0.1726851910352707 0.03072916716337204 0.017592592164874077
1 0.1341145783662796 0.23148147761821747 0.01927083358168602 0.02222222276031971
4 0.5208333134651184 0.1458333283662796 0.015625 0.07314814627170563
4 0.3023437559604645 0.08981481194496155 0.03802083432674408 0.040740739554166794
4 0.6182291507720947 0.08935185521841049 0.08437500149011612 0.01944444514811039
6 0.2942708432674408 0.2569444477558136 0.01354166679084301 0.013888888992369175
6 0.2213541716337204 0.25648146867752075 0.014583333395421505 0.012962962500751019
6 0.3890624940395355 0.25231480598449707 0.012500000186264515 0.015740741044282913
6 0.4033854305744171 0.2481481432914734 0.01197916641831398 0.014814814552664757
6 0.2593750059604645 0.2569444477558136 0.01354166679084301 0.013888888992369175
2 0.690625011920929 0.08981481194496155 0.01770833320915699 0.029629629105329514
8 0.6651041507720947 0.05787036940455437 0.004166666883975267 0.006481481250375509
2 0.5518229007720947 0.05324074253439903 0.01406249962747097 0.017592592164874077
7 0.13255208730697632 0.18796296417713165 0.008854166604578495 0.018518518656492233
8 0.5190104246139526 0.19120369851589203 0.004687500186264515 0.017592592164874077
1 0.5026041865348816 0.11990740895271301 0.0062500000931322575 0.012037036940455437
7 0.5471354126930237 0.05740740895271301 0.004687500186264515 0.0055555556900799274
2 0.5807291865348816 0.05324074253439903 0.014583333395421505 0.017592592164874077
7 0.5184895992279053 0.17870371043682098 0.004687500186264515 0.01666666753590107
2 0.05755208432674408 0.20185184478759766 0.0651041641831398 0.06666667014360428
1 0.8973958492279053 0.22592592239379883 0.03541666641831398 0.031481482088565826
1 0.5661458373069763 0.05879629775881767 0.00937500037252903 0.006481481250375509
7 0.10546875 0.2837963104248047 0.02656250074505806 0.02500000037252903
7 0.67578125 0.08981481194496155 0.004687500186264515 0.009259259328246117
8 0.518750011920929 0.18379630148410797 0.0020833334419876337 0.01944444514811039
1 0.5338541865348816 0.05879629775881767 0.00937500037252903 0.006481481250375509
8 0.8500000238418579 0.30694442987442017 0.02187499962747097 0.026851851493120193
0 0.48515623807907104 0.12824073433876038 0.0015625000232830644 0.008333333767950535
0 0.5283854007720947 0.10277777910232544 0.0015625000232830644 0.011111111380159855
0 0.4973958432674408 0.0773148164153099 0.0010416667209938169 0.008333333767950535
0 0.6734374761581421 0.10138888657093048 0.0020833334419876337 0.010185184888541698
0 0.4971354305744171 0.06064814701676369 0.0005208333604969084 0.006481481250375509
0 0.0872395858168602 0.3203703761100769 0.01197916641831398 0.029629629105329514
0 0.48229166865348816 0.15138888359069824 0.0020833334419876337 0.015740741044282913
0 0.7749999761581421 0.1578703671693802 0.0052083334885537624 0.015740741044282913
0 0.5002604126930237 0.06666667014360428 0.0005208333604969084 0.007407407276332378
0 0.7132812738418579 0.10000000149011612 0.0026041667442768812 0.011111111380159855
0 0.4947916567325592 0.06805555522441864 0.0010416667209938169 0.004629629664123058
0 0.48880207538604736 0.10925926268100739 0.0015625000232830644 0.011111111380159855
0 0.49687498807907104 0.05972222238779068 0.0010416667209938169 0.006481481250375509
0 0.6343749761581421 0.06481481343507767 0.0010416667209938169 0.007407407276332378
0 0.9947916865348816 0.3212963044643402 0.010416666977107525 0.029629629105329514
0 0.8812500238418579 0.2518518567085266 0.008333333767950535 0.014814814552664757
0 0.7718750238418579 0.17083333432674408 0.0052083334885537624 0.017592592164874077
0 0.75390625 0.14722222089767456 0.004687500186264515 0.014814814552664757
0 0.4924479126930237 0.1240740716457367 0.0015625000232830644 0.009259259328246117
0 0.7757812738418579 0.17546296119689941 0.004687500186264515 0.010185184888541698
0 0.5239583253860474 0.06574074178934097 0.0010416667209938169 0.0055555556900799274
0 0.6695312261581421 0.08981481194496155 0.0015625000232830644 0.009259259328246117
0 0.19869790971279144 0.13750000298023224 0.0036458333488553762 0.013888888992369175
0 0.7533854246139526 0.11527777463197708 0.0036458333488553762 0.012037036940455437
0 0.7973958253860474 0.17777778208255768 0.0052083334885537624 0.018518518656492233
0 0.15442708134651184 0.31712964177131653 0.010937499813735485 0.028703704476356506
0 0.5138021111488342 0.05601852014660835 0.0005208333604969084 0.006481481250375509
0 0.5289062261581421 0.10694444179534912 0.0015625000232830644 0.012037036940455437
0 0.6411458253860474 0.08055555820465088 0.0020833334419876337 0.0055555556900799274
0 0.5252603888511658 0.05601852014660835 0.0005208333604969084 0.006481481250375509
0 0.8489583134651184 0.22453702986240387 0.0072916666977107525 0.021296296268701553
0 0.6739583611488342 0.10046296566724777 0.0020833334419876337 0.006481481250375509
0 0.8786458373069763 0.17638888955116272 0.0062500000931322575 0.017592592164874077
0 0.4971354305744171 0.06296296417713165 0.0005208333604969084 0.007407407276332378
0 0.703125 0.1180555522441864 0.0031250000465661287 0.012037036940455437
0 0.4963541626930237 0.06203703582286835 0.0010416667209938169 0.007407407276332378
0 0.06432291865348816 0.11249999701976776 0.004687500186264515 0.012037036940455437
0 0.5257812738418579 0.05509259179234505 0.0005208333604969084 0.006481481250375509
0 0.48645833134651184 0.11157407611608505 0.0010416667209938169 0.012037036940455437
0 0.647656261920929 0.05787036940455437 0.0015625000232830644 0.006481481250375509
0 0.532031238079071 0.14537036418914795 0.0026041667442768812 0.014814814552664757
0 0.48124998807907104 0.16111111640930176 0.0020833334419876337 0.01666666753590107
0 0.532031238079071 0.12824073433876038 0.0015625000232830644 0.013888888992369175
0 0.18958333134651184 0.1379629671573639 0.004166666883975267 0.014814814552664757
0 0.1458333283662796 0.14074073731899261 0.0052083334885537624 0.014814814552664757
0 0.49531251192092896 0.07222222536802292 0.0010416667209938169 0.007407407276332378
0 0.4919270873069763 0.13379628956317902 0.0015625000232830644 0.013888888992369175
1 0.10442708432674408 0.1726851910352707 0.03072916716337204 0.017592592164874077
1 0.1341145783662796 0.23148147761821747 0.01927083358168602 0.02222222276031971
4 0.5208333134651184 0.1458333283662796 0.015625 0.07314814627170563
4 0.3023437559604645 0.08981481194496155 0.03802083432674408 0.040740739554166794
4 0.6182291507720947 0.08935185521841049 0.08437500149011612 0.01944444514811039
