1 0.09583333134651184 0.17499999701976776 0.03125 0.01666666753590107
1 0.12526041269302368 0.2351851910352707 0.01927083358168602 0.02222222276031971
4 0.5169270634651184 0.1467592567205429 0.01614583283662796 0.07314814627170563
4 0.296875 0.0902777761220932 0.03854166716337204 0.0416666679084301
4 0.6143229007720947 0.08935185521841049 0.08489583432674408 0.01944444514811039
6 0.2880208194255829 0.2606481611728668 0.01354166679084301 0.013888888992369175
6 0.2135416716337204 0.2606481611728668 0.014583333395421505 0.013888888992369175
6 0.3838541805744171 0.255092591047287 0.012500000186264515 0.015740741044282913
6 0.3984375 0.25138887763023376 0.012500000186264515 0.015740741044282913
6 0.2523437440395355 0.2606481611728668 0.01406249962747097 0.013888888992369175
2 0.6869791746139526 0.08981481194496155 0.01770833320915699 0.029629629105329514
8 0.6611979007720947 0.05787036940455437 0.0036458333488553762 0.006481481250375509
2 0.547656238079071 0.05324074253439903 0.01406249962747097 0.017592592164874077
7 0.12395833432674408 0.19074073433876038 0.00937500037252903 0.018518518656492233
8 0.5153645873069763 0.192592591047287 0.004687500186264515 0.018518518656492233
1 0.4989583194255829 0.12037037312984467 0.0062500000931322575 0.012962962500751019
2 0.5768229365348816 0.05324074253439903 0.015104166232049465 0.017592592164874077
7 0.514843761920929 0.1796296238899231 0.004687500186264515 0.01666666753590107
2 0.04713541641831398 0.20509259402751923 0.06614582985639572 0.06759259104728699
1 0.895312488079071 0.22685185074806213 0.03541666641831398 0.031481482088565826
1 0.5622395873069763 0.05879629775881767 0.00989583320915699 0.006481481250375509
7 0.09531249850988388 0.2888889014720917 0.02708333358168602 0.024074073880910873
7 0.6723958253860474 0.08981481194496155 0.004166666883975267 0.009259259328246117
8 0.5151041746139526 0.18472221493721008 0.0020833334419876337 0.01944444514811039
1 0.5296875238418579 0.05879629775881767 0.00937500037252903 0.006481481250375509
8 0.8492187261581421 0.3097222149372101 0.02239583246409893 0.026851851493120193
0 0.48124998807907104 0.12916666269302368 0.0020833334419876337 0.008333333767950535
0 0.5244791507720947 0.10277777910232544 0.0010416667209938169 0.011111111380159855
0 0.4934895932674408 0.0773148164153099 0.0005208333604969084 0.008333333767950535
0 0.6697916388511658 0.10185185074806213 0.0020833334419876337 0.011111111380159855
0 0.49296873807907104 0.06064814701676369 0.0005208333604969084 0.006481481250375509
0 0.07604166865348816 0.32685184478759766 0.012500000186264515 0.029629629105329514
0 0.4781250059604645 0.1527777761220932 0.0020833334419876337 0.014814814552664757
0 0.7718750238418579 0.1587962955236435 0.0052083334885537624 0.015740741044282913
0 0.710156261920929 0.10046296566724777 0.0026041667442768812 0.010185184888541698
0 0.4911458194255829 0.06805555522441864 0.0010416667209938169 0.004629629664123058
0 0.4846354126930237 0.10972221940755844 0.0015625000232830644 0.012037036940455437
0 0.49270832538604736 0.06018518656492233 0.0010416667209938169 0.007407407276332378
0 0.6304687261581421 0.06527777761220932 0.0015625000232830644 0.008333333767950535
0 0.9942708611488342 0.3231481611728668 0.01145833358168602 0.029629629105329514
0 0.879687488079071 0.2537037134170532 0.008333333767950535 0.014814814552664757
0 0.6700521111488342 0.07361111044883728 0.0015625000232830644 0.008333333767950535
0 0.7692708373069763 0.17175926268100739 0.0052083334885537624 0.017592592164874077
0 0.7505208253860474 0.14722222089767456 0.004166666883975267 0.014814814552664757
0 0.48828125 0.12453703582286835 0.0015625000232830644 0.008333333767950535
0 0.7731770873069763 0.17592592537403107 0.004687500186264515 0.011111111380159855
0 0.5200520753860474 0.06620370596647263 0.0005208333604969084 0.004629629664123058
0 0.6658853888511658 0.08981481194496155 0.0015625000232830644 0.009259259328246117
0 0.19218750298023224 0.1388888955116272 0.004166666883975267 0.014814814552664757
0 0.7497395873069763 0.11527777463197708 0.0036458333488553762 0.012037036940455437
0 0.7942708134651184 0.17870371043682098 0.0052083334885537624 0.018518518656492233
0 0.14453125 0.3231481611728668 0.010937499813735485 0.029629629105329514
0 0.5098958611488342 0.05601852014660835 0.0010416667209938169 0.006481481250375509
0 0.5249999761581421 0.10740740597248077 0.0010416667209938169 0.011111111380159855
0 0.637499988079071 0.08101851493120193 0.0020833334419876337 0.004629629664123058
0 0.5213541388511658 0.05601852014660835 0.0010416667209938169 0.006481481250375509
0 0.8466145992279053 0.22592592239379883 0.0078125 0.02222222276031971
0 0.6703125238418579 0.10138888657093048 0.0020833334419876337 0.006481481250375509
0 0.875781238079071 0.17731481790542603 0.006770833395421505 0.017592592164874077
0 0.4932291805744171 0.06296296417713165 0.0010416667209938169 0.007407407276332378
0 0.6994791626930237 0.11851851642131805 0.0031250000465661287 0.012962962500751019
0 0.4921875 0.06203703582286835 0.0010416667209938169 0.007407407276332378
0 0.05572916567325592 0.11435185372829437 0.0052083334885537624 0.012037036940455437
0 0.5218750238418579 0.05601852014660835 0.0010416667209938169 0.006481481250375509
0 0.48229166865348816 0.11249999701976776 0.0010416667209938169 0.012037036940455437
0 0.643750011920929 0.05787036940455437 0.0010416667209938169 0.006481481250375509
0 0.528124988079071 0.14629629254341125 0.0020833334419876337 0.014814814552664757
0 0.47708332538604736 0.16249999403953552 0.0020833334419876337 0.015740741044282913
0 0.5278645753860474 0.12870369851589203 0.0015625000232830644 0.012962962500751019
0 0.18281249701976776 0.1398148089647293 0.004166666883975267 0.014814814552664757
0 0.1380208283662796 0.14212962985038757 0.0052083334885537624 0.013888888992369175
0 0.4911458194255829 0.07268518209457397 0.0010416667209938169 0.008333333767950535
0 0.48776042461395264 0.13472221791744232 0.0015625000232830644 0.013888888992369175
1 0.09583333134651184 0.17499999701976776 0.03125 0.01666666753590107
1 0.12526041269302368 0.2351851910352707 0.01927083358168602 0.02222222276031971
4 0.5169270634651184 0.1467592567205429 0.01614583283662796 0.07314814627170563
4 0.296875 0.0902777761220932 0.03854166716337204 0.0416666679084301
4 0.6143229007720947 0.08935185521841049 0.08489583432674408 0.01944444514811039
