1 0.11692707985639572 0.16990740597248077 0.02968749962747097 0.017592592164874077
1 0.14635416865348816 0.2273148149251938 0.01875000074505806 0.021296296268701553
4 0.5270833373069763 0.14444445073604584 0.015625 0.07222222536802292
4 0.31067708134651184 0.08888889104127884 0.03697916492819786 0.040740739554166794
4 0.6247395873069763 0.08888889104127884 0.08489583432674408 0.018518518656492233
6 0.3033854067325592 0.2532407343387604 0.013020833022892475 0.013888888992369175
6 0.2317708283662796 0.25231480598449707 0.01354166679084301 0.013888888992369175
6 0.39635416865348816 0.2490740716457367 0.012500000186264515 0.014814814552664757
6 0.41067707538604736 0.244907408952713 0.01197916641831398 0.015740741044282913
6 0.26901042461395264 0.2527777850627899 0.013020833022892475 0.012962962500751019
2 0.6968749761581421 0.08981481194496155 0.01770833320915699 0.029629629105329514
8 0.29739582538604736 0.10648148506879807 0.004166666883975267 0.011111111380159855
8 0.671875 0.05787036940455437 0.004166666883975267 0.006481481250375509
1 0.17421874403953552 0.1736111044883728 0.02135416679084301 0.01944444514811039
2 0.55859375 0.05324074253439903 0.01406249962747097 0.017592592164874077
7 0.14427083730697632 0.18518517911434174 0.008333333767950535 0.018518518656492233
8 0.5252603888511658 0.1893518567085266 0.004687500186264515 0.017592592164874077
1 0.5093749761581421 0.11898148059844971 0.0062500000931322575 0.012037036940455437
7 0.5536458492279053 0.05740740895271301 0.004166666883975267 0.0055555556900799274
2 0.5874999761581421 0.05324074253439903 0.014583333395421505 0.017592592164874077
7 0.5247395634651184 0.17685185372829437 0.004687500186264515 0.01666666753590107
2 0.07187499850988388 0.19861111044883728 0.0625 0.06574074178934097
1 0.903124988079071 0.22592592239379883 0.03541666641831398 0.031481482088565826
1 0.5726562738418579 0.05833333358168602 0.00989583320915699 0.0055555556900799274
7 0.11901041865348816 0.27824074029922485 0.02552083320915699 0.02500000037252903
7 0.6825520992279053 0.08981481194496155 0.004687500186264515 0.009259259328246117
8 0.5249999761581421 0.18194444477558136 0.0020833334419876337 0.01944444514811039
1 0.5401041507720947 0.05833333358168602 0.00937500037252903 0.0055555556900799274
8 0.8541666865348816 0.30509260296821594 0.02187499962747097 0.026851851493120193
0 0.49166667461395264 0.12731482088565826 0.0020833334419876337 0.008333333767950535
0 0.5346354246139526 0.10231481492519379 0.0015625000232830644 0.010185184888541698
0 0.5041666626930237 0.07685185223817825 0.0010416667209938169 0.009259259328246117
0 0.6799479126930237 0.10138888657093048 0.0026041667442768812 0.010185184888541698
0 0.50390625 0.06018518656492233 0.0005208333604969084 0.007407407276332378
0 0.10130207985639572 0.3134259283542633 0.01197916641831398 0.028703704476356506
0 0.48880207538604736 0.15046297013759613 0.0015625000232830644 0.015740741044282913
0 0.78125 0.1578703671693802 0.0052083334885537624 0.015740741044282913
0 0.5067708492279053 0.06666667014360428 0.0010416667209938169 0.007407407276332378
0 0.7200520634651184 0.10000000149011612 0.0026041667442768812 0.011111111380159855
0 0.5015624761581421 0.06805555522441864 0.0010416667209938169 0.004629629664123058
0 0.49531251192092896 0.10833333432674408 0.0010416667209938169 0.011111111380159855
0 0.5036458373069763 0.05972222238779068 0.0010416667209938169 0.006481481250375509
0 0.6411458253860474 0.06481481343507767 0.0010416667209938169 0.007407407276332378
0 0.9973958134651184 0.3203703761100769 0.0052083334885537624 0.029629629105329514
0 0.8869791626930237 0.2518518567085266 0.008333333767950535 0.014814814552664757
0 0.7778645753860474 0.17037037014961243 0.004687500186264515 0.01666666753590107
0 0.7601562738418579 0.1467592567205429 0.004687500186264515 0.015740741044282913
0 0.4986979067325592 0.12314815074205399 0.0015625000232830644 0.009259259328246117
0 0.782031238079071 0.17546296119689941 0.004687500186264515 0.010185184888541698
0 0.5307291746139526 0.06574074178934097 0.0010416667209938169 0.0055555556900799274
0 0.6760416626930237 0.08981481194496155 0.0020833334419876337 0.009259259328246117
0 0.20885416865348816 0.13564814627170563 0.004166666883975267 0.013888888992369175
0 0.7598958611488342 0.11527777463197708 0.0031250000465661287 0.012037036940455437
0 0.8033854365348816 0.17777778208255768 0.00572916679084301 0.018518518656492233
0 0.16718749701976776 0.3106481432914734 0.010416666977107525 0.028703704476356506
0 0.520312488079071 0.05601852014660835 0.0010416667209938169 0.006481481250375509
0 0.53515625 0.10648148506879807 0.0015625000232830644 0.011111111380159855
0 0.647656261920929 0.08055555820465088 0.0015625000232830644 0.0055555556900799274
0 0.5317708253860474 0.05601852014660835 0.0010416667209938169 0.006481481250375509
0 0.8544270992279053 0.22453702986240387 0.0078125 0.021296296268701553
0 0.6802083253860474 0.10046296566724777 0.0020833334419876337 0.006481481250375509
0 0.8854166865348816 0.17638888955116272 0.0062500000931322575 0.017592592164874077
0 0.50390625 0.0625 0.0005208333604969084 0.006481481250375509
0 0.7093750238418579 0.1180555522441864 0.0031250000465661287 0.012037036940455437
0 0.503125011920929 0.06203703582286835 0.0010416667209938169 0.007407407276332378
0 0.0768229141831398 0.1111111119389534 0.004687500186264515 0.011111111380159855
0 0.3466145694255829 0.06805555522441864 0.0015625000232830644 0.008333333767950535
0 0.5325520634651184 0.05509259179234505 0.0005208333604969084 0.006481481250375509
0 0.49296873807907104 0.1111111119389534 0.0015625000232830644 0.011111111380159855
0 0.6544271111488342 0.05787036940455437 0.0015625000232830644 0.006481481250375509
0 0.5380208492279053 0.14444445073604584 0.0020833334419876337 0.014814814552664757
0 0.48750001192092896 0.16018518805503845 0.0020833334419876337 0.01666666753590107
0 0.538281261920929 0.12777778506278992 0.0015625000232830644 0.012962962500751019
0 0.19973959028720856 0.13657407462596893 0.0036458333488553762 0.013888888992369175
0 0.15703125298023224 0.13842593133449554 0.004687500186264515 0.013888888992369175
0 0.5020833611488342 0.07175926119089127 0.0010416667209938169 0.008333333767950535
0 0.49817708134651184 0.1328703761100769 0.0015625000232830644 0.013888888992369175
1 0.11692707985639572 0.16990740597248077 0.02968749962747097 0.017592592164874077
1 0.14635416865348816 0.2273148149251938 0.01875000074505806 0.021296296268701553
4 0.5270833373069763 0.14444445073604584 0.015625 0.07222222536802292
4 0.31067708134651184 0.08888889104127884 0.03697916492819786 0.040740739554166794
4 0.6247395873069763 0.08888889104127884 0.08489583432674408 0.018518518656492233
