1 0.13177083432674408 0.1666666716337204 0.02916666679084301 0.01666666753590107
1 0.16119791567325592 0.22268518805503845 0.01822916604578495 0.021296296268701553
4 0.5354166626930237 0.14398148655891418 0.015625 0.07129629701375961
4 0.3213541805744171 0.08796296268701553 0.0364583320915699 0.040740739554166794
4 0.6333333253860474 0.08842592686414719 0.08541666716337204 0.01944444514811039
6 0.31432291865348816 0.2490740716457367 0.013020833022892475 0.012962962500751019
6 0.24427083134651184 0.24768517911434174 0.01354166679084301 0.013888888992369175
6 0.40572917461395264 0.24583333730697632 0.012500000186264515 0.015740741044282913
6 0.4195312559604645 0.2421296238899231 0.01197916641831398 0.015740741044282913
6 0.28072917461395264 0.24861110746860504 0.01354166679084301 0.013888888992369175
2 0.7057291865348816 0.08981481194496155 0.01770833320915699 0.029629629105329514
8 0.6812499761581421 0.05787036940455437 0.004166666883975267 0.006481481250375509
1 0.18776041269302368 0.17037037014961243 0.02031249925494194 0.018518518656492233
2 0.5674479007720947 0.05277777835726738 0.01406249962747097 0.01666666753590107
7 0.1588541716337204 0.1814814805984497 0.008333333767950535 0.018518518656492233
8 0.5330728888511658 0.1884259283542633 0.004687500186264515 0.017592592164874077
1 0.5177083611488342 0.1180555522441864 0.0062500000931322575 0.012037036940455437
7 0.5625 0.05740740895271301 0.004166666883975267 0.0055555556900799274
2 0.5966145992279053 0.05324074253439903 0.015104166232049465 0.017592592164874077
7 0.5328124761581421 0.17592592537403107 0.004166666883975267 0.01666666753590107
2 0.08880208432674408 0.19398148357868195 0.0598958320915699 0.06388889253139496
1 0.9119791388511658 0.22592592239379883 0.03541666641831398 0.031481482088565826
1 0.5815104246139526 0.05833333358168602 0.00989583320915699 0.0055555556900799274
7 0.13515624403953552 0.27222222089767456 0.02447916753590107 0.024074073880910873
7 0.69140625 0.08981481194496155 0.004687500186264515 0.009259259328246117
8 0.5330728888511658 0.18101851642131805 0.0026041667442768812 0.01944444514811039
1 0.5489583611488342 0.05833333358168602 0.00937500037252903 0.0055555556900799274
8 0.8609374761581421 0.3046296238899231 0.02187499962747097 0.02777777798473835
0 0.5005208253860474 0.12638889253139496 0.0020833334419876337 0.008333333767950535
0 0.5434895753860474 0.10185185074806213 0.0015625000232830644 0.011111111380159855
0 0.5130208134651184 0.0763888880610466 0.0010416667209938169 0.008333333767950535
0 0.6888020634651184 0.10138888657093048 0.0026041667442768812 0.010185184888541698
0 0.5127604007720947 0.06018518656492233 0.0005208333604969084 0.007407407276332378
0 0.11796875298023224 0.3055555522441864 0.010937499813735485 0.02777777798473835
0 0.4973958432674408 0.14953704178333282 0.0020833334419876337 0.015740741044282913
0 0.7901041507720947 0.15833333134651184 0.0052083334885537624 0.01666666753590107
0 0.515625 0.06620370596647263 0.0010416667209938169 0.008333333767950535
0 0.7289062738418579 0.10000000149011612 0.0026041667442768812 0.011111111380159855
0 0.5104166865348816 0.06805555522441864 0.0010416667209938169 0.004629629664123058
0 0.5041666626930237 0.10787037014961243 0.0010416667209938169 0.012037036940455437
0 0.512499988079071 0.05925925821065903 0.0010416667209938169 0.007407407276332378
0 0.6499999761581421 0.06481481343507767 0.0010416667209938169 0.007407407276332378
0 0.09765625 0.11898148059844971 0.004687500186264515 0.012037036940455437
0 0.895312488079071 0.2518518567085266 0.008333333767950535 0.014814814552664757
0 0.7864583134651184 0.17037037014961243 0.0052083334885537624 0.01666666753590107
0 0.7690104246139526 0.14722222089767456 0.004687500186264515 0.014814814552664757
0 0.5075520873069763 0.12222222238779068 0.0015625000232830644 0.009259259328246117
0 0.7908853888511658 0.17546296119689941 0.004687500186264515 0.010185184888541698
0 0.5395833253860474 0.06574074178934097 0.0010416667209938169 0.0055555556900799274
0 0.6848958134651184 0.08981481194496155 0.0020833334419876337 0.009259259328246117
0 0.76953125 0.11527777463197708 0.0036458333488553762 0.012037036940455437
0 0.8122395873069763 0.17777778208255768 0.00572916679084301 0.018518518656492233
0 0.5291666388511658 0.05601852014660835 0.0010416667209938169 0.006481481250375509
0 0.543749988079071 0.10601852089166641 0.0010416667209938169 0.012037036940455437
0 0.6565104126930237 0.08055555820465088 0.0015625000232830644 0.0055555556900799274
0 0.5406249761581421 0.05601852014660835 0.0010416667209938169 0.006481481250375509
0 0.86328125 0.22453702986240387 0.0078125 0.021296296268701553
0 0.6890624761581421 0.10046296566724777 0.0020833334419876337 0.006481481250375509
0 0.895312488079071 0.17731481790542603 0.0062500000931322575 0.017592592164874077
0 0.5127604007720947 0.06203703582286835 0.0005208333604969084 0.007407407276332378
0 0.7182291746139526 0.1180555522441864 0.0031250000465661287 0.012037036940455437
0 0.5119791626930237 0.06157407537102699 0.0010416667209938169 0.006481481250375509
0 0.09192708134651184 0.10925926268100739 0.004687500186264515 0.011111111380159855
0 0.5411458611488342 0.05509259179234505 0.0010416667209938169 0.006481481250375509
0 0.5018228888511658 0.11064814776182175 0.0015625000232830644 0.012037036940455437
0 0.6635416746139526 0.05787036940455437 0.0010416667209938169 0.006481481250375509
0 0.546875 0.14351852238178253 0.0020833334419876337 0.014814814552664757
0 0.49609375 0.1587962955236435 0.0015625000232830644 0.015740741044282913
0 0.5466145873069763 0.1268518567085266 0.0015625000232830644 0.012962962500751019
0 0.2122395783662796 0.13379628956317902 0.0036458333488553762 0.013888888992369175
0 0.17109374701976776 0.13657407462596893 0.004687500186264515 0.013888888992369175
0 0.510937511920929 0.07175926119089127 0.0010416667209938169 0.008333333767950535
0 0.507031261920929 0.1319444477558136 0.0015625000232830644 0.013888888992369175
1 0.13177083432674408 0.1666666716337204 0.02916666679084301 0.01666666753590107
1 0.16119791567325592 0.22268518805503845 0.01822916604578495 0.021296296268701553
4 0.5354166626930237 0.14398148655891418 0.015625 0.07129629701375961
4 0.3213541805744171 0.08796296268701553 0.0364583320915699 0.040740739554166794
4 0.6333333253860474 0.08842592686414719 0.08541666716337204 0.01944444514811039
