1 0.04531250149011612 0.19398148357868195 0.03541666641831398 0.01944444514811039
1 0.06692708283662796 0.26759257912635803 0.0234375 0.025925925001502037
4 0.5091145634651184 0.1597222238779068 0.01718750037252903 0.0824074074625969
4 0.2757812440395355 0.09675925970077515 0.04218750074505806 0.04537037014961243
4 0.610156238079071 0.09398148208856583 0.08802083134651184 0.01944444514811039
6 0.24973958730697632 0.29814815521240234 0.01614583283662796 0.014814814552664757
6 0.16484375298023224 0.2986111044883728 0.01718750037252903 0.015740741044282913
6 0.35989582538604736 0.2907407283782959 0.014583333395421505 0.01666666753590107
6 0.3765625059604645 0.28518518805503845 0.014583333395421505 0.01666666753590107
6 0.20885416865348816 0.2986111044883728 0.01666666753590107 0.015740741044282913
2 0.688281238079071 0.0962962955236435 0.01927083358168602 0.031481482088565826
8 0.6557291746139526 0.05972222238779068 0.004166666883975267 0.006481481250375509
1 0.1119791641831398 0.19768518209457397 0.02604166604578495 0.021296296268701553
2 0.5395833253860474 0.05509259179234505 0.014583333395421505 0.017592592164874077
7 0.07447917014360428 0.21250000596046448 0.01145833358168602 0.021296296268701553
8 0.5078125 0.21203704178333282 0.0052083334885537624 0.020370369777083397
1 0.4893229305744171 0.130092591047287 0.006770833395421505 0.013888888992369175
2 0.569531261920929 0.05509259179234505 0.015104166232049465 0.017592592164874077
7 0.5067708492279053 0.19675925374031067 0.0052083334885537624 0.017592592164874077
2 0.010416666977107525 0.23333333432674408 0.02083333395421505 0.07777778059244156
1 0.9255208373069763 0.2509259283542633 0.0416666679084301 0.03703703731298447
1 0.5544270873069763 0.06064814701676369 0.00989583320915699 0.006481481250375509
7 0.02083333395421505 0.3375000059604645 0.03333333507180214 0.028703704476356506
7 0.6716145873069763 0.09490741044282913 0.004687500186264515 0.010185184888541698
8 0.5072916746139526 0.20324073731899261 0.0020833334419876337 0.021296296268701553
1 0.5234375 0.06064814701676369 0.00937500037252903 0.006481481250375509
8 0.8911458253860474 0.35648149251937866 0.02604166604578495 0.029629629105329514
0 0.4703125059604645 0.13842593133449554 0.0020833334419876337 0.008333333767950535
0 0.5161458253860474 0.10879629850387573 0.0010416667209938169 0.012037036940455437
0 0.48385417461395264 0.08148147910833359 0.0010416667209938169 0.009259259328246117
0 0.6690104007720947 0.10740740597248077 0.0026041667442768812 0.011111111380159855
0 0.4833333194255829 0.06296296417713165 0.0010416667209938169 0.007407407276332378
0 0.0002604166802484542 0.39027777314186096 0.0005208333604969084 0.034259259700775146
0 0.46666666865348816 0.1666666716337204 0.0020833334419876337 0.01666666753590107
0 0.7802083492279053 0.16990740597248077 0.0052083334885537624 0.017592592164874077
0 0.7484375238418579 0.15231481194496155 0.004166666883975267 0.015740741044282913
0 0.4869791567325592 0.0694444477558136 0.0010416667209938169 0.007407407276332378
0 0.7106770873069763 0.10555555671453476 0.0026041667442768812 0.011111111380159855
0 0.48124998807907104 0.07083333283662796 0.0010416667209938169 0.004629629664123058
0 0.675000011920929 0.08055555820465088 0.0020833334419876337 0.009259259328246117
0 0.47473958134651184 0.11666666716337204 0.0015625000232830644 0.012962962500751019
0 0.4830729067325592 0.06296296417713165 0.0005208333604969084 0.007407407276332378
0 0.625 0.06805555522441864 0.0010416667209938169 0.008333333767950535
0 0.9106770753860474 0.28148147463798523 0.00989583320915699 0.01666666753590107
0 0.6658853888511658 0.07592592388391495 0.0015625000232830644 0.009259259328246117
0 0.7822916507720947 0.18703703582286835 0.0052083334885537624 0.018518518656492233
0 0.7562500238418579 0.15694443881511688 0.004166666883975267 0.015740741044282913
0 0.4776041805744171 0.13240741193294525 0.0020833334419876337 0.009259259328246117
0 0.7838541865348816 0.1893518567085266 0.0052083334885537624 0.012037036940455437
0 0.5111979246139526 0.0694444477558136 0.0005208333604969084 0.0055555556900799274
0 0.6625000238418579 0.09398148208856583 0.0020833334419876337 0.010185184888541698
0 0.16015625 0.1509259194135666 0.004687500186264515 0.014814814552664757
0 0.7518228888511658 0.12129629403352737 0.0036458333488553762 0.012962962500751019
0 0.8065103888511658 0.1935185194015503 0.00572916679084301 0.018518518656492233
0 0.06692708283662796 0.3837963044643402 0.015104166232049465 0.034259259700775146
0 0.5015624761581421 0.05833333358168602 0.0010416667209938169 0.007407407276332378
0 0.5169270634651184 0.11342592537403107 0.0015625000232830644 0.012037036940455437
0 0.6333333253860474 0.08425925672054291 0.0020833334419876337 0.0055555556900799274
0 0.5135416388511658 0.05833333358168602 0.0010416667209938169 0.007407407276332378
0 0.8697916865348816 0.2481481432914734 0.008333333767950535 0.024074073880910873
0 0.6690104007720947 0.10648148506879807 0.0026041667442768812 0.007407407276332378
0 0.8927083611488342 0.19027778506278992 0.0072916666977107525 0.01944444514811039
0 0.4833333194255829 0.06574074178934097 0.0010416667209938169 0.007407407276332378
0 0.699999988079071 0.125 0.0031250000465661287 0.012962962500751019
0 0.48255208134651184 0.06481481343507767 0.0005208333604969084 0.007407407276332378
0 0.5138021111488342 0.05787036940455437 0.0005208333604969084 0.006481481250375509
0 0.47213542461395264 0.11898148059844971 0.0015625000232830644 0.012037036940455437
0 0.6380208134651184 0.06018518656492233 0.0010416667209938169 0.007407407276332378
0 0.5192708373069763 0.1578703671693802 0.0020833334419876337 0.015740741044282913
0 0.4661458432674408 0.17638888955116272 0.0020833334419876337 0.017592592164874077
0 0.5205729007720947 0.13750000298023224 0.0015625000232830644 0.013888888992369175
0 0.15078124403953552 0.15138888359069824 0.004687500186264515 0.015740741044282913
0 0.09583333134651184 0.15509259700775146 0.0062500000931322575 0.015740741044282913
0 0.4815104305744171 0.0754629597067833 0.0005208333604969084 0.008333333767950535
0 0.47708332538604736 0.14537036418914795 0.0020833334419876337 0.014814814552664757
1 0.04531250149011612 0.19398148357868195 0.03541666641831398 0.01944444514811039
1 0.06692708283662796 0.26759257912635803 0.0234375 0.025925925001502037
4 0.5091145634651184 0.1597222238779068 0.01718750037252903 0.0824074074625969
4 0.2757812440395355 0.09675925970077515 0.04218750074505806 0.04537037014961243
4 0.610156238079071 0.09398148208856583 0.08802083134651184 0.01944444514811039
