1 0.03593749925494194 0.19675925374031067 0.0364583320915699 0.01944444514811039
1 0.05677083507180214 0.27222222089767456 0.02395833283662796 0.025925925001502037
4 0.5057291388511658 0.16111111640930176 0.01770833320915699 0.0833333358168602
4 0.2705729305744171 0.09768518805503845 0.04322916641831398 0.04537037014961243
4 0.6067708134651184 0.09444444626569748 0.0885416641831398 0.020370369777083397
6 0.24296875298023224 0.30324074625968933 0.01614583283662796 0.015740741044282913
6 0.15625 0.30324074625968933 0.01770833320915699 0.015740741044282913
6 0.35468751192092896 0.29490742087364197 0.014583333395421505 0.017592592164874077
6 0.37161457538604736 0.2888889014720917 0.01406249962747097 0.01666666753590107
6 0.20130208134651184 0.30324074625968933 0.01718750037252903 0.015740741044282913
2 0.6851562261581421 0.0962962955236435 0.01927083358168602 0.031481482088565826
8 0.2552083432674408 0.11666666716337204 0.0052083334885537624 0.012962962500751019
8 0.6526041626930237 0.05972222238779068 0.004166666883975267 0.006481481250375509
1 0.10338541865348816 0.2004629671573639 0.02656250074505806 0.023148147389292717
2 0.535937488079071 0.05509259179234505 0.014583333395421505 0.017592592164874077
7 0.06536458432674408 0.2152777761220932 0.01197916641831398 0.021296296268701553
8 0.5041666626930237 0.21388888359069824 0.0052083334885537624 0.020370369777083397
1 0.4856770932674408 0.1310185194015503 0.006770833395421505 0.013888888992369175
7 0.53125 0.06018518656492233 0.004166666883975267 0.0055555556900799274
2 0.5658854246139526 0.05509259179234505 0.015104166232049465 0.017592592164874077
7 0.5033854246139526 0.19814814627170563 0.004687500186264515 0.018518518656492233
2 0.0052083334885537624 0.2370370328426361 0.010416666977107525 0.07962962985038757
1 0.9244791865348816 0.2518518567085266 0.0416666679084301 0.03703703731298447
1 0.55078125 0.06111111119389534 0.00989583320915699 0.0055555556900799274
7 0.012760416604578495 0.3444444537162781 0.02552083320915699 0.029629629105329514
7 0.6684895753860474 0.09537036716938019 0.004687500186264515 0.009259259328246117
8 0.50390625 0.20462962985038757 0.0026041667442768812 0.02222222276031971
1 0.5200520753860474 0.06111111119389534 0.00989583320915699 0.0055555556900799274
8 0.8916666507720947 0.35972222685813904 0.02604166604578495 0.03055555559694767
0 0.46666666865348816 0.1398148089647293 0.0020833334419876337 0.009259259328246117
0 0.512499988079071 0.10925926268100739 0.0010416667209938169 0.011111111380159855
0 0.4802083373069763 0.08148147910833359 0.0010416667209938169 0.009259259328246117
0 0.6658853888511658 0.10787037014961243 0.0026041667442768812 0.012037036940455437
0 0.47968751192092896 0.06388889253139496 0.0010416667209938169 0.007407407276332378
0 0.46302083134651184 0.1675925999879837 0.0020833334419876337 0.01666666753590107
0 0.7776041626930237 0.17037037014961243 0.0052083334885537624 0.01666666753590107
0 0.74609375 0.1527777761220932 0.004687500186264515 0.014814814552664757
0 0.4833333194255829 0.0694444477558136 0.0010416667209938169 0.007407407276332378
0 0.7075520753860474 0.10601852089166641 0.0026041667442768812 0.012037036940455437
0 0.4776041805744171 0.07129629701375961 0.0010416667209938169 0.0055555556900799274
0 0.6716145873069763 0.08101851493120193 0.0015625000232830644 0.008333333767950535
0 0.4710937440395355 0.11759259551763535 0.0015625000232830644 0.012962962500751019
0 0.4794270694255829 0.06296296417713165 0.0005208333604969084 0.007407407276332378
0 0.6216145753860474 0.06805555522441864 0.0015625000232830644 0.008333333767950535
0 0.9098958373069763 0.28333333134651184 0.00937500037252903 0.01666666753590107
0 0.6625000238418579 0.0763888880610466 0.0020833334419876337 0.008333333767950535
0 0.780468761920929 0.18796296417713165 0.00572916679084301 0.018518518656492233
0 0.7536458373069763 0.1578703671693802 0.004166666883975267 0.015740741044282913
0 0.4739583432674408 0.13333334028720856 0.0020833334419876337 0.009259259328246117
0 0.7817708253860474 0.19027778506278992 0.0052083334885537624 0.012037036940455437
0 0.5075520873069763 0.0694444477558136 0.0005208333604969084 0.0055555556900799274
0 0.659375011920929 0.09398148208856583 0.0020833334419876337 0.010185184888541698
0 0.15312500298023224 0.15231481194496155 0.0052083334885537624 0.015740741044282913
0 0.7486979365348816 0.12129629403352737 0.0036458333488553762 0.012962962500751019
0 0.8044270873069763 0.1944444477558136 0.00572916679084301 0.018518518656492233
0 0.0546875 0.3921296298503876 0.015625 0.034259259700775146
0 0.49791666865348816 0.05833333358168602 0.0010416667209938169 0.007407407276332378
0 0.5132812261581421 0.11342592537403107 0.0015625000232830644 0.012037036940455437
0 0.6302083134651184 0.08518518507480621 0.0020833334419876337 0.0055555556900799274
0 0.5101562738418579 0.05833333358168602 0.0005208333604969084 0.007407407276332378
0 0.8684895634651184 0.24953703582286835 0.008854166604578495 0.023148147389292717
0 0.6658853888511658 0.10694444179534912 0.0026041667442768812 0.006481481250375509
0 0.890625 0.19074073433876038 0.0072916666977107525 0.018518518656492233
0 0.47968751192092896 0.06574074178934097 0.0010416667209938169 0.007407407276332378
0 0.6968749761581421 0.125 0.0031250000465661287 0.012962962500751019
0 0.47864583134651184 0.06574074178934097 0.0010416667209938169 0.007407407276332378
0 0.5101562738418579 0.05787036940455437 0.0005208333604969084 0.006481481250375509
0 0.4684895873069763 0.11990740895271301 0.0015625000232830644 0.012037036940455437
0 0.6346353888511658 0.06018518656492233 0.0015625000232830644 0.007407407276332378
0 0.5158854126930237 0.1587962955236435 0.0026041667442768812 0.015740741044282913
0 0.4625000059604645 0.17731481790542603 0.0020833334419876337 0.017592592164874077
0 0.5169270634651184 0.13842593133449554 0.0015625000232830644 0.013888888992369175
0 0.14401040971279144 0.15324074029922485 0.004687500186264515 0.015740741044282913
0 0.08749999850988388 0.15694443881511688 0.0062500000931322575 0.015740741044282913
0 0.4778645932674408 0.07592592388391495 0.0005208333604969084 0.009259259328246117
0 0.47343748807907104 0.14629629254341125 0.0020833334419876337 0.014814814552664757
0 0.4320312440395355 0.11666666716337204 0.0015625000232830644 0.012962962500751019
1 0.03593749925494194 0.19675925374031067 0.0364583320915699 0.01944444514811039
1 0.05677083507180214 0.27222222089767456 0.02395833283662796 0.025925925001502037
4 0.5057291388511658 0.16111111640930176 0.01770833320915699 0.0833333358168602
4 0.2705729305744171 0.09768518805503845 0.04322916641831398 0.04537037014961243
4 0.6067708134651184 0.09444444626569748 0.0885416641831398 0.020370369777083397
