1 0.05234374850988388 0.19212962687015533 0.03489583358168602 0.01944444514811039
1 0.07473958283662796 0.2638888955116272 0.02239583246409893 0.025925925001502037
4 0.5111979246139526 0.1587962955236435 0.01718750037252903 0.08055555820465088
4 0.27916666865348816 0.0962962955236435 0.0416666679084301 0.04444444552063942
4 0.6117187738418579 0.09351851791143417 0.08802083134651184 0.020370369777083397
6 0.2552083432674408 0.29398149251937866 0.015625 0.015740741044282913
6 0.17135415971279144 0.29398149251937866 0.01666666753590107 0.015740741044282913
6 0.36328125 0.28703704476356506 0.01406249962747097 0.01666666753590107
6 0.3799479305744171 0.28148147463798523 0.01406249962747097 0.01666666753590107
6 0.21484375 0.29398149251937866 0.01614583283662796 0.015740741044282913
2 0.6893228888511658 0.09537036716938019 0.01927083358168602 0.031481482088565826
8 0.6578124761581421 0.05925925821065903 0.004166666883975267 0.007407407276332378
1 0.11796875298023224 0.19583334028720856 0.02552083320915699 0.021296296268701553
2 0.5416666865348816 0.05509259179234505 0.014583333395421505 0.017592592164874077
7 0.08124999701976776 0.20972222089767456 0.01145833358168602 0.021296296268701553
8 0.5093749761581421 0.2101851850748062 0.0052083334885537624 0.020370369777083397
1 0.49140626192092896 0.12916666269302368 0.006770833395421505 0.013888888992369175
7 0.5367187261581421 0.05972222238779068 0.004687500186264515 0.006481481250375509
2 0.5716145634651184 0.05509259179234505 0.015104166232049465 0.017592592164874077
7 0.508593738079071 0.1953703761100769 0.004687500186264515 0.018518518656492233
2 0.014583333395421505 0.2300925999879837 0.02916666679084301 0.07685185223817825
1 0.9244791865348816 0.24861110746860504 0.04062499850988388 0.03611111268401146
1 0.5565103888511658 0.06064814701676369 0.00989583320915699 0.006481481250375509
7 0.03046875074505806 0.33194443583488464 0.03281249850988388 0.028703704476356506
7 0.6729166507720947 0.09444444626569748 0.0052083334885537624 0.009259259328246117
8 0.5091145634651184 0.2013888955116272 0.0026041667442768812 0.021296296268701553
1 0.5252603888511658 0.06064814701676369 0.00989583320915699 0.006481481250375509
8 0.8882812261581421 0.3523148000240326 0.02552083320915699 0.03055555559694767
0 0.4723958373069763 0.13750000298023224 0.0020833334419876337 0.008333333767950535
0 0.5182291865348816 0.10833333432674408 0.0010416667209938169 0.011111111380159855
0 0.4859375059604645 0.08101851493120193 0.0010416667209938169 0.008333333767950535
0 0.6705729365348816 0.10694444179534912 0.0026041667442768812 0.012037036940455437
0 0.4856770932674408 0.06296296417713165 0.0005208333604969084 0.007407407276332378
0 0.00572916679084301 0.38240739703178406 0.01145833358168602 0.03333333507180214
0 0.4690104126930237 0.1648148149251938 0.0026041667442768812 0.01666666753590107
0 0.78125 0.16898147761821747 0.0052083334885537624 0.017592592164874077
0 0.749218761920929 0.15138888359069824 0.004687500186264515 0.015740741044282913
0 0.48906248807907104 0.06898148357868195 0.0010416667209938169 0.008333333767950535
0 0.7119791507720947 0.10555555671453476 0.0031250000465661287 0.011111111380159855
0 0.4833333194255829 0.07083333283662796 0.0010416667209938169 0.004629629664123058
0 0.676562488079071 0.08055555820465088 0.0020833334419876337 0.009259259328246117
0 0.4768229126930237 0.11620370298624039 0.0015625000232830644 0.012037036940455437
0 0.48515623807907104 0.06203703582286835 0.0005208333604969084 0.007407407276332378
0 0.6268228888511658 0.06759259104728699 0.0015625000232830644 0.007407407276332378
0 0.909375011920929 0.27916666865348816 0.00937500037252903 0.015740741044282913
0 0.6677083373069763 0.0754629597067833 0.0020833334419876337 0.008333333767950535
0 0.7825520634651184 0.1856481432914734 0.00572916679084301 0.017592592164874077
0 0.7572916746139526 0.15601852536201477 0.004166666883975267 0.015740741044282913
0 0.47994792461395264 0.1319444477558136 0.0015625000232830644 0.010185184888541698
0 0.784375011920929 0.1884259283542633 0.0052083334885537624 0.012037036940455437
0 0.5132812261581421 0.06851851940155029 0.0005208333604969084 0.0055555556900799274
0 0.6645833253860474 0.09351851791143417 0.0020833334419876337 0.009259259328246117
0 0.16484375298023224 0.14953704178333282 0.004687500186264515 0.015740741044282913
0 0.7528645992279053 0.12083332985639572 0.0036458333488553762 0.012037036940455437
0 0.8070312738418579 0.19212962687015533 0.00572916679084301 0.01944444514811039
0 0.07708333432674408 0.3768518567085266 0.014583333395421505 0.03333333507180214
0 0.5036458373069763 0.05787036940455437 0.0010416667209938169 0.006481481250375509
0 0.5190104246139526 0.11249999701976776 0.0015625000232830644 0.012037036940455437
0 0.6351562738418579 0.08425925672054291 0.0015625000232830644 0.0055555556900799274
0 0.515625 0.05787036940455437 0.0010416667209938169 0.006481481250375509
0 0.8692708611488342 0.24629630148410797 0.008333333767950535 0.024074073880910873
0 0.6705729365348816 0.10601852089166641 0.0026041667442768812 0.006481481250375509
0 0.8932291865348816 0.1893518567085266 0.0072916666977107525 0.01944444514811039
0 0.4856770932674408 0.06574074178934097 0.0005208333604969084 0.007407407276332378
0 0.7015625238418579 0.1240740716457367 0.0031250000465661287 0.012962962500751019
0 0.4846354126930237 0.06481481343507767 0.0005208333604969084 0.007407407276332378
0 0.5158854126930237 0.05740740895271301 0.0005208333604969084 0.007407407276332378
0 0.4742187559604645 0.11851851642131805 0.0015625000232830644 0.012962962500751019
0 0.6401041746139526 0.06018518656492233 0.0010416667209938169 0.007407407276332378
0 0.5210937261581421 0.15694443881511688 0.0026041667442768812 0.015740741044282913
0 0.4684895873069763 0.1745370328426361 0.0026041667442768812 0.017592592164874077
0 0.522656261920929 0.13657407462596893 0.0015625000232830644 0.013888888992369175
0 0.10182292014360428 0.15324074029922485 0.00572916679084301 0.015740741044282913
0 0.48385417461395264 0.0754629597067833 0.0010416667209938169 0.008333333767950535
0 0.4794270694255829 0.14444445073604584 0.0015625000232830644 0.014814814552664757
1 0.05234374850988388 0.19212962687015533 0.03489583358168602 0.01944444514811039
1 0.07473958283662796 0.2638888955116272 0.02239583246409893 0.025925925001502037
4 0.5111979246139526 0.1587962955236435 0.01718750037252903 0.08055555820465088
4 0.27916666865348816 0.0962962955236435 0.0416666679084301 0.04444444552063942
4 0.6117187738418579 0.09351851791143417 0.08802083134651184 0.020370369777083397
