1 0.06432291865348816 0.18611110746860504 0.0338541679084301 0.018518518656492233
1 0.09036458283662796 0.2527777850627899 0.02135416679084301 0.024074073880910873
4 0.5093749761581421 0.1537037044763565 0.01666666753590107 0.07777778059244156
4 0.28177082538604736 0.09398148208856583 0.04062499850988388 0.043518517166376114
4 0.6083333492279053 0.0912037044763565 0.08645833283662796 0.01944444514811039
6 0.26484376192092896 0.2805555462837219 0.015104166232049465 0.014814814552664757
6 0.18437500298023224 0.2805555462837219 0.015625 0.014814814552664757
6 0.3682291805744171 0.27407407760620117 0.01354166679084301 0.01666666753590107
6 0.3838541805744171 0.2689814865589142 0.01354166679084301 0.015740741044282913
6 0.22604165971279144 0.2805555462837219 0.015625 0.014814814552664757
2 0.6838541626930237 0.09305555373430252 0.01875000074505806 0.03055555559694767
8 0.26744791865348816 0.11249999701976776 0.004687500186264515 0.012037036940455437
8 0.6546875238418579 0.05879629775881767 0.004166666883975267 0.006481481250375509
1 0.12786458432674408 0.1893518567085266 0.02447916753590107 0.021296296268701553
2 0.5401041507720947 0.05416666716337204 0.014583333395421505 0.017592592164874077
7 0.09322916716337204 0.20277777314186096 0.010416666977107525 0.020370369777083397
8 0.5080729126930237 0.20277777314186096 0.004687500186264515 0.018518518656492233
1 0.49036458134651184 0.12546296417713165 0.006770833395421505 0.013888888992369175
7 0.53515625 0.05879629775881767 0.004687500186264515 0.006481481250375509
2 0.569531261920929 0.05416666716337204 0.015104166232049465 0.017592592164874077
7 0.5072916746139526 0.1884259283542633 0.004166666883975267 0.017592592164874077
2 0.02213541604578495 0.22083333134651184 0.0442708320915699 0.07314814627170563
1 0.9059895873069763 0.23842592537403107 0.03802083432674408 0.034259259700775146
1 0.5544270873069763 0.05972222238779068 0.00989583320915699 0.006481481250375509
7 0.0052083334885537624 0.13333334028720856 0.010416666977107525 0.012962962500751019
7 0.05234374850988388 0.3152777850627899 0.03072916716337204 0.026851851493120193
7 0.66796875 0.09259258955717087 0.004687500186264515 0.009259259328246117
8 0.5075520873069763 0.1944444477558136 0.0026041667442768812 0.020370369777083397
1 0.5229166746139526 0.05972222238779068 0.00937500037252903 0.006481481250375509
8 0.8658854365348816 0.33194443583488464 0.0234375 0.028703704476356506
0 0.47187501192092896 0.13379628956317902 0.0020833334419876337 0.008333333767950535
0 0.5166666507720947 0.10601852089166641 0.0010416667209938169 0.012037036940455437
0 0.48489582538604736 0.07962962985038757 0.0010416667209938169 0.009259259328246117
0 0.6656249761581421 0.10462962836027145 0.0020833334419876337 0.011111111380159855
0 0.484375 0.06203703582286835 0.0010416667209938169 0.007407407276332378
0 0.02864583395421505 0.3601851761341095 0.014583333395421505 0.031481482088565826
0 0.46875 0.16018518805503845 0.0020833334419876337 0.01666666753590107
0 0.7721354365348816 0.16388888657093048 0.004687500186264515 0.01666666753590107
0 0.48750001192092896 0.06805555522441864 0.0010416667209938169 0.008333333767950535
0 0.7065104246139526 0.10277777910232544 0.0026041667442768812 0.011111111380159855
0 0.48229166865348816 0.06990740448236465 0.0010416667209938169 0.004629629664123058
0 0.47578126192092896 0.11342592537403107 0.0015625000232830644 0.012037036940455437
0 0.4841145873069763 0.06157407537102699 0.0005208333604969084 0.006481481250375509
0 0.6239583492279053 0.06666667014360428 0.0010416667209938169 0.007407407276332378
0 0.8908854126930237 0.2666666805744171 0.008854166604578495 0.014814814552664757
0 0.6640625 0.07453703880310059 0.0020833334419876337 0.008333333767950535
0 0.7718750238418579 0.17916665971279144 0.0052083334885537624 0.017592592164874077
0 0.7494791746139526 0.15231481194496155 0.004166666883975267 0.015740741044282913
0 0.4794270694255829 0.12870369851589203 0.0015625000232830644 0.009259259328246117
0 0.7747395634651184 0.182407408952713 0.004687500186264515 0.011111111380159855
0 0.5119791626930237 0.06759259104728699 0.0010416667209938169 0.0055555556900799274
0 0.6604166626930237 0.09212963283061981 0.0020833334419876337 0.010185184888541698
0 0.1705729216337204 0.1458333283662796 0.004687500186264515 0.015740741044282913
0 0.7466145753860474 0.1180555522441864 0.0036458333488553762 0.012037036940455437
0 0.7963541746139526 0.18611110746860504 0.0052083334885537624 0.018518518656492233
0 0.10078124701976776 0.3550925850868225 0.013020833022892475 0.032407406717538834
0 0.5018228888511658 0.05694444477558136 0.0005208333604969084 0.006481481250375509
0 0.5171874761581421 0.11064814776182175 0.0010416667209938169 0.012037036940455437
0 0.6315104365348816 0.08287037163972855 0.0015625000232830644 0.004629629664123058
0 0.5135416388511658 0.05740740895271301 0.0010416667209938169 0.007407407276332378
0 0.8541666865348816 0.23657406866550446 0.008333333767950535 0.023148147389292717
0 0.6658853888511658 0.10370370000600815 0.0026041667442768812 0.007407407276332378
0 0.8799479007720947 0.18333333730697632 0.006770833395421505 0.018518518656492233
0 0.484375 0.06481481343507767 0.0010416667209938169 0.007407407276332378
0 0.6958333253860474 0.12175925821065903 0.0031250000465661287 0.012037036940455437
0 0.48359376192092896 0.06388889253139496 0.0005208333604969084 0.007407407276332378
0 0.5140625238418579 0.05694444477558136 0.0010416667209938169 0.006481481250375509
0 0.47343748807907104 0.11620370298624039 0.0010416667209938169 0.012037036940455437
0 0.6369791626930237 0.05925925821065903 0.0010416667209938169 0.007407407276332378
0 0.5197916626930237 0.15231481194496155 0.0020833334419876337 0.015740741044282913
0 0.46822917461395264 0.16944444179534912 0.0020833334419876337 0.01666666753590107
0 0.5205729007720947 0.13333334028720856 0.0015625000232830644 0.012962962500751019
0 0.1614583283662796 0.14629629254341125 0.004166666883975267 0.014814814552664757
0 0.11119791865348816 0.14953704178333282 0.00572916679084301 0.015740741044282913
0 0.4828124940395355 0.07453703880310059 0.0010416667209938169 0.008333333767950535
0 0.4789062440395355 0.14027777314186096 0.0015625000232830644 0.013888888992369175
1 0.06432291865348816 0.18611110746860504 0.0338541679084301 0.018518518656492233
1 0.09036458283662796 0.2527777850627899 0.02135416679084301 0.024074073880910873
4 0.5093749761581421 0.1537037044763565 0.01666666753590107 0.07777778059244156
4 0.28177082538604736 0.09398148208856583 0.04062499850988388 0.043518517166376114
4 0.6083333492279053 0.0912037044763565 0.08645833283662796 0.01944444514811039
