1 0.05833333358168602 0.18888889253139496 0.03437500074505806 0.018518518656492233
1 0.08255208283662796 0.25833332538604736 0.02239583246409893 0.025925925001502037
4 0.5104166865348816 0.15601852536201477 0.01666666753590107 0.07870370149612427
4 0.28046876192092896 0.09490741044282913 0.04114583507180214 0.043518517166376114
4 0.610156238079071 0.09259258955717087 0.08697916567325592 0.020370369777083397
6 0.2601562440395355 0.28703704476356506 0.015104166232049465 0.014814814552664757
6 0.17812499403953552 0.28703704476356506 0.01666666753590107 0.014814814552664757
6 0.3658854067325592 0.2805555462837219 0.01406249962747097 0.01666666753590107
6 0.38203126192092896 0.2750000059604645 0.01406249962747097 0.01666666753590107
6 0.22083333134651184 0.28703704476356506 0.015625 0.014814814552664757
2 0.686718761920929 0.09398148208856583 0.01927083358168602 0.03055555559694767
8 0.65625 0.05879629775881767 0.004166666883975267 0.006481481250375509
1 0.12317708134651184 0.19212962687015533 0.02447916753590107 0.021296296268701553
2 0.5411458611488342 0.05462963134050369 0.014583333395421505 0.018518518656492233
7 0.0872395858168602 0.20648148655891418 0.010937499813735485 0.020370369777083397
8 0.5088541507720947 0.20601852238178253 0.0052083334885537624 0.01944444514811039
1 0.4908854067325592 0.12731482088565826 0.006770833395421505 0.013888888992369175
7 0.5361979007720947 0.05925925821065903 0.004687500186264515 0.0055555556900799274
2 0.5705729126930237 0.05462963134050369 0.015104166232049465 0.018518518656492233
7 0.5080729126930237 0.19212962687015533 0.004687500186264515 0.017592592164874077
2 0.01848958246409893 0.22546295821666718 0.03697916492819786 0.07500000298023224
1 0.9153645634651184 0.24351851642131805 0.0390625 0.035185184329748154
1 0.555468738079071 0.06018518656492233 0.00989583320915699 0.0055555556900799274
7 0.0031250000465661287 0.13425925374031067 0.0062500000931322575 0.012962962500751019
7 0.0416666679084301 0.3236111104488373 0.03125 0.026851851493120193
7 0.6705729365348816 0.09351851791143417 0.004687500186264515 0.009259259328246117
8 0.5083333253860474 0.19768518209457397 0.0020833334419876337 0.021296296268701553
1 0.524218738079071 0.06064814701676369 0.00989583320915699 0.006481481250375509
8 0.8773437738418579 0.3421296179294586 0.02447916753590107 0.028703704476356506
0 0.4723958373069763 0.13564814627170563 0.0020833334419876337 0.008333333767950535
0 0.5174478888511658 0.10740740597248077 0.0015625000232830644 0.011111111380159855
0 0.4854166805744171 0.08009259402751923 0.0010416667209938169 0.008333333767950535
0 0.6682291626930237 0.10555555671453476 0.0020833334419876337 0.011111111380159855
0 0.48515623807907104 0.06296296417713165 0.0005208333604969084 0.007407407276332378
0 0.01614583283662796 0.3712962865829468 0.015625 0.03333333507180214
0 0.4690104126930237 0.16249999403953552 0.0026041667442768812 0.015740741044282913
0 0.776562511920929 0.1666666716337204 0.0052083334885537624 0.01666666753590107
0 0.745312511920929 0.14907407760620117 0.004166666883975267 0.014814814552664757
0 0.4885416626930237 0.06851851940155029 0.0010416667209938169 0.007407407276332378
0 0.7093750238418579 0.10370370000600815 0.0031250000465661287 0.011111111380159855
0 0.4828124940395355 0.06990740448236465 0.0010416667209938169 0.004629629664123058
0 0.4763020873069763 0.11481481790542603 0.0015625000232830644 0.012962962500751019
0 0.48489582538604736 0.06203703582286835 0.0010416667209938169 0.007407407276332378
0 0.6255208253860474 0.06712962687015533 0.0010416667209938169 0.008333333767950535
0 0.9002603888511658 0.2726851999759674 0.008854166604578495 0.015740741044282913
0 0.6658853888511658 0.0754629597067833 0.0015625000232830644 0.008333333767950535
0 0.77734375 0.182407408952713 0.00572916679084301 0.018518518656492233
0 0.7536458373069763 0.15416666865348816 0.004166666883975267 0.015740741044282913
0 0.47994792461395264 0.13055555522441864 0.0015625000232830644 0.009259259328246117
0 0.7796875238418579 0.18518517911434174 0.0052083334885537624 0.011111111380159855
0 0.512499988079071 0.06851851940155029 0.0010416667209938169 0.0055555556900799274
0 0.6625000238418579 0.09305555373430252 0.0020833334419876337 0.010185184888541698
0 0.16796875 0.1476851850748062 0.004687500186264515 0.015740741044282913
0 0.75 0.11944444477558136 0.0031250000465661287 0.012962962500751019
0 0.8018229007720947 0.18888889253139496 0.00572916679084301 0.018518518656492233
0 0.08906249701976776 0.36574074625968933 0.01354166679084301 0.03333333507180214
0 0.5028645992279053 0.05787036940455437 0.0005208333604969084 0.006481481250375509
0 0.5182291865348816 0.11157407611608505 0.0010416667209938169 0.012037036940455437
0 0.633593738079071 0.0833333358168602 0.0015625000232830644 0.0055555556900799274
0 0.514843761920929 0.05787036940455437 0.0005208333604969084 0.006481481250375509
0 0.8619791865348816 0.24120371043682098 0.008333333767950535 0.023148147389292717
0 0.6682291626930237 0.1050925925374031 0.0020833334419876337 0.006481481250375509
0 0.88671875 0.18611110746860504 0.006770833395421505 0.018518518656492233
0 0.48515623807907104 0.06481481343507767 0.0005208333604969084 0.007407407276332378
0 0.6989583373069763 0.12314815074205399 0.0031250000465661287 0.012962962500751019
0 0.484375 0.06388889253139496 0.0010416667209938169 0.007407407276332378
0 0.5151041746139526 0.05694444477558136 0.0010416667209938169 0.006481481250375509
0 0.4739583432674408 0.11712963134050369 0.0010416667209938169 0.012037036940455437
0 0.6385416388511658 0.05972222238779068 0.0010416667209938169 0.006481481250375509
0 0.5205729007720947 0.15416666865348816 0.0026041667442768812 0.015740741044282913
0 0.46822917461395264 0.17222222685813904 0.0020833334419876337 0.01666666753590107
0 0.5216146111488342 0.13472221791744232 0.0015625000232830644 0.013888888992369175
0 0.15859374403953552 0.14814814925193787 0.004687500186264515 0.014814814552664757
0 0.10651041567325592 0.15138888359069824 0.00572916679084301 0.015740741044282913
0 0.4833333194255829 0.07453703880310059 0.0010416667209938169 0.008333333767950535
0 0.4791666567325592 0.14259259402751923 0.0020833334419876337 0.014814814552664757
1 0.05833333358168602 0.18888889253139496 0.03437500074505806 0.018518518656492233
1 0.08255208283662796 0.25833332538604736 0.02239583246409893 0.025925925001502037
4 0.5104166865348816 0.15601852536201477 0.01666666753590107 0.07870370149612427
4 0.28046876192092896 0.09490741044282913 0.04114583507180214 0.043518517166376114
4 0.610156238079071 0.09259258955717087 0.08697916567325592 0.020370369777083397
