4 0.49817708134651184 0.17916665971279144 0.01927083358168602 0.09537036716938019
4 0.24661459028720856 0.1050925925374031 0.04843749850988388 0.049074072390794754
4 0.6044270992279053 0.10046296566724777 0.09322916716337204 0.021296296268701553
6 0.18776041269302368 0.3611111044883728 0.02031249925494194 0.018518518656492233
6 0.08359374850988388 0.3629629611968994 0.02239583246409893 0.018518518656492233
6 0.32109373807907104 0.3490740656852722 0.01718750037252903 0.018518518656492233
6 0.34192708134651184 0.34074074029922485 0.01718750037252903 0.018518518656492233
6 0.1380208283662796 0.3620370328426361 0.02187499962747097 0.018518518656492233
2 0.6903645992279053 0.1041666641831398 0.02135416679084301 0.034259259700775146
8 0.6494791507720947 0.06157407537102699 0.004166666883975267 0.006481481250375509
1 0.04635416716337204 0.22685185074806213 0.03229166567325592 0.025925925001502037
2 0.5294271111488342 0.05740740895271301 0.015104166232049465 0.018518518656492233
8 0.49687498807907104 0.24166665971279144 0.0062500000931322575 0.02222222276031971
1 0.4765625 0.14259259402751923 0.0072916666977107525 0.014814814552664757
7 0.524218738079071 0.0625 0.004687500186264515 0.006481481250375509
2 0.5604166388511658 0.05740740895271301 0.015625 0.018518518656492233
7 0.4958333373069763 0.2222222238779068 0.0052083334885537624 0.020370369777083397
1 0.973437488079071 0.2874999940395355 0.05104166641831398 0.043518517166376114
1 0.5447916388511658 0.0634259283542633 0.010416666977107525 0.006481481250375509
7 0.6713541746139526 0.10231481492519379 0.0052083334885537624 0.010185184888541698
8 0.4963541626930237 0.2300925999879837 0.0020833334419876337 0.02500000037252903
1 0.5138021111488342 0.0634259283542633 0.00989583320915699 0.006481481250375509
8 0.964062511920929 0.43611112236976624 0.03333333507180214 0.035185184329748154
0 0.4557291567325592 0.1527777761220932 0.0020833334419876337 0.009259259328246117
0 0.5049479007720947 0.11620370298624039 0.0015625000232830644 0.012037036940455437
0 0.47083333134651184 0.08703703433275223 0.0010416667209938169 0.009259259328246117
0 0.66796875 0.11527777463197708 0.0026041667442768812 0.012037036940455437
0 0.47083333134651184 0.06666667014360428 0.0010416667209938169 0.007407407276332378
0 0.4507812559604645 0.18611110746860504 0.0026041667442768812 0.018518518656492233
0 0.79296875 0.18611110746860504 0.00572916679084301 0.018518518656492233
0 0.7606770992279053 0.1675925999879837 0.004687500186264515 0.01666666753590107
0 0.47447916865348816 0.07268518209457397 0.0010416667209938169 0.008333333767950535
0 0.7119791507720947 0.11342592537403107 0.0031250000465661287 0.012037036940455437
0 0.46875 0.07453703880310059 0.0010416667209938169 0.004629629664123058
0 0.6703125238418579 0.08472222089767456 0.0020833334419876337 0.010185184888541698
0 0.4611979126930237 0.1268518567085266 0.0015625000232830644 0.012962962500751019
0 0.4703125059604645 0.06574074178934097 0.0010416667209938169 0.007407407276332378
0 0.617968738079071 0.07175926119089127 0.0015625000232830644 0.008333333767950535
0 0.960156261920929 0.32499998807907104 0.01197916641831398 0.018518518656492233
0 0.6604166626930237 0.07962962985038757 0.0020833334419876337 0.009259259328246117
0 0.8026041388511658 0.2092592567205429 0.0062500000931322575 0.020370369777083397
0 0.7651041746139526 0.17083333432674408 0.0052083334885537624 0.017592592164874077
0 0.46302083134651184 0.14398148655891418 0.0020833334419876337 0.010185184888541698
0 0.7997395992279053 0.20879629254341125 0.00572916679084301 0.012037036940455437
0 0.49947917461395264 0.07314814627170563 0.0010416667209938169 0.0055555556900799274
0 0.6588541865348816 0.09907407313585281 0.0020833334419876337 0.011111111380159855
0 0.11380208283662796 0.16851851344108582 0.00572916679084301 0.01666666753590107
0 0.7549479007720947 0.12916666269302368 0.0036458333488553762 0.013888888992369175
0 0.8257812261581421 0.2152777761220932 0.006770833395421505 0.021296296268701553
0 0.4908854067325592 0.06111111119389534 0.0005208333604969084 0.007407407276332378
0 0.5059896111488342 0.12129629403352737 0.0015625000232830644 0.012962962500751019
0 0.6283854246139526 0.08981481194496155 0.0015625000232830644 0.0055555556900799274
0 0.5036458373069763 0.06111111119389534 0.0010416667209938169 0.007407407276332378
0 0.9059895873069763 0.2819444537162781 0.010937499813735485 0.026851851493120193
0 0.6677083373069763 0.11435185372829437 0.0020833334419876337 0.006481481250375509
0 0.9182291626930237 0.20972222089767456 0.008333333767950535 0.021296296268701553
0 0.47083333134651184 0.0694444477558136 0.0010416667209938169 0.007407407276332378
0 0.7010416388511658 0.13379628956317902 0.0031250000465661287 0.013888888992369175
0 0.4697916805744171 0.06851851940155029 0.0010416667209938169 0.007407407276332378
0 0.5033854246139526 0.06018518656492233 0.0005208333604969084 0.007407407276332378
0 0.4580729305744171 0.12870369851589203 0.0015625000232830644 0.012962962500751019
0 0.6312500238418579 0.06296296417713165 0.0010416667209938169 0.007407407276332378
0 0.5083333253860474 0.1745370328426361 0.0020833334419876337 0.017592592164874077
0 0.45104166865348816 0.19629628956317902 0.0031250000465661287 0.018518518656492233
0 0.5104166865348816 0.14907407760620117 0.0020833334419876337 0.014814814552664757
0 0.10442708432674408 0.16944444179534912 0.00572916679084301 0.01666666753590107
0 0.03463541716337204 0.1745370328426361 0.0078125 0.017592592164874077
0 0.46875 0.07962962985038757 0.0010416667209938169 0.009259259328246117
0 0.46302083134651184 0.16111111640930176 0.0020833334419876337 0.01666666753590107
0 0.4221354126930237 0.1259259283542633 0.0015625000232830644 0.012962962500751019
4 0.49817708134651184 0.17916665971279144 0.01927083358168602 0.09537036716938019
4 0.24661459028720856 0.1050925925374031 0.04843749850988388 0.049074072390794754
4 0.6044270992279053 0.10046296566724777 0.09322916716337204 0.021296296268701553
