1 0.01718750037252903 0.20416666567325592 0.03437500074505806 0.01944444514811039
1 0.03281249850988388 0.28425925970077515 0.02500000037252903 0.02777777798473835
4 0.5005208253860474 0.16527777910232544 0.01770833320915699 0.08611111342906952
4 0.2606770694255829 0.09953703731298447 0.0442708320915699 0.04722222313284874
4 0.6026041507720947 0.09537036716938019 0.08958332985639572 0.020370369777083397
6 0.22708334028720856 0.3166666626930237 0.01770833320915699 0.01666666753590107
6 0.13593749701976776 0.317592591047287 0.01875000074505806 0.01666666753590107
6 0.3440104126930237 0.30694442987442017 0.015104166232049465 0.017592592164874077
6 0.3617187440395355 0.3004629611968994 0.015104166232049465 0.017592592164874077
6 0.18359375 0.3166666626930237 0.01822916604578495 0.01666666753590107
2 0.6825520992279053 0.09768518805503845 0.01927083358168602 0.032407406717538834
8 0.2447916716337204 0.11898148059844971 0.0052083334885537624 0.012037036940455437
8 0.6479166746139526 0.05972222238779068 0.004166666883975267 0.006481481250375509
1 0.08541666716337204 0.20787036418914795 0.02812499925494194 0.023148147389292717
2 0.5307291746139526 0.0555555559694767 0.014583333395421505 0.018518518656492233
7 0.04479166492819786 0.22361111640930176 0.012500000186264515 0.021296296268701553
8 0.49921876192092896 0.2203703671693802 0.00572916679084301 0.020370369777083397
1 0.4802083373069763 0.13379628956317902 0.0072916666977107525 0.013888888992369175
2 0.5611979365348816 0.0555555559694767 0.015104166232049465 0.018518518656492233
7 0.4984374940395355 0.20370370149612427 0.0052083334885537624 0.018518518656492233
1 0.9299479126930237 0.2587963044643402 0.04322916641831398 0.037962961941957474
1 0.5455729365348816 0.06157407537102699 0.00989583320915699 0.006481481250375509
7 0.6653645634651184 0.09675925970077515 0.004687500186264515 0.010185184888541698
8 0.4986979067325592 0.21064814925193787 0.0026041667442768812 0.023148147389292717
1 0.5153645873069763 0.06157407537102699 0.00989583320915699 0.006481481250375509
8 0.9020833373069763 0.3740740716457367 0.02708333358168602 0.031481482088565826
0 0.4606770873069763 0.14305555820465088 0.0026041667442768812 0.008333333767950535
0 0.5072916746139526 0.11064814776182175 0.0010416667209938169 0.012037036940455437
0 0.4739583432674408 0.0833333358168602 0.0010416667209938169 0.009259259328246117
0 0.6627604365348816 0.10925926268100739 0.0026041667442768812 0.011111111380159855
0 0.4739583432674408 0.06481481343507767 0.0010416667209938169 0.007407407276332378
0 0.4567708373069763 0.17222222685813904 0.0020833334419876337 0.01666666753590107
0 0.7770833373069763 0.1736111044883728 0.0052083334885537624 0.017592592164874077
0 0.745312511920929 0.15555556118488312 0.004166666883975267 0.01666666753590107
0 0.4776041805744171 0.07037036865949631 0.0010416667209938169 0.007407407276332378
0 0.7046874761581421 0.10740740597248077 0.0031250000465661287 0.011111111380159855
0 0.47187501192092896 0.07175926119089127 0.0010416667209938169 0.004629629664123058
0 0.6674479246139526 0.08148147910833359 0.0015625000232830644 0.009259259328246117
0 0.4651041626930237 0.11944444477558136 0.0020833334419876337 0.012962962500751019
0 0.47343748807907104 0.06388889253139496 0.0010416667209938169 0.007407407276332378
0 0.6169270873069763 0.06898148357868195 0.0015625000232830644 0.008333333767950535
0 0.9158853888511658 0.2907407283782959 0.00989583320915699 0.01666666753590107
0 0.6580728888511658 0.0763888880610466 0.0015625000232830644 0.008333333767950535
0 0.7809895873069763 0.19212962687015533 0.00572916679084301 0.01944444514811039
0 0.7520833611488342 0.16018518805503845 0.004166666883975267 0.01666666753590107
0 0.4677083194255829 0.13611111044883728 0.0020833334419876337 0.009259259328246117
0 0.78125 0.19398148357868195 0.0052083334885537624 0.012037036940455437
0 0.5020833611488342 0.07037036865949631 0.0010416667209938169 0.0055555556900799274
0 0.655468761920929 0.09490741044282913 0.0026041667442768812 0.010185184888541698
0 0.13906249403953552 0.15694443881511688 0.0052083334885537624 0.015740741044282913
0 0.7458333373069763 0.12314815074205399 0.0031250000465661287 0.012962962500751019
0 0.8049479126930237 0.19861111044883728 0.00572916679084301 0.01944444514811039
0 0.02265625074505806 0.41620370745658875 0.01718750037252903 0.03611111268401146
0 0.49270832538604736 0.05879629775881767 0.0010416667209938169 0.006481481250375509
0 0.5080729126930237 0.11527777463197708 0.0015625000232830644 0.012037036940455437
0 0.6260416507720947 0.08611111342906952 0.0020833334419876337 0.0055555556900799274
0 0.5049479007720947 0.05925925821065903 0.0005208333604969084 0.007407407276332378
0 0.871874988079071 0.25555557012557983 0.00937500037252903 0.024074073880910873
0 0.6625000238418579 0.10833333432674408 0.0020833334419876337 0.007407407276332378
0 0.8916666507720947 0.1944444477558136 0.0072916666977107525 0.018518518656492233
0 0.4739583432674408 0.06666667014360428 0.0010416667209938169 0.007407407276332378
0 0.6940104365348816 0.1268518567085266 0.0036458333488553762 0.012962962500751019
0 0.4729166626930237 0.06620370596647263 0.0010416667209938169 0.008333333767950535
0 0.5049479007720947 0.05833333358168602 0.0005208333604969084 0.007407407276332378
0 0.4622395932674408 0.12175925821065903 0.0015625000232830644 0.012037036940455437
0 0.6299479007720947 0.06111111119389534 0.0015625000232830644 0.007407407276332378
0 0.5104166865348816 0.16249999403953552 0.0020833334419876337 0.015740741044282913
0 0.45651042461395264 0.18194444477558136 0.0026041667442768812 0.017592592164874077
0 0.5122395753860474 0.14074073731899261 0.0015625000232830644 0.014814814552664757
0 0.1302083283662796 0.1578703671693802 0.0052083334885537624 0.015740741044282913
0 0.07005207985639572 0.1615740805864334 0.006770833395421505 0.015740741044282913
0 0.47187501192092896 0.07685185223817825 0.0010416667209938169 0.009259259328246117
0 0.4677083194255829 0.15000000596046448 0.0020833334419876337 0.014814814552664757
0 0.4260416626930237 0.11898148059844971 0.0020833334419876337 0.012037036940455437
1 0.01718750037252903 0.20416666567325592 0.03437500074505806 0.01944444514811039
1 0.03281249850988388 0.28425925970077515 0.02500000037252903 0.02777777798473835
4 0.5005208253860474 0.16527777910232544 0.01770833320915699 0.08611111342906952
4 0.2606770694255829 0.09953703731298447 0.0442708320915699 0.04722222313284874
4 0.6026041507720947 0.09537036716938019 0.08958332985639572 0.020370369777083397
