1 0.004947916604578495 0.2143518477678299 0.00989583320915699 0.021296296268701553
1 0.006770833395421505 0.30416667461395264 0.01354166679084301 0.03055555559694767
4 0.4984374940395355 0.1726851910352707 0.01875000074505806 0.08981481194496155
4 0.25208333134651184 0.10277777910232544 0.046875 0.04814814776182175
4 0.602343738079071 0.09768518805503845 0.0911458358168602 0.021296296268701553
6 0.20598958432674408 0.3393518626689911 0.01927083358168602 0.017592592164874077
6 0.1080729141831398 0.3412036895751953 0.02031249925494194 0.017592592164874077
6 0.33125001192092896 0.32870370149612427 0.01666666753590107 0.018518518656492233
6 0.3505208194255829 0.3212963044643402 0.015625 0.018518518656492233
6 0.1588541716337204 0.3402777910232544 0.01979166641831398 0.017592592164874077
2 0.6854166388511658 0.10092592239379883 0.02083333395421505 0.03333333507180214
8 0.6473958492279053 0.06064814701676369 0.004166666883975267 0.006481481250375509
1 0.06328125298023224 0.21805556118488312 0.03072916716337204 0.02500000037252903
2 0.5289062261581421 0.05648148059844971 0.015104166232049465 0.018518518656492233
7 0.01901041716337204 0.23564815521240234 0.01406249962747097 0.023148147389292717
8 0.4971354305744171 0.23101851344108582 0.00572916679084301 0.021296296268701553
1 0.47708332538604736 0.13842593133449554 0.0072916666977107525 0.013888888992369175
7 0.5236979126930237 0.06157407537102699 0.004687500186264515 0.006481481250375509
2 0.559374988079071 0.05648148059844971 0.015625 0.018518518656492233
7 0.4958333373069763 0.2134259194135666 0.0052083334885537624 0.01944444514811039
1 0.9505208134651184 0.27314814925193787 0.046875 0.040740739554166794
1 0.5440104007720947 0.0625 0.00989583320915699 0.006481481250375509
7 0.667187511920929 0.09953703731298447 0.0052083334885537624 0.010185184888541698
8 0.49661457538604736 0.22083333134651184 0.0026041667442768812 0.023148147389292717
1 0.5132812261581421 0.0625 0.00989583320915699 0.006481481250375509
8 0.9315103888511658 0.4046296179294586 0.02968749962747097 0.03333333507180214
0 0.45703125 0.14814814925193787 0.0026041667442768812 0.009259259328246117
0 0.5049479007720947 0.11342592537403107 0.0015625000232830644 0.012037036940455437
0 0.4713541567325592 0.08518518507480621 0.0010416667209938169 0.009259259328246117
0 0.6643229126930237 0.11249999701976776 0.0026041667442768812 0.012037036940455437
0 0.4710937440395355 0.06574074178934097 0.0005208333604969084 0.007407407276332378
0 0.45234376192092896 0.17916665971279144 0.0026041667442768812 0.017592592164874077
0 0.7838541865348816 0.18009258806705475 0.0052083334885537624 0.017592592164874077
0 0.7523437738418579 0.1615740805864334 0.004687500186264515 0.015740741044282913
0 0.4749999940395355 0.07175926119089127 0.0010416667209938169 0.008333333767950535
0 0.7072916626930237 0.1101851835846901 0.0031250000465661287 0.011111111380159855
0 0.4690104126930237 0.07361111044883728 0.0015625000232830644 0.004629629664123058
0 0.6677083373069763 0.0833333358168602 0.0020833334419876337 0.009259259328246117
0 0.4619791805744171 0.12314815074205399 0.0020833334419876337 0.012962962500751019
0 0.47083333134651184 0.06481481343507767 0.0010416667209938169 0.007407407276332378
0 0.616406261920929 0.06990740448236465 0.0015625000232830644 0.008333333767950535
0 0.936718761920929 0.30787035822868347 0.010937499813735485 0.017592592164874077
0 0.6580728888511658 0.07824073731899261 0.0015625000232830644 0.008333333767950535
0 0.7906249761581421 0.2013888955116272 0.0062500000931322575 0.01944444514811039
0 0.7575520873069763 0.1657407432794571 0.004687500186264515 0.01666666753590107
0 0.46406251192092896 0.14027777314186096 0.0020833334419876337 0.010185184888541698
0 0.7895833253860474 0.2013888955116272 0.0052083334885537624 0.012037036940455437
0 0.49947917461395264 0.07129629701375961 0.0010416667209938169 0.0055555556900799274
0 0.65625 0.09675925970077515 0.0020833334419876337 0.010185184888541698
0 0.12447916716337204 0.16296295821666718 0.0052083334885537624 0.01666666753590107
0 0.749218761920929 0.1259259283542633 0.0036458333488553762 0.012962962500751019
0 0.8140624761581421 0.20694445073604584 0.0062500000931322575 0.021296296268701553
0 0.4906249940395355 0.06018518656492233 0.0010416667209938169 0.007407407276332378
0 0.5059896111488342 0.11851851642131805 0.0015625000232830644 0.012962962500751019
0 0.6260416507720947 0.08796296268701553 0.0020833334419876337 0.0055555556900799274
0 0.503125011920929 0.06018518656492233 0.0010416667209938169 0.007407407276332378
0 0.8877604007720947 0.2689814865589142 0.00989583320915699 0.02500000037252903
0 0.6638020873069763 0.11157407611608505 0.0026041667442768812 0.006481481250375509
0 0.9039062261581421 0.20185184478759766 0.0078125 0.020370369777083397
0 0.4713541567325592 0.06851851940155029 0.0010416667209938169 0.007407407276332378
0 0.6963541507720947 0.13055555522441864 0.0031250000465661287 0.012962962500751019
0 0.4703125059604645 0.06759259104728699 0.0010416667209938169 0.007407407276332378
0 0.5028645992279053 0.05925925821065903 0.0005208333604969084 0.007407407276332378
0 0.45911458134651184 0.125 0.0015625000232830644 0.012962962500751019
0 0.6294270753860474 0.06203703582286835 0.0015625000232830644 0.007407407276332378
0 0.5078125 0.16851851344108582 0.0020833334419876337 0.01666666753590107
0 0.45260417461395264 0.1893518567085266 0.0031250000465661287 0.01944444514811039
0 0.5101562738418579 0.14537036418914795 0.0015625000232830644 0.014814814552664757
0 0.11536458134651184 0.16388888657093048 0.00572916679084301 0.01666666753590107
0 0.04973958432674408 0.16851851344108582 0.006770833395421505 0.01666666753590107
0 0.46927082538604736 0.07824073731899261 0.0010416667209938169 0.008333333767950535
0 0.46406251192092896 0.15601852536201477 0.0020833334419876337 0.015740741044282913
0 0.4229166805744171 0.12222222238779068 0.0020833334419876337 0.012962962500751019
1 0.004947916604578495 0.2143518477678299 0.00989583320915699 0.021296296268701553
1 0.006770833395421505 0.30416667461395264 0.01354166679084301 0.03055555559694767
4 0.4984374940395355 0.1726851910352707 0.01875000074505806 0.08981481194496155
4 0.25208333134651184 0.10277777910232544 0.046875 0.04814814776182175
4 0.602343738079071 0.09768518805503845 0.0911458358168602 0.021296296268701553
