1 0.0026041667442768812 0.21666666865348816 0.0052083334885537624 0.02222222276031971
1 0.0036458333488553762 0.30787035822868347 0.0072916666977107525 0.03055555559694767
4 0.4984374940395355 0.17407406866550446 0.01875000074505806 0.09074074029922485
4 0.25078123807907104 0.10324074327945709 0.04739583283662796 0.049074072390794754
4 0.6031249761581421 0.09861110895872116 0.09166666865348816 0.021296296268701553
6 0.2018229216337204 0.3444444537162781 0.01927083358168602 0.018518518656492233
6 0.10260416567325592 0.34583333134651184 0.02083333395421505 0.017592592164874077
6 0.3291666805744171 0.3333333432674408 0.01666666753590107 0.018518518656492233
6 0.3486979305744171 0.32592591643333435 0.01614583283662796 0.018518518656492233
6 0.15442708134651184 0.34490740299224854 0.02031249925494194 0.017592592164874077
2 0.6869791746139526 0.10185185074806213 0.02083333395421505 0.03333333507180214
8 0.6479166746139526 0.06111111119389534 0.004166666883975267 0.007407407276332378
1 0.05911458283662796 0.21990740299224854 0.03072916716337204 0.02500000037252903
2 0.5291666388511658 0.05740740895271301 0.014583333395421505 0.018518518656492233
7 0.01406249962747097 0.23842592537403107 0.014583333395421505 0.023148147389292717
8 0.4971354305744171 0.23333333432674408 0.00572916679084301 0.02222222276031971
1 0.47708332538604736 0.13935184478759766 0.0072916666977107525 0.013888888992369175
7 0.524218738079071 0.06157407537102699 0.004687500186264515 0.006481481250375509
2 0.5598958134651184 0.05694444477558136 0.015625 0.01944444514811039
7 0.4963541626930237 0.21574074029922485 0.0052083334885537624 0.020370369777083397
1 0.9557291865348816 0.27638888359069824 0.04791666567325592 0.0416666679084301
1 0.5442708134651184 0.06296296417713165 0.010416666977107525 0.0055555556900799274
7 0.6684895753860474 0.10046296566724777 0.004687500186264515 0.010185184888541698
8 0.49661457538604736 0.2231481522321701 0.0026041667442768812 0.024074073880910873
1 0.5138021111488342 0.0634259283542633 0.00989583320915699 0.006481481250375509
8 0.9393228888511658 0.4115740656852722 0.03072916716337204 0.034259259700775146
0 0.4567708373069763 0.14907407760620117 0.0020833334419876337 0.009259259328246117
0 0.5052083134651184 0.11435185372829437 0.0010416667209938169 0.012037036940455437
0 0.4713541567325592 0.08518518507480621 0.0010416667209938169 0.009259259328246117
0 0.6653645634651184 0.11342592537403107 0.0026041667442768812 0.012037036940455437
0 0.4710937440395355 0.06574074178934097 0.0005208333604969084 0.007407407276332378
0 0.45234376192092896 0.18101851642131805 0.0026041667442768812 0.017592592164874077
0 0.7861979007720947 0.1814814805984497 0.00572916679084301 0.018518518656492233
0 0.7544270753860474 0.16296295821666718 0.004687500186264515 0.01666666753590107
0 0.4749999940395355 0.07175926119089127 0.0010416667209938169 0.008333333767950535
0 0.7085937261581421 0.11064814776182175 0.0026041667442768812 0.012037036940455437
0 0.4690104126930237 0.07361111044883728 0.0015625000232830644 0.004629629664123058
0 0.668749988079071 0.0833333358168602 0.0020833334419876337 0.009259259328246117
0 0.4619791805744171 0.1240740716457367 0.0020833334419876337 0.012962962500751019
0 0.47083333134651184 0.06481481343507767 0.0010416667209938169 0.007407407276332378
0 0.6169270873069763 0.07037036865949631 0.0015625000232830644 0.007407407276332378
0 0.9424479007720947 0.3115740716457367 0.010937499813735485 0.017592592164874077
0 0.6588541865348816 0.07824073731899261 0.0020833334419876337 0.008333333767950535
0 0.793749988079071 0.20324073731899261 0.0062500000931322575 0.01944444514811039
0 0.7593749761581421 0.1666666716337204 0.0052083334885537624 0.01666666753590107
0 0.46406251192092896 0.14120370149612427 0.0020833334419876337 0.010185184888541698
0 0.792187511920929 0.20324073731899261 0.0052083334885537624 0.012037036940455437
0 0.4997395873069763 0.07222222536802292 0.0005208333604969084 0.0055555556900799274
0 0.6567708253860474 0.09768518805503845 0.0020833334419876337 0.010185184888541698
0 0.12213541567325592 0.1648148149251938 0.00572916679084301 0.01666666753590107
0 0.750781238079071 0.1268518567085266 0.0036458333488553762 0.012962962500751019
0 0.817187488079071 0.20879629254341125 0.0062500000931322575 0.021296296268701553
0 0.4908854067325592 0.06018518656492233 0.0005208333604969084 0.007407407276332378
0 0.5059896111488342 0.11944444477558136 0.0015625000232830644 0.012962962500751019
0 0.6265624761581421 0.08796296268701553 0.0020833334419876337 0.0055555556900799274
0 0.5033854246139526 0.06018518656492233 0.0005208333604969084 0.007407407276332378
0 0.8921874761581421 0.27222222089767456 0.010416666977107525 0.025925925001502037
0 0.664843738079071 0.1120370402932167 0.0026041667442768812 0.007407407276332378
0 0.9075520634651184 0.20370370149612427 0.0078125 0.020370369777083397
0 0.4713541567325592 0.06851851940155029 0.0010416667209938169 0.007407407276332378
0 0.6976562738418579 0.1310185194015503 0.0036458333488553762 0.013888888992369175
0 0.4703125059604645 0.06759259104728699 0.0010416667209938169 0.007407407276332378
0 0.503125011920929 0.05972222238779068 0.0010416667209938169 0.006481481250375509
0 0.45885416865348816 0.1259259283542633 0.0020833334419876337 0.012962962500751019
0 0.6299479007720947 0.06203703582286835 0.0015625000232830644 0.007407407276332378
0 0.5083333253860474 0.16990740597248077 0.0020833334419876337 0.017592592164874077
0 0.45234376192092896 0.19074073433876038 0.0026041667442768812 0.018518518656492233
0 0.5101562738418579 0.14629629254341125 0.0015625000232830644 0.014814814552664757
0 0.11276041716337204 0.1648148149251938 0.00572916679084301 0.01666666753590107
0 0.04635416716337204 0.16990740597248077 0.0072916666977107525 0.017592592164874077
0 0.46927082538604736 0.07870370149612427 0.0010416667209938169 0.009259259328246117
0 0.4638020694255829 0.15694443881511688 0.0026041667442768812 0.015740741044282913
0 0.4229166805744171 0.12314815074205399 0.0020833334419876337 0.012962962500751019
1 0.0026041667442768812 0.21666666865348816 0.0052083334885537624 0.02222222276031971
1 0.0036458333488553762 0.30787035822868347 0.0072916666977107525 0.03055555559694767
4 0.4984374940395355 0.17407406866550446 0.01875000074505806 0.09074074029922485
4 0.25078123807907104 0.10324074327945709 0.04739583283662796 0.049074072390794754
4 0.6031249761581421 0.09861110895872116 0.09166666865348816 0.021296296268701553
