1 0.009114583022892475 0.21064814925193787 0.01822916604578495 0.021296296268701553
1 0.012500000186264515 0.29629629850387573 0.02500000037252903 0.029629629105329514
4 0.4984374940395355 0.16944444179534912 0.01875000074505806 0.08888889104127884
4 0.25442707538604736 0.10138888657093048 0.04635416716337204 0.04722222313284874
4 0.6015625 0.09675925970077515 0.09062500298023224 0.021296296268701553
6 0.21380208432674408 0.33009257912635803 0.01822916604578495 0.017592592164874077
6 0.1184895858168602 0.3314814865589142 0.02031249925494194 0.01666666753590107
6 0.3356770873069763 0.31990739703178406 0.01614583283662796 0.017592592164874077
6 0.3544270694255829 0.31296294927597046 0.015104166232049465 0.018518518656492233
6 0.16796875 0.33101850748062134 0.01927083358168602 0.017592592164874077
2 0.6833333373069763 0.09953703731298447 0.01979166641831398 0.032407406717538834
8 0.6466146111488342 0.06064814701676369 0.0036458333488553762 0.006481481250375509
1 0.07083333283662796 0.21388888359069824 0.02916666679084301 0.024074073880910873
2 0.5286458134651184 0.05648148059844971 0.014583333395421505 0.018518518656492233
7 0.02812499925494194 0.23101851344108582 0.01354166679084301 0.023148147389292717
8 0.4971354305744171 0.22638888657093048 0.00572916679084301 0.021296296268701553
1 0.4776041805744171 0.13657407462596893 0.0072916666977107525 0.013888888992369175
7 0.5236979126930237 0.06111111119389534 0.004687500186264515 0.0055555556900799274
2 0.5591145753860474 0.05648148059844971 0.015104166232049465 0.018518518656492233
7 0.4963541626930237 0.20972222089767456 0.0052083334885537624 0.01944444514811039
1 0.9403645992279053 0.2666666805744171 0.04531250149011612 0.03888889029622078
1 0.5440104007720947 0.0625 0.00989583320915699 0.006481481250375509
7 0.6656249761581421 0.09861110895872116 0.0052083334885537624 0.010185184888541698
8 0.49661457538604736 0.2162037044763565 0.0026041667442768812 0.023148147389292717
1 0.5132812261581421 0.0625 0.00989583320915699 0.006481481250375509
8 0.91796875 0.3916666805744171 0.02864583395421505 0.03333333507180214
0 0.45755207538604736 0.1458333283662796 0.0026041667442768812 0.008333333767950535
0 0.5049479007720947 0.11249999701976776 0.0015625000232830644 0.012037036940455437
0 0.4713541567325592 0.08425925672054291 0.0010416667209938169 0.009259259328246117
0 0.6627604365348816 0.1111111119389534 0.0026041667442768812 0.011111111380159855
0 0.4713541567325592 0.06527777761220932 0.0010416667209938169 0.008333333767950535
0 0.4533854126930237 0.17638888955116272 0.0026041667442768812 0.017592592164874077
0 0.7799479365348816 0.17731481790542603 0.00572916679084301 0.017592592164874077
0 0.7481771111488342 0.1587962955236435 0.004687500186264515 0.015740741044282913
0 0.4749999940395355 0.07083333283662796 0.0010416667209938169 0.008333333767950535
0 0.7052083611488342 0.10879629850387573 0.0031250000465661287 0.012037036940455437
0 0.46927082538604736 0.07268518209457397 0.0010416667209938169 0.004629629664123058
0 0.6666666865348816 0.0824074074625969 0.0020833334419876337 0.009259259328246117
0 0.4622395932674408 0.12222222238779068 0.0015625000232830644 0.012962962500751019
0 0.4710937440395355 0.06481481343507767 0.0005208333604969084 0.007407407276332378
0 0.6156250238418579 0.0694444477558136 0.0010416667209938169 0.007407407276332378
0 0.9268229007720947 0.3004629611968994 0.010937499813735485 0.017592592164874077
0 0.6572916507720947 0.0773148164153099 0.0020833334419876337 0.008333333767950535
0 0.7856770753860474 0.19722221791744232 0.00572916679084301 0.018518518656492233
0 0.7544270753860474 0.16296295821666718 0.004687500186264515 0.01666666753590107
0 0.4651041626930237 0.13842593133449554 0.0020833334419876337 0.010185184888541698
0 0.78515625 0.19768518209457397 0.00572916679084301 0.012037036940455437
0 0.4997395873069763 0.07129629701375961 0.0005208333604969084 0.0055555556900799274
0 0.6546875238418579 0.09583333134651184 0.0020833334419876337 0.010185184888541698
0 0.12916666269302368 0.1606481522321701 0.0052083334885537624 0.015740741044282913
0 0.7466145753860474 0.125 0.0036458333488553762 0.012962962500751019
0 0.8091145753860474 0.20324073731899261 0.00572916679084301 0.01944444514811039
0 0.4906249940395355 0.05972222238779068 0.0010416667209938169 0.006481481250375509
0 0.5059896111488342 0.11712963134050369 0.0015625000232830644 0.012037036940455437
0 0.625 0.08703703433275223 0.0020833334419876337 0.0055555556900799274
0 0.503125011920929 0.05972222238779068 0.0010416667209938169 0.006481481250375509
0 0.8802083134651184 0.26342591643333435 0.00937500037252903 0.02500000037252903
0 0.6622396111488342 0.1101851835846901 0.0026041667442768812 0.007407407276332378
0 0.897656261920929 0.19861111044883728 0.0078125 0.01944444514811039
0 0.4713541567325592 0.06759259104728699 0.0010416667209938169 0.007407407276332378
0 0.694531261920929 0.12916666269302368 0.0036458333488553762 0.013888888992369175
0 0.4703125059604645 0.06666667014360428 0.0010416667209938169 0.007407407276332378
0 0.5028645992279053 0.05925925821065903 0.0005208333604969084 0.007407407276332378
0 0.4596354067325592 0.1240740716457367 0.0015625000232830644 0.012962962500751019
0 0.6286458373069763 0.06111111119389534 0.0010416667209938169 0.007407407276332378
0 0.5083333253860474 0.1657407432794571 0.0020833334419876337 0.01666666753590107
0 0.4533854126930237 0.18611110746860504 0.0026041667442768812 0.018518518656492233
0 0.5101562738418579 0.14351852238178253 0.0015625000232830644 0.014814814552664757
0 0.12005208432674408 0.1615740805864334 0.00572916679084301 0.015740741044282913
0 0.05651041492819786 0.1657407432794571 0.006770833395421505 0.01666666753590107
0 0.46927082538604736 0.07777778059244156 0.0010416667209938169 0.009259259328246117
0 0.4645833373069763 0.15324074029922485 0.0020833334419876337 0.015740741044282913
0 0.4234375059604645 0.12129629403352737 0.0020833334419876337 0.012962962500751019
1 0.009114583022892475 0.21064814925193787 0.01822916604578495 0.021296296268701553
1 0.012500000186264515 0.29629629850387573 0.02500000037252903 0.029629629105329514
4 0.4984374940395355 0.16944444179534912 0.01875000074505806 0.08888889104127884
4 0.25442707538604736 0.10138888657093048 0.04635416716337204 0.04722222313284874
4 0.6015625 0.09675925970077515 0.09062500298023224 0.021296296268701553
