4 0.49817708134651184 0.19675925374031067 0.02135416679084301 0.10648148506879807
4 0.2330729216337204 0.11157407611608505 0.05364583432674408 0.05277777835726738
4 0.6096354126930237 0.10555555671453476 0.09739582985639572 0.02222222276031971
6 0.13593749701976776 0.4236111044883728 0.02500000037252903 0.021296296268701553
6 0.014322916977107525 0.4254629611968994 0.02760416641831398 0.021296296268701553
6 0.29244792461395264 0.40740740299224854 0.02031249925494194 0.020370369777083397
6 0.31718748807907104 0.39629629254341125 0.01979166641831398 0.020370369777083397
6 0.07760416716337204 0.4245370328426361 0.02604166604578495 0.021296296268701553
2 0.7033854126930237 0.11157407611608505 0.0234375 0.03611111268401146
8 0.21406249701976776 0.13379628956317902 0.0062500000931322575 0.013888888992369175
8 0.6533854007720947 0.06388889253139496 0.004687500186264515 0.007407407276332378
2 0.5302083492279053 0.05972222238779068 0.015625 0.01944444514811039
8 0.49661457538604736 0.2689814865589142 0.006770833395421505 0.02500000037252903
1 0.4749999940395355 0.15231481194496155 0.008333333767950535 0.015740741044282913
7 0.5236979126930237 0.06527777761220932 0.004687500186264515 0.006481481250375509
2 0.5622395873069763 0.05972222238779068 0.01614583283662796 0.01944444514811039
7 0.49557292461395264 0.24583333730697632 0.00572916679084301 0.023148147389292717
1 0.546093761920929 0.06620370596647263 0.010937499813735485 0.006481481250375509
7 0.6820312738418579 0.10925926268100739 0.00572916679084301 0.011111111380159855
8 0.49609375 0.25555557012557983 0.0026041667442768812 0.02777777798473835
1 0.5140625238418579 0.06620370596647263 0.010416666977107525 0.006481481250375509
0 0.45260417461395264 0.16435185074806213 0.0031250000465661287 0.010185184888541698
0 0.5052083134651184 0.12222222238779068 0.0010416667209938169 0.012962962500751019
0 0.46953123807907104 0.0912037044763565 0.0015625000232830644 0.010185184888541698
0 0.6776041388511658 0.12222222238779068 0.0031250000465661287 0.012962962500751019
0 0.4697916805744171 0.06990740448236465 0.0010416667209938169 0.008333333767950535
0 0.4463541805744171 0.20416666567325592 0.0031250000465661287 0.01944444514811039
0 0.8158854246139526 0.20185184478759766 0.006770833395421505 0.020370369777083397
0 0.7830728888511658 0.18194444477558136 0.00572916679084301 0.017592592164874077
0 0.4739583432674408 0.0754629597067833 0.0010416667209938169 0.008333333767950535
0 0.7239583134651184 0.11990740895271301 0.0031250000465661287 0.012037036940455437
0 0.4677083194255829 0.0773148164153099 0.0010416667209938169 0.004629629664123058
0 0.6770833134651184 0.08842592686414719 0.0020833334419876337 0.010185184888541698
0 0.4593749940395355 0.13472221791744232 0.0020833334419876337 0.013888888992369175
0 0.46953123807907104 0.06851851940155029 0.0005208333604969084 0.007407407276332378
0 0.6221354007720947 0.07453703880310059 0.0015625000232830644 0.008333333767950535
0 0.6661458611488342 0.0824074074625969 0.0020833334419876337 0.009259259328246117
0 0.8335937261581421 0.23240740597248077 0.0078125 0.02222222276031971
0 0.7835937738418579 0.18425926566123962 0.00572916679084301 0.018518518656492233
0 0.4598958194255829 0.1537037044763565 0.0020833334419876337 0.011111111380159855
0 0.8257812261581421 0.22777777910232544 0.006770833395421505 0.012962962500751019
0 0.49947917461395264 0.07592592388391495 0.0010416667209938169 0.0055555556900799274
0 0.6661458611488342 0.10370370000600815 0.0020833334419876337 0.011111111380159855
0 0.08671875298023224 0.182407408952713 0.006770833395421505 0.018518518656492233
0 0.768750011920929 0.13750000298023224 0.004166666883975267 0.013888888992369175
0 0.8559895753860474 0.2370370328426361 0.0078125 0.02222222276031971
0 0.49166667461395264 0.06296296417713165 0.0010416667209938169 0.007407407276332378
0 0.5065104365348816 0.12824073433876038 0.0015625000232830644 0.013888888992369175
0 0.6338541507720947 0.09398148208856583 0.0020833334419876337 0.006481481250375509
0 0.5049479007720947 0.06296296417713165 0.0005208333604969084 0.007407407276332378
0 0.9552083611488342 0.31805557012557983 0.012500000186264515 0.028703704476356506
0 0.6768229007720947 0.12129629403352737 0.0026041667442768812 0.007407407276332378
0 0.9552083611488342 0.22962963581085205 0.00937500037252903 0.02222222276031971
0 0.4697916805744171 0.07268518209457397 0.0010416667209938169 0.008333333767950535
0 0.7122395634651184 0.14212962985038757 0.0036458333488553762 0.013888888992369175
0 0.46875 0.07129629701375961 0.0010416667209938169 0.007407407276332378
0 0.5041666626930237 0.0625 0.0010416667209938169 0.006481481250375509
0 0.4554687440395355 0.13657407462596893 0.0015625000232830644 0.013888888992369175
0 0.6354166865348816 0.06574074178934097 0.0010416667209938169 0.007407407276332378
0 0.508593738079071 0.18888889253139496 0.0026041667442768812 0.018518518656492233
0 0.44739583134651184 0.21388888359069824 0.0031250000465661287 0.020370369777083397
0 0.5111979246139526 0.15925925970077515 0.0015625000232830644 0.01666666753590107
0 0.07734374701976776 0.18287037312984467 0.006770833395421505 0.017592592164874077
0 0.4677083194255829 0.0833333358168602 0.0010416667209938169 0.009259259328246117
0 0.4596354067325592 0.1745370328426361 0.0026041667442768812 0.017592592164874077
0 0.4203124940395355 0.13379628956317902 0.0020833334419876337 0.013888888992369175
4 0.49817708134651184 0.19675925374031067 0.02135416679084301 0.10648148506879807
4 0.2330729216337204 0.11157407611608505 0.05364583432674408 0.05277777835726738
4 0.6096354126930237 0.10555555671453476 0.09739582985639572 0.02222222276031971
