4 0.49817708134651184 0.19120369851589203 0.02031249925494194 0.10277777910232544
4 0.2369791716337204 0.10925926268100739 0.0520833320915699 0.051851850003004074
4 0.6080729365348816 0.10370370000600815 0.0963541641831398 0.02222222276031971
6 0.15286459028720856 0.4027777910232544 0.0234375 0.020370369777083397
6 0.03723958507180214 0.40509259700775146 0.02552083320915699 0.021296296268701553
6 0.3018229305744171 0.3879629671573639 0.01927083358168602 0.020370369777083397
6 0.3252604305744171 0.3782407343387604 0.01927083358168602 0.01944444514811039
6 0.09765625 0.4037036895751953 0.02447916753590107 0.020370369777083397
2 0.6994791626930237 0.10925926268100739 0.02291666716337204 0.035185184329748154
8 0.21875 0.13148148357868195 0.0062500000931322575 0.012962962500751019
8 0.6520833373069763 0.0634259283542633 0.004166666883975267 0.006481481250375509
1 0.01744791679084301 0.24259258806705475 0.03489583358168602 0.02777777798473835
2 0.5299479365348816 0.05925925821065903 0.015104166232049465 0.018518518656492233
8 0.49687498807907104 0.260185182094574 0.0062500000931322575 0.024074073880910873
1 0.4755208194255829 0.14953704178333282 0.008333333767950535 0.015740741044282913
7 0.5239583253860474 0.06435184925794601 0.0052083334885537624 0.006481481250375509
2 0.561718761920929 0.05879629775881767 0.01614583283662796 0.01944444514811039
7 0.49557292461395264 0.23796296119689941 0.00572916679084301 0.02222222276031971
1 0.992968738079071 0.3143518567085266 0.01406249962747097 0.049074072390794754
1 0.5458333492279053 0.06527777761220932 0.010416666977107525 0.006481481250375509
7 0.6786458492279053 0.10740740597248077 0.0052083334885537624 0.011111111380159855
8 0.49609375 0.24768517911434174 0.0026041667442768812 0.026851851493120193
1 0.5140625238418579 0.06527777761220932 0.010416666977107525 0.006481481250375509
0 0.4533854126930237 0.16111111640930176 0.0026041667442768812 0.009259259328246117
0 0.5052083134651184 0.12037037312984467 0.0010416667209938169 0.012962962500751019
0 0.4697916805744171 0.08981481194496155 0.0010416667209938169 0.009259259328246117
0 0.6747395992279053 0.12037037312984467 0.0026041667442768812 0.012962962500751019
0 0.4703125059604645 0.06898148357868195 0.0010416667209938169 0.008333333767950535
0 0.4479166567325592 0.19861111044883728 0.0031250000465661287 0.01944444514811039
0 0.8088541626930237 0.19675925374031067 0.0062500000931322575 0.01944444514811039
0 0.7760416865348816 0.17731481790542603 0.0052083334885537624 0.017592592164874077
0 0.47447916865348816 0.07453703880310059 0.0010416667209938169 0.008333333767950535
0 0.7203124761581421 0.1180555522441864 0.0031250000465661287 0.012037036940455437
0 0.46796876192092896 0.0763888880610466 0.0015625000232830644 0.004629629664123058
0 0.675000011920929 0.08703703433275223 0.0020833334419876337 0.009259259328246117
0 0.4598958194255829 0.13240741193294525 0.0020833334419876337 0.012962962500751019
0 0.4697916805744171 0.06759259104728699 0.0010416667209938169 0.007407407276332378
0 0.6208333373069763 0.07361111044883728 0.0010416667209938169 0.008333333767950535
0 0.9984375238418579 0.35648149251937866 0.0031250000465661287 0.020370369777083397
0 0.6645833253860474 0.08148147910833359 0.0020833334419876337 0.009259259328246117
0 0.823437511920929 0.22546295821666718 0.0072916666977107525 0.021296296268701553
0 0.7778645753860474 0.18009258806705475 0.00572916679084301 0.017592592164874077
0 0.4609375 0.1509259194135666 0.0020833334419876337 0.011111111380159855
0 0.8177083134651184 0.22175925970077515 0.0062500000931322575 0.013888888992369175
0 0.49947917461395264 0.07500000298023224 0.0010416667209938169 0.0055555556900799274
0 0.6640625 0.10231481492519379 0.0020833334419876337 0.010185184888541698
0 0.0950520858168602 0.17824074625968933 0.006770833395421505 0.017592592164874077
0 0.7643229365348816 0.13472221791744232 0.0036458333488553762 0.013888888992369175
0 0.8463541865348816 0.2300925999879837 0.0072916666977107525 0.023148147389292717
0 0.49140626192092896 0.0625 0.0005208333604969084 0.006481481250375509
0 0.5062500238418579 0.1259259283542633 0.0010416667209938169 0.012962962500751019
0 0.6322916746139526 0.09259258955717087 0.0020833334419876337 0.0055555556900799274
0 0.504687488079071 0.0625 0.0010416667209938169 0.006481481250375509
0 0.9393228888511658 0.3064814805984497 0.01197916641831398 0.02777777798473835
0 0.6742187738418579 0.11944444477558136 0.0026041667442768812 0.007407407276332378
0 0.9434896111488342 0.22361111640930176 0.008854166604578495 0.021296296268701553
0 0.4703125059604645 0.07175926119089127 0.0010416667209938169 0.008333333767950535
0 0.7088541388511658 0.1398148089647293 0.0031250000465661287 0.014814814552664757
0 0.46927082538604736 0.07037036865949631 0.0010416667209938169 0.007407407276332378
0 0.50390625 0.06203703582286835 0.0005208333604969084 0.007407407276332378
0 0.45625001192092896 0.13379628956317902 0.0020833334419876337 0.013888888992369175
0 0.6341145634651184 0.06481481343507767 0.0015625000232830644 0.007407407276332378
0 0.508593738079071 0.18425926566123962 0.0026041667442768812 0.018518518656492233
0 0.44843751192092896 0.2083333283662796 0.0031250000465661287 0.020370369777083397
0 0.510937511920929 0.15601852536201477 0.0020833334419876337 0.015740741044282913
0 0.0859375 0.17824074625968933 0.0062500000931322575 0.017592592164874077
0 0.0078125 0.18425926566123962 0.008333333767950535 0.018518518656492233
0 0.46822917461395264 0.08194444328546524 0.0010416667209938169 0.008333333767950535
0 0.4606770873069763 0.17037037014961243 0.0026041667442768812 0.01666666753590107
0 0.4208333194255829 0.1310185194015503 0.0020833334419876337 0.013888888992369175
4 0.49817708134651184 0.19120369851589203 0.02031249925494194 0.10277777910232544
4 0.2369791716337204 0.10925926268100739 0.0520833320915699 0.051851850003004074
4 0.6080729365348816 0.10370370000600815 0.0963541641831398 0.02222222276031971
