4 0.4984374940395355 0.18101851642131805 0.01979166641831398 0.09537036716938019
4 0.24531249701976776 0.10555555671453476 0.04895833507180214 0.05000000074505806
4 0.6052083373069763 0.10046296566724777 0.09375 0.021296296268701553
6 0.18281249701976776 0.36666667461395264 0.02083333395421505 0.018518518656492233
6 0.07734374701976776 0.36851853132247925 0.02239583246409893 0.018518518656492233
6 0.3187499940395355 0.3541666567325592 0.01770833320915699 0.01944444514811039
6 0.3395833373069763 0.3462963104248047 0.01770833320915699 0.018518518656492233
6 0.13229165971279144 0.36759260296821594 0.02187499962747097 0.018518518656492233
2 0.6916666626930237 0.1050925925374031 0.02187499962747097 0.034259259700775146
8 0.6494791507720947 0.06203703582286835 0.004166666883975267 0.007407407276332378
1 0.04192708432674408 0.22962963581085205 0.03281249850988388 0.025925925001502037
2 0.5294271111488342 0.05787036940455437 0.015104166232049465 0.01944444514811039
8 0.49687498807907104 0.2439814805984497 0.0062500000931322575 0.023148147389292717
1 0.4763020873069763 0.14351852238178253 0.0078125 0.014814814552664757
7 0.524218738079071 0.0625 0.004687500186264515 0.006481481250375509
2 0.5604166388511658 0.05787036940455437 0.015625 0.01944444514811039
7 0.4958333373069763 0.22453702986240387 0.0052083334885537624 0.021296296268701553
1 0.9765625 0.2907407283782959 0.046875 0.04444444552063942
1 0.5447916388511658 0.06435184925794601 0.010416666977107525 0.006481481250375509
7 0.6723958253860474 0.10324074327945709 0.0052083334885537624 0.010185184888541698
8 0.49609375 0.23287037014961243 0.0026041667442768812 0.02500000037252903
1 0.5138021111488342 0.06435184925794601 0.00989583320915699 0.006481481250375509
8 0.97265625 0.4444444477558136 0.0338541679084301 0.03703703731298447
0 0.4554687440395355 0.1537037044763565 0.0026041667442768812 0.009259259328246117
0 0.5052083134651184 0.11712963134050369 0.0010416667209938169 0.012037036940455437
0 0.47083333134651184 0.08703703433275223 0.0010416667209938169 0.009259259328246117
0 0.6690104007720947 0.11620370298624039 0.0026041667442768812 0.012037036940455437
0 0.47083333134651184 0.06712962687015533 0.0010416667209938169 0.008333333767950535
0 0.4505208432674408 0.18796296417713165 0.0031250000465661287 0.018518518656492233
0 0.7950521111488342 0.18796296417713165 0.00572916679084301 0.018518518656492233
0 0.7630208134651184 0.16851851344108582 0.0052083334885537624 0.01666666753590107
0 0.47447916865348816 0.07268518209457397 0.0010416667209938169 0.008333333767950535
0 0.7132812738418579 0.11342592537403107 0.0026041667442768812 0.012037036940455437
0 0.4684895873069763 0.07500000298023224 0.0015625000232830644 0.0055555556900799274
0 0.6713541746139526 0.08518518507480621 0.0020833334419876337 0.009259259328246117
0 0.4609375 0.12777778506278992 0.0020833334419876337 0.012962962500751019
0 0.4703125059604645 0.06620370596647263 0.0010416667209938169 0.008333333767950535
0 0.6184895634651184 0.07175926119089127 0.0015625000232830644 0.008333333767950535
0 0.9661458134651184 0.3291666805744171 0.012500000186264515 0.01944444514811039
0 0.6611979007720947 0.07962962985038757 0.0015625000232830644 0.009259259328246117
0 0.805468738079071 0.21203704178333282 0.006770833395421505 0.020370369777083397
0 0.7666666507720947 0.17222222685813904 0.0052083334885537624 0.01666666753590107
0 0.46276041865348816 0.1449074000120163 0.0026041667442768812 0.010185184888541698
0 0.8023437261581421 0.21064814925193787 0.00572916679084301 0.012037036940455437
0 0.49947917461395264 0.07314814627170563 0.0010416667209938169 0.0055555556900799274
0 0.6596354246139526 0.09953703731298447 0.0026041667442768812 0.010185184888541698
0 0.7562500238418579 0.130092591047287 0.004166666883975267 0.013888888992369175
0 0.8286458253860474 0.2171296328306198 0.0062500000931322575 0.021296296268701553
0 0.4908854067325592 0.06111111119389534 0.0005208333604969084 0.007407407276332378
0 0.5059896111488342 0.12222222238779068 0.0015625000232830644 0.012962962500751019
0 0.62890625 0.08981481194496155 0.0015625000232830644 0.0055555556900799274
0 0.5036458373069763 0.06111111119389534 0.0010416667209938169 0.007407407276332378
0 0.9106770753860474 0.2856481373310089 0.010937499813735485 0.026851851493120193
0 0.6684895753860474 0.11481481790542603 0.0026041667442768812 0.007407407276332378
0 0.921875 0.21157407760620117 0.008333333767950535 0.021296296268701553
0 0.47083333134651184 0.06990740448236465 0.0010416667209938169 0.008333333767950535
0 0.702343761920929 0.13472221791744232 0.0036458333488553762 0.013888888992369175
0 0.4697916805744171 0.06898148357868195 0.0010416667209938169 0.008333333767950535
0 0.5033854246139526 0.06064814701676369 0.0005208333604969084 0.006481481250375509
0 0.45781248807907104 0.12916666269302368 0.0020833334419876337 0.013888888992369175
0 0.6317708492279053 0.06296296417713165 0.0010416667209938169 0.007407407276332378
0 0.5083333253860474 0.17546296119689941 0.0020833334419876337 0.017592592164874077
0 0.4507812559604645 0.19768518209457397 0.0026041667442768812 0.01944444514811039
0 0.5106770992279053 0.15000000596046448 0.0015625000232830644 0.014814814552664757
0 0.10182292014360428 0.17037037014961243 0.00572916679084301 0.01666666753590107
0 0.03072916716337204 0.17546296119689941 0.0072916666977107525 0.017592592164874077
0 0.46875 0.08009259402751923 0.0010416667209938169 0.008333333767950535
0 0.4625000059604645 0.16203702986240387 0.0020833334419876337 0.01666666753590107
0 0.421875 0.12638889253139496 0.0020833334419876337 0.013888888992369175
4 0.4984374940395355 0.18101851642131805 0.01979166641831398 0.09537036716938019
4 0.24531249701976776 0.10555555671453476 0.04895833507180214 0.05000000074505806
4 0.6052083373069763 0.10046296566724777 0.09375 0.021296296268701553
