4 0.4984374940395355 0.18425926566123962 0.01979166641831398 0.09814814478158951
4 0.24270834028720856 0.10694444179534912 0.05000000074505806 0.05092592537403107
4 0.6059895753860474 0.10185185074806213 0.09427083283662796 0.02222222276031971
6 0.17395833134651184 0.37731480598449707 0.02187499962747097 0.01944444514811039
6 0.06536458432674408 0.37962964177131653 0.0234375 0.020370369777083397
6 0.3135416805744171 0.3643518388271332 0.01875000074505806 0.01944444514811039
6 0.33541667461395264 0.3560185134410858 0.01770833320915699 0.01944444514811039
6 0.12213541567325592 0.3782407343387604 0.02239583246409893 0.01944444514811039
2 0.6942708492279053 0.10648148506879807 0.02187499962747097 0.035185184329748154
8 0.6505208611488342 0.0625 0.004166666883975267 0.006481481250375509
1 0.03411458432674408 0.23379629850387573 0.0338541679084301 0.026851851493120193
2 0.5296875238418579 0.05833333358168602 0.015625 0.018518518656492233
8 0.49687498807907104 0.2490740716457367 0.0062500000931322575 0.024074073880910873
1 0.4763020873069763 0.1449074000120163 0.0078125 0.015740741044282913
7 0.524218738079071 0.0634259283542633 0.004687500186264515 0.006481481250375509
2 0.5609375238418579 0.05833333358168602 0.015625 0.018518518656492233
7 0.4958333373069763 0.22870370745658875 0.0052083334885537624 0.02222222276031971
1 0.9815104007720947 0.29814815521240234 0.03697916492819786 0.046296294778585434
1 0.5453125238418579 0.06435184925794601 0.010416666977107525 0.006481481250375509
7 0.6744791865348816 0.1041666641831398 0.0052083334885537624 0.010185184888541698
8 0.49609375 0.23749999701976776 0.0026041667442768812 0.02500000037252903
1 0.5138021111488342 0.06435184925794601 0.00989583320915699 0.006481481250375509
8 0.9856770634651184 0.46064814925193787 0.02864583395421505 0.037962961941957474
0 0.45494791865348816 0.15601852536201477 0.0026041667442768812 0.010185184888541698
0 0.5052083134651184 0.1180555522441864 0.0010416667209938169 0.012037036940455437
0 0.4703125059604645 0.08796296268701553 0.0010416667209938169 0.009259259328246117
0 0.671093761920929 0.11712963134050369 0.0026041667442768812 0.012037036940455437
0 0.47057291865348816 0.06759259104728699 0.0005208333604969084 0.007407407276332378
0 0.44973957538604736 0.19120369851589203 0.0026041667442768812 0.01944444514811039
0 0.7994791865348816 0.19074073433876038 0.0062500000931322575 0.018518518656492233
0 0.7671874761581421 0.17129629850387573 0.0052083334885537624 0.01666666753590107
0 0.47447916865348816 0.07361111044883728 0.0010416667209938169 0.008333333767950535
0 0.715624988079071 0.11527777463197708 0.0031250000465661287 0.012037036940455437
0 0.46822917461395264 0.0754629597067833 0.0010416667209938169 0.004629629664123058
0 0.6723958253860474 0.08611111342906952 0.0020833334419876337 0.009259259328246117
0 0.4606770873069763 0.12916666269302368 0.0015625000232830644 0.013888888992369175
0 0.4703125059604645 0.06666667014360428 0.0010416667209938169 0.007407407276332378
0 0.6192708611488342 0.07268518209457397 0.0010416667209938169 0.008333333767950535
0 0.9776041507720947 0.3375000059604645 0.012500000186264515 0.01944444514811039
0 0.6622396111488342 0.08055555820465088 0.0015625000232830644 0.009259259328246117
0 0.8111979365348816 0.2162037044763565 0.006770833395421505 0.021296296268701553
0 0.770312488079071 0.1745370328426361 0.0052083334885537624 0.017592592164874077
0 0.4622395932674408 0.1467592567205429 0.0026041667442768812 0.010185184888541698
0 0.8072916865348816 0.21388888359069824 0.0062500000931322575 0.012962962500751019
0 0.49947917461395264 0.07407407462596893 0.0010416667209938169 0.0055555556900799274
0 0.660937488079071 0.10046296566724777 0.0020833334419876337 0.010185184888541698
0 0.10625000298023224 0.1726851910352707 0.0062500000931322575 0.017592592164874077
0 0.7588541507720947 0.13148148357868195 0.004166666883975267 0.012962962500751019
0 0.8341146111488342 0.2212962955236435 0.006770833395421505 0.02222222276031971
0 0.4911458194255829 0.06157407537102699 0.0010416667209938169 0.006481481250375509
0 0.5062500238418579 0.12314815074205399 0.0010416667209938169 0.012962962500751019
0 0.6302083134651184 0.09074074029922485 0.0020833334419876337 0.0055555556900799274
0 0.50390625 0.06157407537102699 0.0005208333604969084 0.006481481250375509
0 0.9195312261581421 0.29212963581085205 0.010937499813735485 0.026851851493120193
0 0.6705729365348816 0.11666666716337204 0.0026041667442768812 0.007407407276332378
0 0.9286458492279053 0.2152777761220932 0.008333333767950535 0.021296296268701553
0 0.47083333134651184 0.07037036865949631 0.0010416667209938169 0.007407407276332378
0 0.7044270634651184 0.13657407462596893 0.0036458333488553762 0.013888888992369175
0 0.46953123807907104 0.0694444477558136 0.0015625000232830644 0.007407407276332378
0 0.5036458373069763 0.06111111119389534 0.0010416667209938169 0.007407407276332378
0 0.4572916626930237 0.13055555522441864 0.0020833334419876337 0.012962962500751019
0 0.6325520873069763 0.06388889253139496 0.0015625000232830644 0.007407407276332378
0 0.508593738079071 0.17870371043682098 0.0026041667442768812 0.018518518656492233
0 0.44999998807907104 0.2013888955116272 0.0031250000465661287 0.01944444514811039
0 0.5106770992279053 0.1518518477678299 0.0015625000232830644 0.014814814552664757
0 0.09687499701976776 0.1726851910352707 0.0062500000931322575 0.017592592164874077
0 0.02369791641831398 0.17824074625968933 0.0078125 0.017592592164874077
0 0.4684895873069763 0.08055555820465088 0.0015625000232830644 0.009259259328246117
0 0.4619791805744171 0.1648148149251938 0.0020833334419876337 0.01666666753590107
0 0.42135417461395264 0.12777778506278992 0.0020833334419876337 0.012962962500751019
4 0.4984374940395355 0.18425926566123962 0.01979166641831398 0.09814814478158951
4 0.24270834028720856 0.10694444179534912 0.05000000074505806 0.05092592537403107
4 0.6059895753860474 0.10185185074806213 0.09427083283662796 0.02222222276031971
