4 0.49817708134651184 0.1875 0.02031249925494194 0.10092592239379883
4 0.24010416865348816 0.10787037014961243 0.05104166641831398 0.05092592537403107
4 0.6070312261581421 0.10277777910232544 0.09531249850988388 0.02222222276031971
6 0.1640625 0.3898148238658905 0.02291666716337204 0.020370369777083397
6 0.05182291567325592 0.3916666805744171 0.02447916753590107 0.020370369777083397
6 0.30807292461395264 0.37546294927597046 0.01927083358168602 0.01944444514811039
6 0.3304687440395355 0.3662036955356598 0.01822916604578495 0.01944444514811039
6 0.1106770858168602 0.3907407522201538 0.0234375 0.020370369777083397
2 0.6966145634651184 0.10740740597248077 0.02239583246409893 0.035185184329748154
8 0.651562511920929 0.06296296417713165 0.004166666883975267 0.007407407276332378
1 0.02578124962747097 0.23796296119689941 0.03489583358168602 0.02777777798473835
2 0.5299479365348816 0.05879629775881767 0.015104166232049465 0.01944444514811039
8 0.49687498807907104 0.25462964177131653 0.0062500000931322575 0.024074073880910873
1 0.47578126192092896 0.1467592567205429 0.0078125 0.015740741044282913
7 0.524218738079071 0.0634259283542633 0.004687500186264515 0.006481481250375509
2 0.5611979365348816 0.05879629775881767 0.01614583283662796 0.01944444514811039
7 0.49557292461395264 0.23333333432674408 0.00572916679084301 0.02222222276031971
1 0.9869791865348816 0.30601853132247925 0.02604166604578495 0.04722222313284874
1 0.5453125238418579 0.06481481343507767 0.010416666977107525 0.007407407276332378
7 0.676562488079071 0.10555555671453476 0.0052083334885537624 0.011111111380159855
8 0.49609375 0.2421296238899231 0.0026041667442768812 0.02500000037252903
1 0.5140625238418579 0.06527777761220932 0.010416666977107525 0.006481481250375509
8 0.9945312738418579 0.4782407283782959 0.010937499813735485 0.037962961941957474
0 0.4544270932674408 0.15833333134651184 0.0026041667442768812 0.009259259328246117
0 0.5052083134651184 0.11944444477558136 0.0010416667209938169 0.012962962500751019
0 0.4703125059604645 0.08888889104127884 0.0010416667209938169 0.009259259328246117
0 0.672656238079071 0.11898148059844971 0.0026041667442768812 0.012037036940455437
0 0.4703125059604645 0.06851851940155029 0.0010416667209938169 0.007407407276332378
0 0.44869792461395264 0.19490741193294525 0.0026041667442768812 0.01944444514811039
0 0.803906261920929 0.1935185194015503 0.00572916679084301 0.018518518656492233
0 0.7713541388511658 0.1745370328426361 0.0052083334885537624 0.017592592164874077
0 0.47447916865348816 0.07453703880310059 0.0010416667209938169 0.008333333767950535
0 0.7177083492279053 0.11620370298624039 0.0031250000465661287 0.012037036940455437
0 0.46822917461395264 0.07592592388391495 0.0010416667209938169 0.0055555556900799274
0 0.6734374761581421 0.08657407760620117 0.0020833334419876337 0.010185184888541698
0 0.46041667461395264 0.13055555522441864 0.0020833334419876337 0.012962962500751019
0 0.4700520932674408 0.06759259104728699 0.0005208333604969084 0.007407407276332378
0 0.6200520992279053 0.07268518209457397 0.0015625000232830644 0.008333333767950535
0 0.9898437261581421 0.34675925970077515 0.013020833022892475 0.01944444514811039
0 0.663281261920929 0.08101851493120193 0.0015625000232830644 0.008333333767950535
0 0.817187488079071 0.22083333134651184 0.0072916666977107525 0.021296296268701553
0 0.7739583253860474 0.17731481790542603 0.0052083334885537624 0.017592592164874077
0 0.46145832538604736 0.14861111342906952 0.0020833334419876337 0.010185184888541698
0 0.8122395873069763 0.21759259700775146 0.006770833395421505 0.012962962500751019
0 0.49947917461395264 0.07453703880310059 0.0010416667209938169 0.006481481250375509
0 0.6625000238418579 0.10138888657093048 0.0020833334419876337 0.010185184888541698
0 0.10078124701976776 0.17546296119689941 0.006770833395421505 0.017592592164874077
0 0.7614583373069763 0.1328703761100769 0.004166666883975267 0.013888888992369175
0 0.8401041626930237 0.22546295821666718 0.0072916666977107525 0.021296296268701553
0 0.4911458194255829 0.06203703582286835 0.0010416667209938169 0.007407407276332378
0 0.5062500238418579 0.125 0.0010416667209938169 0.012962962500751019
0 0.6312500238418579 0.09166666865348816 0.0020833334419876337 0.0055555556900799274
0 0.5041666626930237 0.06203703582286835 0.0010416667209938169 0.007407407276332378
0 0.928906261920929 0.29907408356666565 0.01197916641831398 0.02777777798473835
0 0.6721354126930237 0.11759259551763535 0.0026041667442768812 0.007407407276332378
0 0.9356771111488342 0.21898147463798523 0.008854166604578495 0.021296296268701553
0 0.4703125059604645 0.07083333283662796 0.0010416667209938169 0.008333333767950535
0 0.7065104246139526 0.1379629671573639 0.0036458333488553762 0.014814814552664757
0 0.46927082538604736 0.06990740448236465 0.0010416667209938169 0.008333333767950535
0 0.50390625 0.06111111119389534 0.0005208333604969084 0.007407407276332378
0 0.45703125 0.1319444477558136 0.0015625000232830644 0.013888888992369175
0 0.6333333253860474 0.06388889253139496 0.0010416667209938169 0.007407407276332378
0 0.508593738079071 0.1814814805984497 0.0026041667442768812 0.018518518656492233
0 0.44921875 0.20462962985038757 0.0026041667442768812 0.020370369777083397
0 0.5106770992279053 0.15416666865348816 0.0015625000232830644 0.015740741044282913
0 0.09166666865348816 0.17546296119689941 0.0062500000931322575 0.017592592164874077
0 0.01588541641831398 0.18101851642131805 0.0078125 0.017592592164874077
0 0.46822917461395264 0.08148147910833359 0.0010416667209938169 0.009259259328246117
0 0.46145832538604736 0.1675925999879837 0.0020833334419876337 0.01666666753590107
0 0.42135417461395264 0.12962962687015533 0.0020833334419876337 0.012962962500751019
4 0.49817708134651184 0.1875 0.02031249925494194 0.10092592239379883
4 0.24010416865348816 0.10787037014961243 0.05104166641831398 0.05092592537403107
4 0.6070312261581421 0.10277777910232544 0.09531249850988388 0.02222222276031971
