4 0.49817708134651184 0.20694445073604584 0.02239583246409893 0.11388888955116272
4 0.22578124701976776 0.11481481790542603 0.05677083507180214 0.0555555559694767
4 0.612500011920929 0.10879629850387573 0.10000000149011612 0.023148147389292717
6 0.10312499850988388 0.4625000059604645 0.02812499925494194 0.023148147389292717
6 0.27421873807907104 0.44398146867752075 0.02239583246409893 0.023148147389292717
6 0.3018229305744171 0.4314814805984497 0.02135416679084301 0.02222222276031971
6 0.03958333283662796 0.46388888359069824 0.02916666679084301 0.024074073880910873
2 0.710156261920929 0.11620370298624039 0.02447916753590107 0.037962961941957474
8 0.20546874403953552 0.13842593133449554 0.006770833395421505 0.013888888992369175
8 0.655468761920929 0.06527777761220932 0.004687500186264515 0.006481481250375509
2 0.5307291746139526 0.06064814701676369 0.015625 0.01944444514811039
8 0.49661457538604736 0.2856481373310089 0.006770833395421505 0.026851851493120193
1 0.47447916865348816 0.15740740299224854 0.008333333767950535 0.01666666753590107
7 0.522656261920929 0.06620370596647263 0.004687500186264515 0.006481481250375509
2 0.5630208253860474 0.06064814701676369 0.01666666753590107 0.01944444514811039
7 0.49531251192092896 0.25925925374031067 0.0062500000931322575 0.024074073880910873
1 0.546875 0.06712962687015533 0.010416666977107525 0.006481481250375509
7 0.6875 0.11296296119689941 0.0062500000931322575 0.011111111380159855
8 0.4958333373069763 0.2699074149131775 0.0031250000465661287 0.028703704476356506
1 0.5145833492279053 0.06712962687015533 0.010416666977107525 0.006481481250375509
0 0.4507812559604645 0.17129629850387573 0.0026041667442768812 0.011111111380159855
0 0.5054687261581421 0.1259259283542633 0.0015625000232830644 0.012962962500751019
0 0.4690104126930237 0.09305555373430252 0.0015625000232830644 0.010185184888541698
0 0.682812511920929 0.12638889253139496 0.0031250000465661287 0.013888888992369175
0 0.46927082538604736 0.07129629701375961 0.0010416667209938169 0.007407407276332378
0 0.4437499940395355 0.21388888359069824 0.0031250000465661287 0.020370369777083397
0 0.828906238079071 0.21064814925193787 0.006770833395421505 0.021296296268701553
0 0.7955729365348816 0.19074073433876038 0.00572916679084301 0.018518518656492233
0 0.47343748807907104 0.07685185223817825 0.0010416667209938169 0.009259259328246117
0 0.73046875 0.1240740716457367 0.0036458333488553762 0.012962962500751019
0 0.4671874940395355 0.07870370149612427 0.0010416667209938169 0.0055555556900799274
0 0.6802083253860474 0.0902777761220932 0.0020833334419876337 0.010185184888541698
0 0.4583333432674408 0.13935184478759766 0.0020833334419876337 0.013888888992369175
0 0.4690104126930237 0.06990740448236465 0.0005208333604969084 0.008333333767950535
0 0.624218761920929 0.0763888880610466 0.0015625000232830644 0.008333333767950535
0 0.6690104007720947 0.08425925672054291 0.0015625000232830644 0.009259259328246117
0 0.8515625 0.24583333730697632 0.008333333767950535 0.023148147389292717
0 0.7940104007720947 0.19166666269302368 0.00572916679084301 0.018518518656492233
0 0.4583333432674408 0.1587962955236435 0.0020833334419876337 0.012037036940455437
0 0.840624988079071 0.23842592537403107 0.0072916666977107525 0.013888888992369175
0 0.49947917461395264 0.07777778059244156 0.0010416667209938169 0.0055555556900799274
0 0.6700521111488342 0.10648148506879807 0.0026041667442768812 0.011111111380159855
0 0.07135416567325592 0.18981482088565826 0.0072916666977107525 0.018518518656492233
0 0.7760416865348816 0.14120370149612427 0.004166666883975267 0.013888888992369175
0 0.8731771111488342 0.2490740716457367 0.008854166604578495 0.024074073880910873
0 0.4919270873069763 0.06388889253139496 0.0005208333604969084 0.007407407276332378
0 0.5065104365348816 0.1319444477558136 0.0015625000232830644 0.013888888992369175
0 0.6369791626930237 0.09675925970077515 0.0020833334419876337 0.006481481250375509
0 0.5057291388511658 0.06388889253139496 0.0010416667209938169 0.007407407276332378
0 0.984375 0.3393518626689911 0.014583333395421505 0.03055555559694767
0 0.6817708611488342 0.125 0.0031250000465661287 0.007407407276332378
0 0.9763020873069763 0.24120371043682098 0.00989583320915699 0.023148147389292717
0 0.46927082538604736 0.07361111044883728 0.0010416667209938169 0.008333333767950535
0 0.7184895873069763 0.14629629254341125 0.0036458333488553762 0.014814814552664757
0 0.46822917461395264 0.07268518209457397 0.0010416667209938169 0.008333333767950535
0 0.504687488079071 0.06388889253139496 0.0010416667209938169 0.007407407276332378
0 0.4541666805744171 0.14027777314186096 0.0020833334419876337 0.013888888992369175
0 0.637499988079071 0.06666667014360428 0.0010416667209938169 0.007407407276332378
0 0.5091145634651184 0.19768518209457397 0.0026041667442768812 0.01944444514811039
0 0.44479167461395264 0.22361111640930176 0.0031250000465661287 0.021296296268701553
0 0.5114583373069763 0.1648148149251938 0.0020833334419876337 0.01666666753590107
0 0.0625 0.19027778506278992 0.0072916666977107525 0.01944444514811039
0 0.4671874940395355 0.08425925672054291 0.0010416667209938169 0.009259259328246117
0 0.4580729305744171 0.18194444477558136 0.0026041667442768812 0.017592592164874077
0 0.4190104305744171 0.13750000298023224 0.0026041667442768812 0.013888888992369175
4 0.49817708134651184 0.20694445073604584 0.02239583246409893 0.11388888955116272
4 0.22578124701976776 0.11481481790542603 0.05677083507180214 0.0555555559694767
4 0.612500011920929 0.10879629850387573 0.10000000149011612 0.023148147389292717
