4 0.49817708134651184 0.2004629671573639 0.02135416679084301 0.1101851835846901
4 0.23020833730697632 0.11296296119689941 0.05416666716337204 0.05370370298624039
4 0.6106770634651184 0.10694444179534912 0.09843750298023224 0.023148147389292717
6 0.12343750149011612 0.43796294927597046 0.02604166604578495 0.02222222276031971
6 0.00598958320915699 0.4407407343387604 0.01197916641831398 0.02222222276031971
6 0.28567707538604736 0.42129629850387573 0.02135416679084301 0.02222222276031971
6 0.3111979067325592 0.4097222089767456 0.02031249925494194 0.021296296268701553
6 0.06328125298023224 0.4393518567085266 0.02760416641831398 0.023148147389292717
2 0.7057291865348816 0.11342592537403107 0.02395833283662796 0.03611111268401146
8 0.21067708730697632 0.13564814627170563 0.006770833395421505 0.013888888992369175
8 0.6541666388511658 0.06481481343507767 0.004166666883975267 0.007407407276332378
2 0.530468761920929 0.06064814701676369 0.015104166232049465 0.01944444514811039
8 0.49661457538604736 0.2750000059604645 0.006770833395421505 0.025925925001502037
1 0.4749999940395355 0.1546296328306198 0.008333333767950535 0.01666666753590107
7 0.5231770873069763 0.06527777761220932 0.004687500186264515 0.006481481250375509
2 0.5625 0.06064814701676369 0.01666666753590107 0.01944444514811039
7 0.49557292461395264 0.2509259283542633 0.00572916679084301 0.024074073880910873
1 0.5463541746139526 0.06620370596647263 0.010416666977107525 0.006481481250375509
7 0.6841145753860474 0.11064814776182175 0.00572916679084301 0.012037036940455437
8 0.4958333373069763 0.2611111104488373 0.0031250000465661287 0.02777777798473835
1 0.5140625238418579 0.06666667014360428 0.010416666977107525 0.007407407276332378
0 0.4518229067325592 0.16712963581085205 0.0026041667442768812 0.010185184888541698
0 0.5052083134651184 0.1240740716457367 0.0010416667209938169 0.012962962500751019
0 0.46927082538604736 0.09212963283061981 0.0010416667209938169 0.010185184888541698
0 0.6796875 0.1240740716457367 0.0031250000465661287 0.012962962500751019
0 0.4697916805744171 0.07037036865949631 0.0010416667209938169 0.007407407276332378
0 0.4453125 0.20787036418914795 0.0031250000465661287 0.01944444514811039
0 0.821093738079071 0.20555555820465088 0.006770833395421505 0.020370369777083397
0 0.7877604365348816 0.18518517911434174 0.00572916679084301 0.018518518656492233
0 0.4739583432674408 0.0763888880610466 0.0010416667209938169 0.008333333767950535
0 0.7265625 0.12129629403352737 0.0031250000465661287 0.012962962500751019
0 0.4674479067325592 0.07777778059244156 0.0015625000232830644 0.0055555556900799274
0 0.6781250238418579 0.08888889104127884 0.0020833334419876337 0.009259259328246117
0 0.45885416865348816 0.13657407462596893 0.0020833334419876337 0.013888888992369175
0 0.46927082538604736 0.0694444477558136 0.0010416667209938169 0.007407407276332378
0 0.6229166388511658 0.0754629597067833 0.0010416667209938169 0.008333333767950535
0 0.667187511920929 0.0833333358168602 0.0020833334419876337 0.009259259328246117
0 0.8403645753860474 0.23749999701976776 0.0078125 0.023148147389292717
0 0.7877604365348816 0.18703703582286835 0.00572916679084301 0.018518518656492233
0 0.4593749940395355 0.15555556118488312 0.0020833334419876337 0.011111111380159855
0 0.8315104246139526 0.23194444179534912 0.006770833395421505 0.013888888992369175
0 0.49947917461395264 0.07685185223817825 0.0010416667209938169 0.0055555556900799274
0 0.6677083373069763 0.10462962836027145 0.0020833334419876337 0.011111111380159855
0 0.0807291641831398 0.18518517911434174 0.0072916666977107525 0.018518518656492233
0 0.7713541388511658 0.1388888955116272 0.004166666883975267 0.014814814552664757
0 0.862500011920929 0.24166665971279144 0.008333333767950535 0.024074073880910873
0 0.49166667461395264 0.06388889253139496 0.0010416667209938169 0.007407407276332378
0 0.5065104365348816 0.12962962687015533 0.0015625000232830644 0.012962962500751019
0 0.6348958611488342 0.09490741044282913 0.0020833334419876337 0.006481481250375509
0 0.5052083134651184 0.06388889253139496 0.0010416667209938169 0.007407407276332378
0 0.9661458134651184 0.32592591643333435 0.01354166679084301 0.029629629105329514
0 0.678906261920929 0.12314815074205399 0.0026041667442768812 0.007407407276332378
0 0.9632812738418579 0.23425926268100739 0.00989583320915699 0.02222222276031971
0 0.4697916805744171 0.07268518209457397 0.0010416667209938169 0.008333333767950535
0 0.71484375 0.14398148655891418 0.0036458333488553762 0.013888888992369175
0 0.46875 0.07175926119089127 0.0010416667209938169 0.008333333767950535
0 0.5044270753860474 0.06296296417713165 0.0005208333604969084 0.007407407276332378
0 0.45494791865348816 0.13750000298023224 0.0015625000232830644 0.013888888992369175
0 0.6361979246139526 0.06574074178934097 0.0015625000232830644 0.007407407276332378
0 0.508593738079071 0.192592591047287 0.0026041667442768812 0.018518518656492233
0 0.4463541805744171 0.21805556118488312 0.0031250000465661287 0.021296296268701553
0 0.5111979246139526 0.1615740805864334 0.0015625000232830644 0.015740741044282913
0 0.0716145858168602 0.18611110746860504 0.006770833395421505 0.018518518656492233
0 0.4674479067325592 0.0833333358168602 0.0015625000232830644 0.009259259328246117
0 0.45911458134651184 0.17731481790542603 0.0026041667442768812 0.017592592164874077
0 0.41979166865348816 0.13564814627170563 0.0020833334419876337 0.013888888992369175
4 0.49817708134651184 0.2004629671573639 0.02135416679084301 0.1101851835846901
4 0.23020833730697632 0.11296296119689941 0.05416666716337204 0.05370370298624039
4 0.6106770634651184 0.10694444179534912 0.09843750298023224 0.023148147389292717
