4 0.49817708134651184 0.21064814925193787 0.02239583246409893 0.11759259551763535
4 0.22291666269302368 0.11666666716337204 0.0572916679084301 0.0555555559694767
4 0.6135416626930237 0.10972221940755844 0.10104166716337204 0.023148147389292717
6 0.08828125149011612 0.48055556416511536 0.02968749962747097 0.024074073880910873
6 0.26640623807907104 0.4601851999759674 0.0234375 0.024074073880910873
6 0.29479166865348816 0.44675925374031067 0.02187499962747097 0.023148147389292717
6 0.02239583246409893 0.48148149251937866 0.03020833246409893 0.024074073880910873
2 0.7130208611488342 0.1180555522441864 0.02500000037252903 0.037962961941957474
8 0.20234374701976776 0.1398148089647293 0.006770833395421505 0.014814814552664757
2 0.5309895873069763 0.06157407537102699 0.01614583283662796 0.01944444514811039
8 0.4963541626930237 0.29212963581085205 0.0072916666977107525 0.026851851493120193
1 0.4739583432674408 0.1597222238779068 0.008333333767950535 0.017592592164874077
7 0.5221354365348816 0.06620370596647263 0.004687500186264515 0.006481481250375509
2 0.5635416507720947 0.06157407537102699 0.01666666753590107 0.01944444514811039
7 0.49531251192092896 0.2648148238658905 0.0062500000931322575 0.025925925001502037
1 0.5471354126930237 0.06759259104728699 0.010937499813735485 0.007407407276332378
7 0.6898437738418579 0.11435185372829437 0.00572916679084301 0.012037036940455437
8 0.4958333373069763 0.2768518626689911 0.0031250000465661287 0.029629629105329514
1 0.5145833492279053 0.06805555522441864 0.010416666977107525 0.006481481250375509
0 0.4502604305744171 0.17407406866550446 0.0026041667442768812 0.011111111380159855
0 0.5054687261581421 0.12731482088565826 0.0015625000232830644 0.013888888992369175
0 0.46875 0.09398148208856583 0.0010416667209938169 0.010185184888541698
0 0.6848958134651184 0.12777778506278992 0.0031250000465661287 0.012962962500751019
0 0.46927082538604736 0.07175926119089127 0.0010416667209938169 0.008333333767950535
0 0.4427083432674408 0.21805556118488312 0.0031250000465661287 0.021296296268701553
0 0.8343750238418579 0.2143518477678299 0.0072916666977107525 0.021296296268701553
0 0.8005208373069763 0.19398148357868195 0.0062500000931322575 0.01944444514811039
0 0.47343748807907104 0.0773148164153099 0.0010416667209938169 0.008333333767950535
0 0.7330729365348816 0.125 0.0036458333488553762 0.012962962500751019
0 0.46692708134651184 0.07962962985038757 0.0015625000232830644 0.0055555556900799274
0 0.6815103888511658 0.0912037044763565 0.0026041667442768812 0.010185184888541698
0 0.4580729305744171 0.14166666567325592 0.0026041667442768812 0.014814814552664757
0 0.46875 0.07083333283662796 0.0010416667209938169 0.008333333767950535
0 0.6252604126930237 0.07685185223817825 0.0015625000232830644 0.009259259328246117
0 0.6703125238418579 0.08518518507480621 0.0020833334419876337 0.009259259328246117
0 0.8591145873069763 0.25138887763023376 0.008854166604578495 0.023148147389292717
0 0.7984374761581421 0.1944444477558136 0.0062500000931322575 0.018518518656492233
0 0.45755207538604736 0.16111111640930176 0.0026041667442768812 0.011111111380159855
0 0.846875011920929 0.2430555522441864 0.0072916666977107525 0.013888888992369175
0 0.49947917461395264 0.07870370149612427 0.0010416667209938169 0.0055555556900799274
0 0.6716145873069763 0.10740740597248077 0.0026041667442768812 0.011111111380159855
0 0.0651041641831398 0.19305555522441864 0.0072916666977107525 0.01944444514811039
0 0.7789062261581421 0.14305555820465088 0.004687500186264515 0.013888888992369175
0 0.8804687261581421 0.25462964177131653 0.008854166604578495 0.024074073880910873
0 0.4921875 0.06481481343507767 0.0010416667209938169 0.007407407276332378
0 0.5065104365348816 0.13379628956317902 0.0015625000232830644 0.013888888992369175
0 0.6380208134651184 0.09768518805503845 0.0020833334419876337 0.006481481250375509
0 0.5059896111488342 0.06481481343507767 0.0005208333604969084 0.007407407276332378
0 0.9947916865348816 0.3481481373310089 0.010416666977107525 0.031481482088565826
0 0.6838541626930237 0.1268518567085266 0.0031250000465661287 0.007407407276332378
0 0.985156238079071 0.24583333730697632 0.010937499813735485 0.023148147389292717
0 0.46927082538604736 0.07453703880310059 0.0010416667209938169 0.008333333767950535
0 0.7208333611488342 0.14861111342906952 0.004166666883975267 0.015740741044282913
0 0.46822917461395264 0.07314814627170563 0.0010416667209938169 0.007407407276332378
0 0.5049479007720947 0.06388889253139496 0.0005208333604969084 0.007407407276332378
0 0.45364582538604736 0.14212962985038757 0.0020833334419876337 0.013888888992369175
0 0.6382812261581421 0.06666667014360428 0.0015625000232830644 0.007407407276332378
0 0.5091145634651184 0.20092593133449554 0.0026041667442768812 0.020370369777083397
0 0.4440104067325592 0.22777777910232544 0.0036458333488553762 0.02222222276031971
0 0.51171875 0.1666666716337204 0.0015625000232830644 0.01666666753590107
0 0.05572916567325592 0.1935185194015503 0.0072916666977107525 0.018518518656492233
0 0.46666666865348816 0.08518518507480621 0.0010416667209938169 0.009259259328246117
0 0.45755207538604736 0.18518517911434174 0.0026041667442768812 0.018518518656492233
0 0.41848957538604736 0.13935184478759766 0.0026041667442768812 0.013888888992369175
4 0.49817708134651184 0.21064814925193787 0.02239583246409893 0.11759259551763535
4 0.22291666269302368 0.11666666716337204 0.0572916679084301 0.0555555559694767
4 0.6135416626930237 0.10972221940755844 0.10104166716337204 0.023148147389292717
