4 0.49817708134651184 0.21759259700775146 0.0234375 0.12222222238779068
4 0.21822915971279144 0.11851851642131805 0.05937499925494194 0.05740740895271301
4 0.6153646111488342 0.11157407611608505 0.10260416567325592 0.023148147389292717
6 0.06354166567325592 0.510185182094574 0.03125 0.025925925001502037
6 0.2528645694255829 0.4879629611968994 0.02447916753590107 0.025925925001502037
6 0.28333333134651184 0.47268518805503845 0.02395833283662796 0.02500000037252903
6 0.0052083334885537624 0.5115740895271301 0.010416666977107525 0.02500000037252903
2 0.7177083492279053 0.12037037312984467 0.02604166604578495 0.03888889029622078
8 0.19687500596046448 0.14259259402751923 0.0072916666977107525 0.014814814552664757
8 0.6575520634651184 0.06666667014360428 0.004687500186264515 0.007407407276332378
2 0.53125 0.06203703582286835 0.015625 0.020370369777083397
8 0.4963541626930237 0.30324074625968933 0.0072916666977107525 0.028703704476356506
1 0.47343748807907104 0.16342592239379883 0.008333333767950535 0.017592592164874077
7 0.5221354365348816 0.06712962687015533 0.004687500186264515 0.006481481250375509
2 0.5640624761581421 0.06203703582286835 0.01666666753590107 0.020370369777083397
7 0.4950520694255829 0.27407407760620117 0.006770833395421505 0.025925925001502037
1 0.547656238079071 0.06851851940155029 0.010937499813735485 0.007407407276332378
7 0.6934896111488342 0.11712963134050369 0.006770833395421505 0.012037036940455437
8 0.4958333373069763 0.2865740656852722 0.0031250000465661287 0.03055555559694767
1 0.5145833492279053 0.06851851940155029 0.010416666977107525 0.007407407276332378
0 0.4489583373069763 0.17870371043682098 0.0031250000465661287 0.011111111380159855
0 0.5054687261581421 0.12962962687015533 0.0015625000232830644 0.012962962500751019
0 0.46822917461395264 0.09583333134651184 0.0010416667209938169 0.010185184888541698
0 0.6885416507720947 0.13055555522441864 0.0031250000465661287 0.012962962500751019
0 0.46875 0.07268518209457397 0.0010416667209938169 0.008333333767950535
0 0.4411458373069763 0.22499999403953552 0.0031250000465661287 0.02222222276031971
0 0.8427083492279053 0.21990740299224854 0.0072916666977107525 0.021296296268701553
0 0.8091145753860474 0.19953703880310059 0.006770833395421505 0.01944444514811039
0 0.4729166626930237 0.07824073731899261 0.0010416667209938169 0.008333333767950535
0 0.7372395992279053 0.12777778506278992 0.0036458333488553762 0.012962962500751019
0 0.46666666865348816 0.08055555820465088 0.0010416667209938169 0.0055555556900799274
0 0.68359375 0.09212963283061981 0.0026041667442768812 0.010185184888541698
0 0.45755207538604736 0.14444445073604584 0.0026041667442768812 0.014814814552664757
0 0.4684895873069763 0.07175926119089127 0.0005208333604969084 0.008333333767950535
0 0.6263020634651184 0.07824073731899261 0.0015625000232830644 0.008333333767950535
0 0.671875 0.08611111342906952 0.0020833334419876337 0.009259259328246117
0 0.8716145753860474 0.260185182094574 0.008854166604578495 0.024074073880910873
0 0.8052083253860474 0.19953703880310059 0.0062500000931322575 0.01944444514811039
0 0.45651042461395264 0.16435185074806213 0.0026041667442768812 0.012037036940455437
0 0.8565104007720947 0.25 0.0078125 0.014814814552664757
0 0.49947917461395264 0.07962962985038757 0.0010416667209938169 0.0055555556900799274
0 0.6739583611488342 0.10925926268100739 0.0020833334419876337 0.011111111380159855
0 0.05494791641831398 0.19768518209457397 0.0078125 0.01944444514811039
0 0.7838541865348816 0.1458333283662796 0.004166666883975267 0.015740741044282913
0 0.8921874761581421 0.26342591643333435 0.00937500037252903 0.02500000037252903
0 0.4924479126930237 0.06574074178934097 0.0005208333604969084 0.007407407276332378
0 0.5065104365348816 0.13564814627170563 0.0015625000232830644 0.013888888992369175
0 0.6401041746139526 0.09861110895872116 0.0020833334419876337 0.006481481250375509
0 0.5062500238418579 0.06574074178934097 0.0010416667209938169 0.007407407276332378
0 0.6869791746139526 0.12916666269302368 0.0031250000465661287 0.008333333767950535
0 0.996874988079071 0.2537037134170532 0.0062500000931322575 0.024074073880910873
0 0.46875 0.0754629597067833 0.0010416667209938169 0.008333333767950535
0 0.7250000238418579 0.15138888359069824 0.004166666883975267 0.015740741044282913
0 0.4677083194255829 0.07361111044883728 0.0010416667209938169 0.008333333767950535
0 0.5052083134651184 0.06481481343507767 0.0010416667209938169 0.007407407276332378
0 0.4528645873069763 0.14444445073604584 0.0015625000232830644 0.014814814552664757
0 0.639843761920929 0.06759259104728699 0.0015625000232830644 0.007407407276332378
0 0.5093749761581421 0.20648148655891418 0.0031250000465661287 0.020370369777083397
0 0.4424479305744171 0.23472222685813904 0.0036458333488553762 0.023148147389292717
0 0.5119791626930237 0.17083333432674408 0.0020833334419876337 0.017592592164874077
0 0.0455729179084301 0.19861111044883728 0.0078125 0.01944444514811039
0 0.46666666865348816 0.08611111342906952 0.0010416667209938169 0.009259259328246117
0 0.4559895694255829 0.19074073433876038 0.0026041667442768812 0.018518518656492233
0 0.41744792461395264 0.14259259402751923 0.0026041667442768812 0.014814814552664757
4 0.49817708134651184 0.21759259700775146 0.0234375 0.12222222238779068
4 0.21822915971279144 0.11851851642131805 0.05937499925494194 0.05740740895271301
4 0.6153646111488342 0.11157407611608505 0.10260416567325592 0.023148147389292717
