4 0.49817708134651184 0.20879629254341125 0.02239583246409893 0.11574073880910873
4 0.22421875596046448 0.11574073880910873 0.05677083507180214 0.0555555559694767
4 0.6130208373069763 0.10879629850387573 0.10104166716337204 0.023148147389292717
6 0.09583333134651184 0.4712963104248047 0.02812499925494194 0.024074073880910873
6 0.27031248807907104 0.4523148238658905 0.02291666716337204 0.023148147389292717
6 0.2984375059604645 0.43888887763023376 0.02187499962747097 0.02222222276031971
6 0.03125 0.47268518805503845 0.03020833246409893 0.023148147389292717
2 0.7114583253860474 0.11712963134050369 0.02500000037252903 0.037962961941957474
8 0.20390625298023224 0.1388888955116272 0.006770833395421505 0.014814814552664757
2 0.5307291746139526 0.06111111119389534 0.015625 0.020370369777083397
8 0.4963541626930237 0.28842592239379883 0.0072916666977107525 0.026851851493120193
1 0.4742187559604645 0.1587962955236435 0.008854166604578495 0.017592592164874077
7 0.5223958492279053 0.06620370596647263 0.0052083334885537624 0.006481481250375509
2 0.563281238079071 0.06111111119389534 0.01614583283662796 0.020370369777083397
7 0.49531251192092896 0.26157405972480774 0.0062500000931322575 0.02500000037252903
1 0.546875 0.06759259104728699 0.010416666977107525 0.007407407276332378
7 0.6885416507720947 0.11388888955116272 0.0062500000931322575 0.011111111380159855
8 0.4958333373069763 0.27314814925193787 0.0031250000465661287 0.029629629105329514
1 0.5145833492279053 0.06759259104728699 0.010416666977107525 0.007407407276332378
0 0.4505208432674408 0.1726851910352707 0.0031250000465661287 0.010185184888541698
0 0.5054687261581421 0.1268518567085266 0.0015625000232830644 0.012962962500751019
0 0.46875 0.09398148208856583 0.0010416667209938169 0.010185184888541698
0 0.6838541626930237 0.12731482088565826 0.0031250000465661287 0.013888888992369175
0 0.46927082538604736 0.07175926119089127 0.0010416667209938169 0.008333333767950535
0 0.44322916865348816 0.2162037044763565 0.0031250000465661287 0.021296296268701553
0 0.8315104246139526 0.21250000596046448 0.006770833395421505 0.021296296268701553
0 0.7981770634651184 0.19212962687015533 0.00572916679084301 0.01944444514811039
0 0.47343748807907104 0.0773148164153099 0.0010416667209938169 0.008333333767950535
0 0.7317708134651184 0.125 0.0031250000465661287 0.012962962500751019
0 0.46692708134651184 0.07916666567325592 0.0015625000232830644 0.004629629664123058
0 0.6807291507720947 0.09074074029922485 0.0020833334419876337 0.009259259328246117
0 0.2757812440395355 0.06481481343507767 0.0015625000232830644 0.007407407276332378
0 0.4583333432674408 0.14027777314186096 0.0020833334419876337 0.013888888992369175
0 0.46875 0.07037036865949631 0.0010416667209938169 0.007407407276332378
0 0.6247395873069763 0.0763888880610466 0.0015625000232830644 0.008333333767950535
0 0.6697916388511658 0.08425925672054291 0.0020833334419876337 0.009259259328246117
0 0.8552083373069763 0.24861110746860504 0.008333333767950535 0.023148147389292717
0 0.7963541746139526 0.19305555522441864 0.0062500000931322575 0.01944444514811039
0 0.4580729305744171 0.16018518805503845 0.0026041667442768812 0.011111111380159855
0 0.84375 0.24074074625968933 0.0072916666977107525 0.014814814552664757
0 0.49947917461395264 0.07824073731899261 0.0010416667209938169 0.006481481250375509
0 0.6708333492279053 0.10694444179534912 0.0020833334419876337 0.012037036940455437
0 0.06822916865348816 0.19120369851589203 0.0072916666977107525 0.01944444514811039
0 0.7776041626930237 0.14212962985038757 0.004166666883975267 0.013888888992369175
0 0.8768228888511658 0.2518518567085266 0.008854166604578495 0.024074073880910873
0 0.4921875 0.06481481343507767 0.0010416667209938169 0.007407407276332378
0 0.5065104365348816 0.1328703761100769 0.0015625000232830644 0.013888888992369175
0 0.637499988079071 0.09675925970077515 0.0020833334419876337 0.006481481250375509
0 0.5057291388511658 0.06481481343507767 0.0010416667209938169 0.007407407276332378
0 0.9906250238418579 0.34398147463798523 0.014583333395421505 0.03055555559694767
0 0.682812511920929 0.1259259283542633 0.0031250000465661287 0.007407407276332378
0 0.9807291626930237 0.2430555522441864 0.010416666977107525 0.023148147389292717
0 0.46927082538604736 0.07453703880310059 0.0010416667209938169 0.008333333767950535
0 0.719531238079071 0.1476851850748062 0.0036458333488553762 0.015740741044282913
0 0.46822917461395264 0.07268518209457397 0.0010416667209938169 0.008333333767950535
0 0.504687488079071 0.06388889253139496 0.0010416667209938169 0.007407407276332378
0 0.45390623807907104 0.14120370149612427 0.0015625000232830644 0.013888888992369175
0 0.6380208134651184 0.06666667014360428 0.0010416667209938169 0.007407407276332378
0 0.5091145634651184 0.19907407462596893 0.0026041667442768812 0.020370369777083397
0 0.44453126192092896 0.22592592239379883 0.0036458333488553762 0.02222222276031971
0 0.5114583373069763 0.1657407432794571 0.0020833334419876337 0.01666666753590107
0 0.05937499925494194 0.19212962687015533 0.0072916666977107525 0.01944444514811039
0 0.46692708134651184 0.08518518507480621 0.0015625000232830644 0.009259259328246117
0 0.45755207538604736 0.18379630148410797 0.0026041667442768812 0.017592592164874077
0 0.41874998807907104 0.13842593133449554 0.0020833334419876337 0.013888888992369175
4 0.49817708134651184 0.20879629254341125 0.02239583246409893 0.11574073880910873
4 0.22421875596046448 0.11574073880910873 0.05677083507180214 0.0555555559694767
4 0.6130208373069763 0.10879629850387573 0.10104166716337204 0.023148147389292717
