4 0.49817708134651184 0.2273148149251938 0.02447916753590107 0.12870369851589203
4 0.21145834028720856 0.12175925821065903 0.06145833432674408 0.05833333358168602
4 0.6177083253860474 0.11435185372829437 0.10520832985639572 0.02500000037252903
6 0.02500000037252903 0.5560185313224792 0.03541666641831398 0.026851851493120193
6 0.23203125596046448 0.5300925970077515 0.02656250074505806 0.028703704476356506
6 0.265625 0.5120370388031006 0.02604166604578495 0.02777777798473835
2 0.7239583134651184 0.12453703582286835 0.02708333358168602 0.03981481492519379
8 0.18906250596046448 0.1467592567205429 0.0072916666977107525 0.015740741044282913
8 0.6591145992279053 0.06759259104728699 0.004687500186264515 0.007407407276332378
2 0.5315104126930237 0.06296296417713165 0.01614583283662796 0.020370369777083397
8 0.49609375 0.31990739703178406 0.0078125 0.03055555559694767
1 0.47265625 0.16851851344108582 0.008854166604578495 0.018518518656492233
7 0.5221354365348816 0.06805555522441864 0.004687500186264515 0.006481481250375509
2 0.5648437738418579 0.06296296417713165 0.01718750037252903 0.020370369777083397
7 0.4950520694255829 0.2874999940395355 0.006770833395421505 0.026851851493120193
1 0.5481770634651184 0.0694444477558136 0.010937499813735485 0.007407407276332378
7 0.6986979246139526 0.12037037312984467 0.006770833395421505 0.012962962500751019
8 0.49531251192092896 0.3013888895511627 0.0031250000465661287 0.032407406717538834
1 0.514843761920929 0.0694444477558136 0.010937499813735485 0.007407407276332378
0 0.44739583134651184 0.18518517911434174 0.0031250000465661287 0.011111111380159855
0 0.5054687261581421 0.1328703761100769 0.0015625000232830644 0.013888888992369175
0 0.4677083194255829 0.09768518805503845 0.0010416667209938169 0.010185184888541698
0 0.6929687261581421 0.13379628956317902 0.0036458333488553762 0.013888888992369175
0 0.46875 0.07361111044883728 0.0010416667209938169 0.008333333767950535
0 0.4385416805744171 0.2351851910352707 0.0031250000465661287 0.02222222276031971
0 0.8549479246139526 0.22870370745658875 0.0078125 0.02222222276031971
0 0.821093738079071 0.2074074000120163 0.006770833395421505 0.020370369777083397
0 0.4729166626930237 0.07962962985038757 0.0010416667209938169 0.009259259328246117
0 0.7434895634651184 0.13148148357868195 0.0036458333488553762 0.012962962500751019
0 0.4661458432674408 0.08148147910833359 0.0010416667209938169 0.0055555556900799274
0 0.6864583492279053 0.09398148208856583 0.0020833334419876337 0.010185184888541698
0 0.4567708373069763 0.14861111342906952 0.0020833334419876337 0.015740741044282913
0 0.46822917461395264 0.07268518209457397 0.0010416667209938169 0.008333333767950535
0 0.6283854246139526 0.07962962985038757 0.0015625000232830644 0.009259259328246117
0 0.6744791865348816 0.08749999850988388 0.0020833334419876337 0.010185184888541698
0 0.8895833492279053 0.2736110985279083 0.010416666977107525 0.02500000037252903
0 0.8148437738418579 0.20648148655891418 0.006770833395421505 0.020370369777083397
0 0.45494791865348816 0.16898147761821747 0.0026041667442768812 0.012037036940455437
0 0.8708333373069763 0.2606481611728668 0.008333333767950535 0.015740741044282913
0 0.4989583194255829 0.08101851493120193 0.0010416667209938169 0.006481481250375509
0 0.6776041388511658 0.11157407611608505 0.0020833334419876337 0.012037036940455437
0 0.04062499850988388 0.20509259402751923 0.008333333767950535 0.01944444514811039
0 0.7903645634651184 0.14953704178333282 0.004687500186264515 0.015740741044282913
0 0.9091145992279053 0.27546295523643494 0.00989583320915699 0.026851851493120193
0 0.49270832538604736 0.06666667014360428 0.0010416667209938169 0.007407407276332378
0 0.5067708492279053 0.13935184478759766 0.0020833334419876337 0.013888888992369175
0 0.6427083611488342 0.10138888657093048 0.0020833334419876337 0.006481481250375509
0 0.5067708492279053 0.06666667014360428 0.0010416667209938169 0.007407407276332378
0 0.6916666626930237 0.1328703761100769 0.0031250000465661287 0.008333333767950535
0 0.46822917461395264 0.07685185223817825 0.0010416667209938169 0.009259259328246117
0 0.7302083373069763 0.15601852536201477 0.004166666883975267 0.015740741044282913
0 0.4671874940395355 0.0754629597067833 0.0010416667209938169 0.008333333767950535
0 0.5054687261581421 0.06574074178934097 0.0005208333604969084 0.007407407276332378
0 0.4515624940395355 0.14861111342906952 0.0020833334419876337 0.015740741044282913
0 0.641406238079071 0.06898148357868195 0.0015625000232830644 0.008333333767950535
0 0.5098958611488342 0.2143518477678299 0.0031250000465661287 0.021296296268701553
0 0.4403645694255829 0.24444444477558136 0.0036458333488553762 0.024074073880910873
0 0.5122395753860474 0.17592592537403107 0.0015625000232830644 0.01666666753590107
0 0.03125 0.20555555820465088 0.008333333767950535 0.020370369777083397
0 0.4658854305744171 0.08796296268701553 0.0015625000232830644 0.009259259328246117
0 0.4544270932674408 0.19768518209457397 0.0026041667442768812 0.01944444514811039
0 0.4164062440395355 0.14629629254341125 0.0026041667442768812 0.014814814552664757
4 0.49817708134651184 0.2273148149251938 0.02447916753590107 0.12870369851589203
4 0.21145834028720856 0.12175925821065903 0.06145833432674408 0.05833333358168602
4 0.6177083253860474 0.11435185372829437 0.10520832985639572 0.02500000037252903
