4 0.4984374940395355 0.22499999403953552 0.02395833283662796 0.12777778506278992
4 0.21302083134651184 0.12083332985639572 0.06145833432674408 0.05833333358168602
4 0.6171875 0.11388888955116272 0.1041666641831398 0.024074073880910873
6 0.03515625 0.5439814925193787 0.0338541679084301 0.026851851493120193
6 0.23749999701976776 0.5189814567565918 0.02604166604578495 0.028703704476356506
6 0.27031248807907104 0.5013889074325562 0.02500000037252903 0.026851851493120193
2 0.7223958373069763 0.12361110746860504 0.02708333358168602 0.03981481492519379
8 0.19114583730697632 0.1458333283662796 0.0072916666977107525 0.015740741044282913
2 0.5315104126930237 0.06296296417713165 0.01614583283662796 0.020370369777083397
8 0.49609375 0.3157407343387604 0.0078125 0.029629629105329514
1 0.4729166626930237 0.16712963581085205 0.00937500037252903 0.017592592164874077
7 0.5221354365348816 0.06805555522441864 0.004687500186264515 0.006481481250375509
2 0.5648437738418579 0.06296296417713165 0.01718750037252903 0.020370369777083397
7 0.4950520694255829 0.2837963104248047 0.006770833395421505 0.026851851493120193
1 0.5481770634651184 0.0694444477558136 0.010937499813735485 0.007407407276332378
7 0.6973958611488342 0.11944444477558136 0.0062500000931322575 0.012962962500751019
8 0.49531251192092896 0.2976851761341095 0.0031250000465661287 0.032407406717538834
1 0.514843761920929 0.0694444477558136 0.010937499813735485 0.007407407276332378
0 0.4479166567325592 0.18333333730697632 0.0031250000465661287 0.011111111380159855
0 0.5054687261581421 0.1319444477558136 0.0015625000232830644 0.013888888992369175
0 0.4677083194255829 0.0972222238779068 0.0010416667209938169 0.011111111380159855
0 0.6916666626930237 0.1328703761100769 0.0031250000465661287 0.013888888992369175
0 0.46875 0.07361111044883728 0.0010416667209938169 0.008333333767950535
0 0.43932291865348816 0.23240740597248077 0.0036458333488553762 0.02222222276031971
0 0.8518229126930237 0.22685185074806213 0.0078125 0.02222222276031971
0 0.8179687261581421 0.20555555820465088 0.006770833395421505 0.020370369777083397
0 0.4729166626930237 0.07916666567325592 0.0010416667209938169 0.008333333767950535
0 0.7419270873069763 0.13055555522441864 0.0036458333488553762 0.012962962500751019
0 0.4661458432674408 0.08148147910833359 0.0010416667209938169 0.0055555556900799274
0 0.6859375238418579 0.09351851791143417 0.0020833334419876337 0.009259259328246117
0 0.45703125 0.14722222089767456 0.0026041667442768812 0.014814814552664757
0 0.46822917461395264 0.07268518209457397 0.0010416667209938169 0.008333333767950535
0 0.6278645992279053 0.07916666567325592 0.0015625000232830644 0.008333333767950535
0 0.6739583611488342 0.08703703433275223 0.0020833334419876337 0.009259259328246117
0 0.8851562738418579 0.27037036418914795 0.00989583320915699 0.025925925001502037
0 0.8122395873069763 0.20462962985038757 0.006770833395421505 0.020370369777083397
0 0.4554687440395355 0.16805554926395416 0.0026041667442768812 0.012037036940455437
0 0.8671875 0.2578703761100769 0.008333333767950535 0.015740741044282913
0 0.4989583194255829 0.08055555820465088 0.0010416667209938169 0.0055555556900799274
0 0.676562488079071 0.11064814776182175 0.0020833334419876337 0.012037036940455437
0 0.0442708320915699 0.20324073731899261 0.008333333767950535 0.01944444514811039
0 0.7888020873069763 0.14861111342906952 0.004687500186264515 0.015740741044282913
0 0.9049479365348816 0.27222222089767456 0.00989583320915699 0.025925925001502037
0 0.49270832538604736 0.06620370596647263 0.0010416667209938169 0.008333333767950535
0 0.5065104365348816 0.13842593133449554 0.0015625000232830644 0.013888888992369175
0 0.6421874761581421 0.10046296566724777 0.0020833334419876337 0.006481481250375509
0 0.5065104365348816 0.06620370596647263 0.0005208333604969084 0.008333333767950535
0 0.690625011920929 0.1319444477558136 0.0031250000465661287 0.008333333767950535
0 0.46875 0.0763888880610466 0.0010416667209938169 0.008333333767950535
0 0.7291666865348816 0.15416666865348816 0.004166666883975267 0.015740741044282913
0 0.4677083194255829 0.07453703880310059 0.0010416667209938169 0.008333333767950535
0 0.5054687261581421 0.06574074178934097 0.0005208333604969084 0.007407407276332378
0 0.4520833194255829 0.1476851850748062 0.0020833334419876337 0.015740741044282913
0 0.6411458253860474 0.06851851940155029 0.0010416667209938169 0.007407407276332378
0 0.5096353888511658 0.21250000596046448 0.0026041667442768812 0.021296296268701553
0 0.44088542461395264 0.2421296238899231 0.0036458333488553762 0.023148147389292717
0 0.5119791626930237 0.1745370328426361 0.0020833334419876337 0.017592592164874077
0 0.03489583358168602 0.20370370149612427 0.008333333767950535 0.020370369777083397
0 0.4661458432674408 0.08749999850988388 0.0010416667209938169 0.010185184888541698
0 0.45494791865348816 0.19583334028720856 0.0026041667442768812 0.01944444514811039
0 0.4166666567325592 0.14537036418914795 0.0020833334419876337 0.014814814552664757
4 0.4984374940395355 0.22499999403953552 0.02395833283662796 0.12777778506278992
4 0.21302083134651184 0.12083332985639572 0.06145833432674408 0.05833333358168602
4 0.6171875 0.11388888955116272 0.1041666641831398 0.024074073880910873
