4 0.49817708134651184 0.23240740597248077 0.02447916753590107 0.13333334028720856
4 0.20807291567325592 0.12314815074205399 0.06302083283662796 0.05925925821065903
4 0.6190103888511658 0.11574073880910873 0.10572917014360428 0.024074073880910873
6 0.01145833358168602 0.5810185074806213 0.02291666716337204 0.028703704476356506
6 0.22083333134651184 0.5527777671813965 0.02812499925494194 0.031481482088565826
6 0.2562499940395355 0.5333333611488342 0.02708333358168602 0.029629629105329514
2 0.727343738079071 0.12638889253139496 0.02760416641831398 0.0416666679084301
8 0.18541666865348816 0.14861111342906952 0.0072916666977107525 0.015740741044282913
2 0.5317708253860474 0.06388889253139496 0.01666666753590107 0.020370369777083397
8 0.49609375 0.3282407522201538 0.0078125 0.03055555559694767
1 0.4723958373069763 0.17129629850387573 0.00937500037252903 0.018518518656492233
7 0.5221354365348816 0.06898148357868195 0.004687500186264515 0.006481481250375509
2 0.5653645992279053 0.06388889253139496 0.01718750037252903 0.020370369777083397
7 0.4947916567325592 0.2944444417953491 0.0072916666977107525 0.02777777798473835
1 0.5484374761581421 0.06990740448236465 0.01145833358168602 0.006481481250375509
7 0.7013021111488342 0.12175925821065903 0.006770833395421505 0.012037036940455437
8 0.49531251192092896 0.3092592656612396 0.0031250000465661287 0.03333333507180214
1 0.514843761920929 0.07037036865949631 0.010937499813735485 0.007407407276332378
0 0.4466145932674408 0.18796296417713165 0.0026041667442768812 0.011111111380159855
0 0.5054687261581421 0.13379628956317902 0.0015625000232830644 0.013888888992369175
0 0.4674479067325592 0.09861110895872116 0.0015625000232830644 0.010185184888541698
0 0.6953125 0.13564814627170563 0.0031250000465661287 0.013888888992369175
0 0.46822917461395264 0.07453703880310059 0.0010416667209938169 0.008333333767950535
0 0.4372395873069763 0.24027778208255768 0.0036458333488553762 0.023148147389292717
0 0.8611978888511658 0.23333333432674408 0.0078125 0.02222222276031971
0 0.8270833492279053 0.21203704178333282 0.0072916666977107525 0.020370369777083397
0 0.4723958373069763 0.08009259402751923 0.0010416667209938169 0.008333333767950535
0 0.7463541626930237 0.1328703761100769 0.004166666883975267 0.013888888992369175
0 0.4658854305744171 0.0824074074625969 0.0015625000232830644 0.0055555556900799274
0 0.6880208253860474 0.09490741044282913 0.0020833334419876337 0.010185184888541698
0 0.45651042461395264 0.15046297013759613 0.0026041667442768812 0.015740741044282913
0 0.4677083194255829 0.07361111044883728 0.0010416667209938169 0.008333333767950535
0 0.6294270753860474 0.08009259402751923 0.0015625000232830644 0.008333333767950535
0 0.6760416626930237 0.08842592686414719 0.0020833334419876337 0.010185184888541698
0 0.8989583253860474 0.2805555462837219 0.010416666977107525 0.025925925001502037
0 0.819531261920929 0.20972222089767456 0.006770833395421505 0.021296296268701553
0 0.4544270932674408 0.17175926268100739 0.0026041667442768812 0.012037036940455437
0 0.878125011920929 0.2657407522201538 0.008333333767950535 0.014814814552664757
0 0.4989583194255829 0.08194444328546524 0.0010416667209938169 0.006481481250375509
0 0.6794270873069763 0.11249999701976776 0.0026041667442768812 0.012037036940455437
0 0.03333333507180214 0.20879629254341125 0.008333333767950535 0.021296296268701553
0 0.7940104007720947 0.15138888359069824 0.004687500186264515 0.015740741044282913
0 0.91796875 0.2819444537162781 0.010937499813735485 0.026851851493120193
0 0.49270832538604736 0.06666667014360428 0.0010416667209938169 0.007407407276332378
0 0.507031261920929 0.14074073731899261 0.0015625000232830644 0.014814814552664757
0 0.6440104246139526 0.10231481492519379 0.0026041667442768812 0.006481481250375509
0 0.507031261920929 0.06666667014360428 0.0005208333604969084 0.007407407276332378
0 0.6937500238418579 0.13472221791744232 0.0031250000465661287 0.008333333767950535
0 0.46822917461395264 0.07777778059244156 0.0010416667209938169 0.009259259328246117
0 0.7333333492279053 0.1578703671693802 0.004166666883975267 0.015740741044282913
0 0.4671874940395355 0.0754629597067833 0.0010416667209938169 0.008333333767950535
0 0.5057291388511658 0.06620370596647263 0.0010416667209938169 0.008333333767950535
0 0.45130208134651184 0.15046297013759613 0.0026041667442768812 0.015740741044282913
0 0.6424478888511658 0.0694444477558136 0.0015625000232830644 0.007407407276332378
0 0.5098958611488342 0.21805556118488312 0.0031250000465661287 0.021296296268701553
0 0.43932291865348816 0.2490740716457367 0.0036458333488553762 0.024074073880910873
0 0.512499988079071 0.17824074625968933 0.0020833334419876337 0.017592592164874077
0 0.02447916753590107 0.2092592567205429 0.008333333767950535 0.020370369777083397
0 0.46562498807907104 0.08888889104127884 0.0010416667209938169 0.009259259328246117
0 0.45364582538604736 0.2013888955116272 0.0031250000465661287 0.01944444514811039
0 0.41588541865348816 0.14814814925193787 0.0026041667442768812 0.014814814552664757
4 0.49817708134651184 0.23240740597248077 0.02447916753590107 0.13333334028720856
4 0.20807291567325592 0.12314815074205399 0.06302083283662796 0.05925925821065903
4 0.6190103888511658 0.11574073880910873 0.10572917014360428 0.024074073880910873
