4 0.4984374940395355 0.2351851910352707 0.02500000037252903 0.13518518209457397
4 0.6195312738418579 0.11620370298624039 0.1067708358168602 0.02500000037252903
6 0.00598958320915699 0.5944444537162781 0.01197916641831398 0.029629629105329514
6 0.21484375 0.5648148059844971 0.02864583395421505 0.031481482088565826
6 0.2510416805744171 0.5449073910713196 0.02708333358168602 0.03055555559694767
2 0.7291666865348816 0.12731482088565826 0.02812499925494194 0.0416666679084301
8 0.18359375 0.14953704178333282 0.0078125 0.015740741044282913
8 0.66015625 0.06851851940155029 0.004687500186264515 0.007407407276332378
2 0.532031238079071 0.06388889253139496 0.01614583283662796 0.020370369777083397
8 0.4958333373069763 0.3324074149131775 0.008333333767950535 0.031481482088565826
1 0.47213542461395264 0.17222222685813904 0.008854166604578495 0.018518518656492233
7 0.5221354365348816 0.06898148357868195 0.004687500186264515 0.006481481250375509
2 0.5653645992279053 0.06388889253139496 0.01718750037252903 0.020370369777083397
7 0.4947916567325592 0.2976851761341095 0.0072916666977107525 0.028703704476356506
1 0.5486978888511658 0.07037036865949631 0.010937499813735485 0.007407407276332378
7 0.702343761920929 0.12268518656492233 0.006770833395421505 0.012037036940455437
8 0.4950520694255829 0.31296294927597046 0.0036458333488553762 0.03333333507180214
1 0.514843761920929 0.07037036865949631 0.010937499813735485 0.007407407276332378
0 0.4463541805744171 0.18981482088565826 0.0031250000465661287 0.011111111380159855
0 0.5054687261581421 0.13472221791744232 0.0015625000232830644 0.013888888992369175
0 0.4671874940395355 0.09953703731298447 0.0010416667209938169 0.010185184888541698
0 0.6966145634651184 0.13657407462596893 0.0036458333488553762 0.013888888992369175
0 0.46822917461395264 0.07500000298023224 0.0010416667209938169 0.009259259328246117
0 0.43671876192092896 0.2421296238899231 0.0036458333488553762 0.023148147389292717
0 0.8645833134651184 0.2351851910352707 0.008333333767950535 0.02222222276031971
0 0.8302083611488342 0.21388888359069824 0.0072916666977107525 0.020370369777083397
0 0.4723958373069763 0.08055555820465088 0.0010416667209938169 0.009259259328246117
0 0.7476562261581421 0.13379628956317902 0.0036458333488553762 0.013888888992369175
0 0.4658854305744171 0.0824074074625969 0.0015625000232830644 0.0055555556900799274
0 0.6888020634651184 0.09490741044282913 0.0026041667442768812 0.010185184888541698
0 0.4559895694255829 0.15138888359069824 0.0026041667442768812 0.015740741044282913
0 0.4677083194255829 0.07361111044883728 0.0010416667209938169 0.008333333767950535
0 0.629687488079071 0.08055555820465088 0.0010416667209938169 0.009259259328246117
0 0.676562488079071 0.08842592686414719 0.0020833334419876337 0.010185184888541698
0 0.9036458134651184 0.2837963104248047 0.010416666977107525 0.026851851493120193
0 0.8218749761581421 0.21157407760620117 0.0072916666977107525 0.021296296268701553
0 0.45390623807907104 0.1726851910352707 0.0026041667442768812 0.012037036940455437
0 0.8817708492279053 0.2680555582046509 0.008333333767950535 0.015740741044282913
0 0.4989583194255829 0.08194444328546524 0.0010416667209938169 0.006481481250375509
0 0.680468738079071 0.11296296119689941 0.0026041667442768812 0.011111111380159855
0 0.02968749962747097 0.21064814925193787 0.008333333767950535 0.021296296268701553
0 0.7955729365348816 0.15231481194496155 0.004687500186264515 0.015740741044282913
0 0.9223958253860474 0.2847222089767456 0.010416666977107525 0.026851851493120193
0 0.49296873807907104 0.06712962687015533 0.0005208333604969084 0.008333333767950535
0 0.507031261920929 0.14166666567325592 0.0015625000232830644 0.014814814552664757
0 0.64453125 0.10231481492519379 0.0026041667442768812 0.006481481250375509
0 0.5072916746139526 0.06712962687015533 0.0010416667209938169 0.008333333767950535
0 0.6950520873069763 0.13564814627170563 0.0036458333488553762 0.008333333767950535
0 0.46822917461395264 0.07777778059244156 0.0010416667209938169 0.009259259328246117
0 0.7346354126930237 0.1587962955236435 0.004687500186264515 0.015740741044282913
0 0.4671874940395355 0.07592592388391495 0.0010416667209938169 0.009259259328246117
0 0.5057291388511658 0.06666667014360428 0.0010416667209938169 0.007407407276332378
0 0.45130208134651184 0.15138888359069824 0.0026041667442768812 0.015740741044282913
0 0.6429687738418579 0.06990740448236465 0.0015625000232830644 0.008333333767950535
0 0.5098958611488342 0.2203703671693802 0.0031250000465661287 0.02222222276031971
0 0.4388020932674408 0.2518518567085266 0.0036458333488553762 0.024074073880910873
0 0.512499988079071 0.18009258806705475 0.0020833334419876337 0.017592592164874077
0 0.02057291753590107 0.21111111342906952 0.008854166604578495 0.020370369777083397
0 0.46562498807907104 0.08888889104127884 0.0010416667209938169 0.009259259328246117
0 0.4533854126930237 0.20324073731899261 0.0026041667442768812 0.01944444514811039
0 0.4156250059604645 0.14907407760620117 0.0020833334419876337 0.014814814552664757
4 0.4984374940395355 0.2351851910352707 0.02500000037252903 0.13518518209457397
4 0.6195312738418579 0.11620370298624039 0.1067708358168602 0.02500000037252903
