4 0.49817708134651184 0.21990740299224854 0.0234375 0.12314815074205399
4 0.21640625596046448 0.11944444477558136 0.0598958320915699 0.05740740895271301
4 0.6158854365348816 0.11249999701976776 0.10364583134651184 0.023148147389292717
6 0.0546875 0.5208333134651184 0.03229166567325592 0.026851851493120193
6 0.24791666865348816 0.49768519401550293 0.02500000037252903 0.026851851493120193
6 0.27916666865348816 0.48148149251937866 0.02395833283662796 0.025925925001502037
2 0.7192708253860474 0.12175925821065903 0.02604166604578495 0.03981481492519379
8 0.19479165971279144 0.14351852238178253 0.0072916666977107525 0.014814814552664757
2 0.5315104126930237 0.0625 0.01614583283662796 0.01944444514811039
8 0.4963541626930237 0.307407408952713 0.0072916666977107525 0.029629629105329514
1 0.47317707538604736 0.16435185074806213 0.008854166604578495 0.017592592164874077
7 0.5221354365348816 0.06759259104728699 0.004687500186264515 0.007407407276332378
2 0.5643228888511658 0.06203703582286835 0.01718750037252903 0.020370369777083397
7 0.4950520694255829 0.27731481194496155 0.006770833395421505 0.026851851493120193
1 0.547656238079071 0.06898148357868195 0.010937499813735485 0.006481481250375509
7 0.6947916746139526 0.1180555522441864 0.0062500000931322575 0.012037036940455437
8 0.49531251192092896 0.29027777910232544 0.0031250000465661287 0.03055555559694767
1 0.5145833492279053 0.06898148357868195 0.010416666977107525 0.006481481250375509
0 0.44869792461395264 0.18009258806705475 0.0026041667442768812 0.010185184888541698
0 0.5054687261581421 0.130092591047287 0.0015625000232830644 0.013888888992369175
0 0.46796876192092896 0.0962962955236435 0.0015625000232830644 0.011111111380159855
0 0.6895833611488342 0.13148148357868195 0.0031250000465661287 0.012962962500751019
0 0.46875 0.07268518209457397 0.0010416667209938169 0.008333333767950535
0 0.44062501192092896 0.22777777910232544 0.0031250000465661287 0.02222222276031971
0 0.8458333611488342 0.22268518805503845 0.0072916666977107525 0.021296296268701553
0 0.8119791746139526 0.2013888955116272 0.0062500000931322575 0.01944444514811039
0 0.4729166626930237 0.07870370149612427 0.0010416667209938169 0.009259259328246117
0 0.7388020753860474 0.12870369851589203 0.0036458333488553762 0.012962962500751019
0 0.4664062559604645 0.08055555820465088 0.0015625000232830644 0.0055555556900799274
0 0.684374988079071 0.09305555373430252 0.0020833334419876337 0.010185184888541698
0 0.4572916626930237 0.14537036418914795 0.0020833334419876337 0.014814814552664757
0 0.46822917461395264 0.07175926119089127 0.0010416667209938169 0.008333333767950535
0 0.6268228888511658 0.07824073731899261 0.0015625000232830644 0.008333333767950535
0 0.6729166507720947 0.08611111342906952 0.0020833334419876337 0.009259259328246117
0 0.8760416507720947 0.26342591643333435 0.00937500037252903 0.02500000037252903
0 0.8075520992279053 0.2013888955116272 0.006770833395421505 0.01944444514811039
0 0.45625001192092896 0.16527777910232544 0.0020833334419876337 0.012037036940455437
0 0.860156238079071 0.2527777850627899 0.0078125 0.014814814552664757
0 0.49921876192092896 0.08009259402751923 0.0005208333604969084 0.006481481250375509
0 0.675000011920929 0.10972221940755844 0.0020833334419876337 0.012037036940455437
0 0.05130208283662796 0.19953703880310059 0.0078125 0.01944444514811039
0 0.7854166626930237 0.1467592567205429 0.004166666883975267 0.015740741044282913
0 0.8963541388511658 0.26620370149612427 0.00937500037252903 0.02500000037252903
0 0.4924479126930237 0.06574074178934097 0.0005208333604969084 0.007407407276332378
0 0.5065104365348816 0.13657407462596893 0.0015625000232830644 0.013888888992369175
0 0.640625 0.09953703731298447 0.0020833334419876337 0.006481481250375509
0 0.5062500238418579 0.06574074178934097 0.0010416667209938169 0.007407407276332378
0 0.6880208253860474 0.130092591047287 0.0031250000465661287 0.008333333767950535
0 0.46875 0.07592592388391495 0.0010416667209938169 0.009259259328246117
0 0.7263020873069763 0.15231481194496155 0.0036458333488553762 0.015740741044282913
0 0.4677083194255829 0.07453703880310059 0.0010416667209938169 0.008333333767950535
0 0.5052083134651184 0.06481481343507767 0.0010416667209938169 0.007407407276332378
0 0.45260417461395264 0.14537036418914795 0.0020833334419876337 0.014814814552664757
0 0.6403645873069763 0.06805555522441864 0.0015625000232830644 0.008333333767950535
0 0.5096353888511658 0.2083333283662796 0.0026041667442768812 0.020370369777083397
0 0.44192707538604736 0.2370370328426361 0.0036458333488553762 0.02222222276031971
0 0.5119791626930237 0.17175926268100739 0.0020833334419876337 0.017592592164874077
0 0.04192708432674408 0.2004629671573639 0.0078125 0.01944444514811039
0 0.4661458432674408 0.08703703433275223 0.0010416667209938169 0.009259259328246117
0 0.4559895694255829 0.19212962687015533 0.0026041667442768812 0.01944444514811039
0 0.41718751192092896 0.14351852238178253 0.0020833334419876337 0.014814814552664757
4 0.49817708134651184 0.21990740299224854 0.0234375 0.12314815074205399
4 0.21640625596046448 0.11944444477558136 0.0598958320915699 0.05740740895271301
4 0.6158854365348816 0.11249999701976776 0.10364583134651184 0.023148147389292717
