4 0.49817708134651184 0.22962963581085205 0.02447916753590107 0.13148148357868195
4 0.20989583432674408 0.12222222238779068 0.0625 0.05925925821065903
4 0.6184895634651184 0.11481481790542603 0.10572917014360428 0.024074073880910873
6 0.01640624925494194 0.5685185194015503 0.03281249850988388 0.02777777798473835
6 0.22630208730697632 0.5412036776542664 0.02760416641831398 0.03055555559694767
6 0.26093751192092896 0.522685170173645 0.02604166604578495 0.028703704476356506
2 0.725781261920929 0.125 0.02760416641831398 0.040740739554166794
8 0.18723958730697632 0.1476851850748062 0.0078125 0.015740741044282913
2 0.5317708253860474 0.06296296417713165 0.01666666753590107 0.020370369777083397
8 0.49609375 0.32407405972480774 0.0078125 0.031481482088565826
1 0.4723958373069763 0.16944444179534912 0.00937500037252903 0.018518518656492233
7 0.5221354365348816 0.06851851940155029 0.004687500186264515 0.007407407276332378
2 0.5651041865348816 0.06296296417713165 0.01666666753590107 0.020370369777083397
7 0.4947916567325592 0.2907407283782959 0.0072916666977107525 0.02777777798473835
1 0.5481770634651184 0.06990740448236465 0.010937499813735485 0.006481481250375509
7 0.6997395753860474 0.12129629403352737 0.006770833395421505 0.012962962500751019
8 0.49531251192092896 0.30509260296821594 0.0031250000465661287 0.032407406717538834
1 0.514843761920929 0.06990740448236465 0.010937499813735485 0.006481481250375509
0 0.4468750059604645 0.18611110746860504 0.0031250000465661287 0.011111111380159855
0 0.5054687261581421 0.13333334028720856 0.0015625000232830644 0.012962962500751019
0 0.4674479067325592 0.09861110895872116 0.0015625000232830644 0.010185184888541698
0 0.6942708492279053 0.13472221791744232 0.0031250000465661287 0.013888888992369175
0 0.46822917461395264 0.07453703880310059 0.0010416667209938169 0.008333333767950535
0 0.43802082538604736 0.23749999701976776 0.0031250000465661287 0.023148147389292717
0 0.8580729365348816 0.23055554926395416 0.0078125 0.02222222276031971
0 0.8239583373069763 0.2092592567205429 0.0072916666977107525 0.020370369777083397
0 0.4729166626930237 0.08009259402751923 0.0010416667209938169 0.008333333767950535
0 0.7447916865348816 0.1319444477558136 0.004166666883975267 0.013888888992369175
0 0.4658854305744171 0.08194444328546524 0.0015625000232830644 0.004629629664123058
0 0.6872395873069763 0.09398148208856583 0.0026041667442768812 0.010185184888541698
0 0.45651042461395264 0.14953704178333282 0.0026041667442768812 0.015740741044282913
0 0.46796876192092896 0.07268518209457397 0.0005208333604969084 0.008333333767950535
0 0.62890625 0.07962962985038757 0.0015625000232830644 0.009259259328246117
0 0.675000011920929 0.08796296268701553 0.0020833334419876337 0.009259259328246117
0 0.8942708373069763 0.2768518626689911 0.010416666977107525 0.025925925001502037
0 0.8169270753860474 0.2083333283662796 0.006770833395421505 0.020370369777083397
0 0.4546875059604645 0.16990740597248077 0.0020833334419876337 0.012037036940455437
0 0.8744791746139526 0.2629629671573639 0.008333333767950535 0.014814814552664757
0 0.4989583194255829 0.08148147910833359 0.0010416667209938169 0.0055555556900799274
0 0.6783854365348816 0.11157407611608505 0.0026041667442768812 0.012037036940455437
0 0.03697916492819786 0.20694445073604584 0.008333333767950535 0.01944444514811039
0 0.7919270992279053 0.15046297013759613 0.004687500186264515 0.015740741044282913
0 0.9135416746139526 0.27824074029922485 0.010416666977107525 0.026851851493120193
0 0.49270832538604736 0.06666667014360428 0.0010416667209938169 0.007407407276332378
0 0.507031261920929 0.1398148089647293 0.0015625000232830644 0.014814814552664757
0 0.6432291865348816 0.10138888657093048 0.0020833334419876337 0.006481481250375509
0 0.5067708492279053 0.06666667014360428 0.0010416667209938169 0.007407407276332378
0 0.29479166865348816 0.07083333283662796 0.0020833334419876337 0.008333333767950535
0 0.6927083134651184 0.13379628956317902 0.0031250000465661287 0.008333333767950535
0 0.46822917461395264 0.0773148164153099 0.0010416667209938169 0.008333333767950535
0 0.7317708134651184 0.15694443881511688 0.004166666883975267 0.015740741044282913
0 0.4671874940395355 0.0754629597067833 0.0010416667209938169 0.008333333767950535
0 0.5057291388511658 0.06574074178934097 0.0010416667209938169 0.007407407276332378
0 0.4515624940395355 0.14953704178333282 0.0020833334419876337 0.015740741044282913
0 0.6419270634651184 0.06898148357868195 0.0015625000232830644 0.008333333767950535
0 0.5098958611488342 0.2162037044763565 0.0031250000465661287 0.021296296268701553
0 0.4398437440395355 0.24675926566123962 0.0036458333488553762 0.023148147389292717
0 0.512499988079071 0.17731481790542603 0.0020833334419876337 0.017592592164874077
0 0.02786458283662796 0.2074074000120163 0.0078125 0.020370369777083397
0 0.46562498807907104 0.08842592686414719 0.0010416667209938169 0.010185184888541698
0 0.4541666805744171 0.19953703880310059 0.0031250000465661287 0.01944444514811039
0 0.41614583134651184 0.14722222089767456 0.0020833334419876337 0.014814814552664757
4 0.49817708134651184 0.22962963581085205 0.02447916753590107 0.13148148357868195
4 0.20989583432674408 0.12222222238779068 0.0625 0.05925925821065903
4 0.6184895634651184 0.11481481790542603 0.10572917014360428 0.024074073880910873
