4 0.49817708134651184 0.26157405972480774 0.02760416641831398 0.15648147463798523
4 0.625781238079071 0.12314815074205399 0.1119791641831398 0.025925925001502037
6 0.14374999701976776 0.7083333134651184 0.03750000149011612 0.04444444552063942
6 0.19218750298023224 0.6768518686294556 0.03437500074505806 0.040740739554166794
2 0.745312511920929 0.13750000298023224 0.03125 0.04537037014961243
8 0.6638020873069763 0.07037036865949631 0.004687500186264515 0.007407407276332378
2 0.5328124761581421 0.06620370596647263 0.01666666753590107 0.021296296268701553
8 0.49531251192092896 0.37962964177131653 0.00937500037252903 0.03703703731298447
1 0.4700520932674408 0.18611110746860504 0.00989583320915699 0.020370369777083397
7 0.5213541388511658 0.07129629701375961 0.0052083334885537624 0.007407407276332378
2 0.5677083134651184 0.06620370596647263 0.01770833320915699 0.021296296268701553
7 0.49401041865348816 0.33564814925193787 0.0078125 0.032407406717538834
1 0.3075520694255829 0.07268518209457397 0.013020833022892475 0.008333333767950535
1 0.550000011920929 0.07314814627170563 0.01145833358168602 0.007407407276332378
7 0.7153645753860474 0.13148148357868195 0.0078125 0.012962962500751019
8 0.4945312440395355 0.35462963581085205 0.0036458333488553762 0.03888889029622078
1 0.5153645873069763 0.07314814627170563 0.010937499813735485 0.007407407276332378
0 0.44218748807907104 0.20601852238178253 0.0031250000465661287 0.012037036940455437
0 0.5054687261581421 0.14259259402751923 0.0015625000232830644 0.014814814552664757
0 0.4658854305744171 0.10462962836027145 0.0015625000232830644 0.011111111380159855
0 0.7080729007720947 0.14537036418914795 0.0036458333488553762 0.014814814552664757
0 0.4671874940395355 0.07824073731899261 0.0010416667209938169 0.008333333767950535
0 0.43020832538604736 0.2689814865589142 0.004166666883975267 0.02500000037252903
0 0.8966146111488342 0.25740739703178406 0.00989583320915699 0.024074073880910873
0 0.8614583611488342 0.2351851910352707 0.008333333767950535 0.02222222276031971
0 0.47187501192092896 0.0833333358168602 0.0010416667209938169 0.009259259328246117
0 0.762499988079071 0.14259259402751923 0.004166666883975267 0.014814814552664757
0 0.46484375 0.08518518507480621 0.0015625000232830644 0.0055555556900799274
0 0.6955729126930237 0.09907407313585281 0.0026041667442768812 0.011111111380159855
0 0.45390623807907104 0.16203702986240387 0.0026041667442768812 0.01666666753590107
0 0.46666666865348816 0.0763888880610466 0.0010416667209938169 0.008333333767950535
0 0.6341145634651184 0.08425925672054291 0.0015625000232830644 0.009259259328246117
0 0.6825520992279053 0.09212963283061981 0.0026041667442768812 0.010185184888541698
0 0.9544270634651184 0.3212963044643402 0.013020833022892475 0.029629629105329514
0 0.44999998807907104 0.18518517911434174 0.0031250000465661287 0.012962962500751019
0 0.9197916388511658 0.2958333194255829 0.010416666977107525 0.017592592164874077
0 0.4989583194255829 0.08564814925193787 0.0010416667209938169 0.006481481250375509
0 0.6893228888511658 0.11851851642131805 0.0026041667442768812 0.012962962500751019
0 0.8119791746139526 0.16203702986240387 0.0052083334885537624 0.01666666753590107
0 0.9690104126930237 0.3185185194015503 0.013020833022892475 0.029629629105329514
0 0.4937500059604645 0.0694444477558136 0.0010416667209938169 0.007407407276332378
0 0.507031261920929 0.15000000596046448 0.0015625000232830644 0.014814814552664757
0 0.6510416865348816 0.10787037014961243 0.0020833334419876337 0.006481481250375509
0 0.5083333253860474 0.0694444477558136 0.0010416667209938169 0.007407407276332378
0 0.706250011920929 0.14398148655891418 0.0031250000465661287 0.008333333767950535
0 0.4671874940395355 0.08148147910833359 0.0010416667209938169 0.009259259328246117
0 0.7484375238418579 0.16898147761821747 0.0052083334885537624 0.017592592164874077
0 0.4661458432674408 0.07870370149612427 0.0010416667209938169 0.009259259328246117
0 0.2692708373069763 0.08888889104127884 0.0020833334419876337 0.009259259328246117
0 0.5067708492279053 0.06898148357868195 0.0010416667209938169 0.008333333767950535
0 0.44921875 0.1606481522321701 0.0026041667442768812 0.015740741044282913
0 0.6471354365348816 0.07268518209457397 0.0015625000232830644 0.008333333767950535
0 0.510937511920929 0.24120371043682098 0.0031250000465661287 0.023148147389292717
0 0.43281251192092896 0.2777777910232544 0.004166666883975267 0.025925925001502037
0 0.5135416388511658 0.192592591047287 0.0020833334419876337 0.018518518656492233
0 0.46432292461395264 0.09259258955717087 0.0015625000232830644 0.009259259328246117
0 0.4489583373069763 0.22268518805503845 0.0031250000465661287 0.021296296268701553
0 0.4127604067325592 0.1587962955236435 0.0026041667442768812 0.015740741044282913
4 0.49817708134651184 0.26157405972480774 0.02760416641831398 0.15648147463798523
4 0.625781238079071 0.12314815074205399 0.1119791641831398 0.025925925001502037
