4 0.49791666865348816 0.25555557012557983 0.02708333358168602 0.1518518477678299
4 0.624218761920929 0.12129629403352737 0.11093749850988388 0.025925925001502037
6 0.16171875596046448 0.6722221970558167 0.03489583358168602 0.040740739554166794
6 0.20703125 0.6435185074806213 0.03281249850988388 0.03888889029622078
2 0.7416666746139526 0.13518518209457397 0.03020833246409893 0.04444444552063942
8 0.663281261920929 0.07037036865949631 0.004687500186264515 0.007407407276332378
2 0.5328124761581421 0.06574074178934097 0.01666666753590107 0.020370369777083397
8 0.49557292461395264 0.36851853132247925 0.008854166604578495 0.035185184329748154
1 0.47057291865348816 0.18287037312984467 0.00989583320915699 0.01944444514811039
7 0.5218750238418579 0.07083333283662796 0.0052083334885537624 0.006481481250375509
2 0.567187488079071 0.06527777761220932 0.01770833320915699 0.021296296268701553
7 0.49401041865348816 0.32685184478759766 0.0078125 0.031481482088565826
1 0.3088541626930237 0.07222222536802292 0.012500000186264515 0.007407407276332378
1 0.5497395992279053 0.07222222536802292 0.010937499813735485 0.007407407276332378
7 0.7124999761581421 0.12962962687015533 0.0072916666977107525 0.012962962500751019
8 0.4945312440395355 0.3444444537162781 0.0036458333488553762 0.03703703731298447
1 0.5153645873069763 0.07222222536802292 0.010937499813735485 0.007407407276332378
0 0.4429687559604645 0.2023148089647293 0.0036458333488553762 0.012037036940455437
0 0.5054687261581421 0.14074073731899261 0.0015625000232830644 0.014814814552664757
0 0.4658854305744171 0.10324074327945709 0.0015625000232830644 0.010185184888541698
0 0.7054687738418579 0.14351852238178253 0.0036458333488553762 0.014814814552664757
0 0.4677083194255829 0.0773148164153099 0.0010416667209938169 0.008333333767950535
0 0.43177083134651184 0.2629629671573639 0.004166666883975267 0.024074073880910873
0 0.8893229365348816 0.2527777850627899 0.008854166604578495 0.024074073880910873
0 0.8541666865348816 0.23055554926395416 0.008333333767950535 0.02222222276031971
0 0.47187501192092896 0.0824074074625969 0.0010416667209938169 0.009259259328246117
0 0.7593749761581421 0.14074073731899261 0.004166666883975267 0.014814814552664757
0 0.46484375 0.08518518507480621 0.0015625000232830644 0.0055555556900799274
0 0.6940104365348816 0.09861110895872116 0.0026041667442768812 0.010185184888541698
0 0.4544270932674408 0.1597222238779068 0.0026041667442768812 0.015740741044282913
0 0.4671874940395355 0.07592592388391495 0.0010416667209938169 0.009259259328246117
0 0.6330729126930237 0.0833333358168602 0.0015625000232830644 0.009259259328246117
0 0.6812499761581421 0.0912037044763565 0.0020833334419876337 0.010185184888541698
0 0.942187488079071 0.3125 0.012500000186264515 0.028703704476356506
0 0.4507812559604645 0.182407408952713 0.0026041667442768812 0.012962962500751019
0 0.9111979007720947 0.2898148000240326 0.00989583320915699 0.01666666753590107
0 0.4989583194255829 0.08472222089767456 0.0010416667209938169 0.006481481250375509
0 0.6872395873069763 0.11712963134050369 0.0026041667442768812 0.012037036940455437
0 0.8083333373069763 0.1597222238779068 0.0052083334885537624 0.015740741044282913
0 0.9583333134651184 0.3106481432914734 0.012500000186264515 0.028703704476356506
0 0.4934895932674408 0.06898148357868195 0.0005208333604969084 0.008333333767950535
0 0.507031261920929 0.14814814925193787 0.0015625000232830644 0.014814814552664757
0 0.6497395634651184 0.10648148506879807 0.0026041667442768812 0.007407407276332378
0 0.5083333253860474 0.06898148357868195 0.0010416667209938169 0.008333333767950535
0 0.28958332538604736 0.07268518209457397 0.0020833334419876337 0.008333333767950535
0 0.7036458253860474 0.14212962985038757 0.0031250000465661287 0.008333333767950535
0 0.4671874940395355 0.08055555820465088 0.0010416667209938169 0.009259259328246117
0 0.7455729246139526 0.1666666716337204 0.004687500186264515 0.01666666753590107
0 0.4661458432674408 0.07824073731899261 0.0010416667209938169 0.008333333767950535
0 0.5067708492279053 0.06851851940155029 0.0010416667209938169 0.007407407276332378
0 0.4494791626930237 0.1587962955236435 0.0020833334419876337 0.015740741044282913
0 0.6463541388511658 0.07175926119089127 0.0010416667209938169 0.008333333767950535
0 0.5106770992279053 0.23657406866550446 0.0036458333488553762 0.023148147389292717
0 0.43437498807907104 0.2717592716217041 0.004166666883975267 0.02500000037252903
0 0.5130208134651184 0.18981482088565826 0.0020833334419876337 0.018518518656492233
0 0.4645833373069763 0.09212963283061981 0.0010416667209938169 0.010185184888541698
0 0.44999998807907104 0.21805556118488312 0.0031250000465661287 0.021296296268701553
0 0.41354167461395264 0.15694443881511688 0.0020833334419876337 0.015740741044282913
4 0.49791666865348816 0.25555557012557983 0.02708333358168602 0.1518518477678299
4 0.624218761920929 0.12129629403352737 0.11093749850988388 0.025925925001502037
