4 0.49817708134651184 0.2490740716457367 0.02656250074505806 0.14629629254341125
4 0.6229166388511658 0.11990740895271301 0.109375 0.02500000037252903
6 0.17890624701976776 0.6379629373550415 0.03281249850988388 0.03703703731298447
6 0.22083333134651184 0.6120370626449585 0.03125 0.035185184329748154
2 0.7380208373069763 0.1328703761100769 0.03020833246409893 0.043518517166376114
8 0.6622396111488342 0.0694444477558136 0.004687500186264515 0.007407407276332378
2 0.5322916507720947 0.06527777761220932 0.01666666753590107 0.021296296268701553
8 0.49557292461395264 0.3578703701496124 0.008854166604578495 0.034259259700775146
1 0.4710937440395355 0.1796296238899231 0.00989583320915699 0.020370369777083397
7 0.5218750238418579 0.07037036865949631 0.0052083334885537624 0.007407407276332378
2 0.5666666626930237 0.06481481343507767 0.01770833320915699 0.020370369777083397
7 0.49427083134651184 0.31805557012557983 0.0072916666977107525 0.03055555559694767
1 0.5494791865348816 0.07175926119089127 0.01145833358168602 0.006481481250375509
7 0.7093750238418579 0.12777778506278992 0.0072916666977107525 0.012962962500751019
8 0.4950520694255829 0.33472222089767456 0.0036458333488553762 0.03611111268401146
1 0.5153645873069763 0.07222222536802292 0.010937499813735485 0.007407407276332378
0 0.4437499940395355 0.19861111044883728 0.0031250000465661287 0.012037036940455437
0 0.5054687261581421 0.1388888955116272 0.0015625000232830644 0.014814814552664757
0 0.4664062559604645 0.10185185074806213 0.0015625000232830644 0.011111111380159855
0 0.7028645873069763 0.14166666567325592 0.0036458333488553762 0.014814814552664757
0 0.4677083194255829 0.0763888880610466 0.0010416667209938169 0.008333333767950535
0 0.4333333373069763 0.25648146867752075 0.004166666883975267 0.024074073880910873
0 0.882031261920929 0.24722221493721008 0.008854166604578495 0.024074073880910873
0 0.8471354246139526 0.22546295821666718 0.0078125 0.021296296268701553
0 0.47187501192092896 0.0824074074625969 0.0010416667209938169 0.009259259328246117
0 0.7557291388511658 0.13842593133449554 0.004166666883975267 0.013888888992369175
0 0.4651041626930237 0.08425925672054291 0.0010416667209938169 0.0055555556900799274
0 0.6924479007720947 0.09768518805503845 0.0026041667442768812 0.010185184888541698
0 0.45494791865348816 0.15740740299224854 0.0026041667442768812 0.01666666753590107
0 0.4671874940395355 0.0754629597067833 0.0010416667209938169 0.008333333767950535
0 0.632031261920929 0.0824074074625969 0.0015625000232830644 0.009259259328246117
0 0.6796875 0.0902777761220932 0.0020833334419876337 0.010185184888541698
0 0.930468738079071 0.3037036955356598 0.01197916641831398 0.02777777798473835
0 0.4518229067325592 0.1796296238899231 0.0026041667442768812 0.012962962500751019
0 0.90234375 0.28333333134651184 0.00989583320915699 0.01666666753590107
0 0.4989583194255829 0.08379629999399185 0.0010416667209938169 0.006481481250375509
0 0.6851562261581421 0.11620370298624039 0.0026041667442768812 0.012037036940455437
0 0.00937500037252903 0.22083333134651184 0.00937500037252903 0.021296296268701553
0 0.8046875 0.1578703671693802 0.0052083334885537624 0.015740741044282913
0 0.9476562738418579 0.3027777671813965 0.01197916641831398 0.02777777798473835
0 0.4932291805744171 0.06851851940155029 0.0010416667209938169 0.007407407276332378
0 0.507031261920929 0.14629629254341125 0.0015625000232830644 0.014814814552664757
0 0.6481770873069763 0.1050925925374031 0.0026041667442768812 0.006481481250375509
0 0.5078125 0.06851851940155029 0.0010416667209938169 0.007407407276332378
0 0.7013021111488342 0.14027777314186096 0.0036458333488553762 0.008333333767950535
0 0.4677083194255829 0.07962962985038757 0.0010416667209938169 0.009259259328246117
0 0.7421875 0.16435185074806213 0.004166666883975267 0.015740741044282913
0 0.46666666865348816 0.0773148164153099 0.0010416667209938169 0.008333333767950535
0 0.5065104365348816 0.06759259104728699 0.0005208333604969084 0.007407407276332378
0 0.44999998807907104 0.15648147463798523 0.0020833334419876337 0.01666666753590107
0 0.6455729007720947 0.07083333283662796 0.0015625000232830644 0.008333333767950535
0 0.5104166865348816 0.23148147761821747 0.0031250000465661287 0.02222222276031971
0 0.43541666865348816 0.26527777314186096 0.004166666883975267 0.02500000037252903
0 0.5130208134651184 0.18703703582286835 0.0020833334419876337 0.018518518656492233
0 0.0026041667442768812 0.2212962955236435 0.0052083334885537624 0.02222222276031971
0 0.46484375 0.0912037044763565 0.0015625000232830644 0.010185184888541698
0 0.45104166865348816 0.21388888359069824 0.0031250000465661287 0.020370369777083397
0 0.4143229126930237 0.1546296328306198 0.0026041667442768812 0.014814814552664757
4 0.49817708134651184 0.2490740716457367 0.02656250074505806 0.14629629254341125
4 0.6229166388511658 0.11990740895271301 0.109375 0.02500000037252903
