4 0.49817708134651184 0.25833332538604736 0.02760416641831398 0.1537037044763565
4 0.625 0.12222222238779068 0.11145833134651184 0.025925925001502037
6 0.15312500298023224 0.6898148059844971 0.0364583320915699 0.04259259253740311
6 0.19973959028720856 0.6597222089767456 0.0338541679084301 0.03981481492519379
2 0.7434895634651184 0.13611111044883728 0.03072916716337204 0.04444444552063942
8 0.663281261920929 0.07037036865949631 0.004687500186264515 0.007407407276332378
2 0.5328124761581421 0.06574074178934097 0.01666666753590107 0.020370369777083397
8 0.49557292461395264 0.3740740716457367 0.008854166604578495 0.035185184329748154
1 0.47057291865348816 0.18425926566123962 0.00989583320915699 0.020370369777083397
7 0.5216146111488342 0.07129629701375961 0.00572916679084301 0.007407407276332378
2 0.567187488079071 0.06574074178934097 0.01770833320915699 0.020370369777083397
7 0.49401041865348816 0.33101850748062134 0.0078125 0.032407406717538834
1 0.3083333373069763 0.07222222536802292 0.012500000186264515 0.007407407276332378
1 0.550000011920929 0.07222222536802292 0.01145833358168602 0.007407407276332378
7 0.7138020992279053 0.13055555522441864 0.0078125 0.012962962500751019
8 0.4945312440395355 0.34953704476356506 0.0036458333488553762 0.037962961941957474
1 0.5153645873069763 0.07268518209457397 0.010937499813735485 0.006481481250375509
0 0.4424479305744171 0.20416666567325592 0.0036458333488553762 0.012037036940455437
0 0.5054687261581421 0.14166666567325592 0.0015625000232830644 0.014814814552664757
0 0.4658854305744171 0.10370370000600815 0.0015625000232830644 0.011111111380159855
0 0.70703125 0.14444445073604584 0.0036458333488553762 0.014814814552664757
0 0.4677083194255829 0.07777778059244156 0.0010416667209938169 0.009259259328246117
0 0.4309895932674408 0.26620370149612427 0.0036458333488553762 0.02500000037252903
0 0.8929687738418579 0.25462964177131653 0.00989583320915699 0.024074073880910873
0 0.8578125238418579 0.23240740597248077 0.008333333767950535 0.02222222276031971
0 0.47187501192092896 0.0833333358168602 0.0010416667209938169 0.009259259328246117
0 0.760937511920929 0.14166666567325592 0.004166666883975267 0.014814814552664757
0 0.46484375 0.08518518507480621 0.0015625000232830644 0.0055555556900799274
0 0.6950520873069763 0.09861110895872116 0.0026041667442768812 0.010185184888541698
0 0.45390623807907104 0.16111111640930176 0.0026041667442768812 0.01666666753590107
0 0.46666666865348816 0.0763888880610466 0.0010416667209938169 0.008333333767950535
0 0.633593738079071 0.0833333358168602 0.0015625000232830644 0.009259259328246117
0 0.6817708611488342 0.09166666865348816 0.0020833334419876337 0.009259259328246117
0 0.9481770992279053 0.3166666626930237 0.013020833022892475 0.029629629105329514
0 0.4505208432674408 0.18333333730697632 0.0031250000465661287 0.012962962500751019
0 0.9153645634651184 0.2925925850868225 0.00989583320915699 0.01666666753590107
0 0.4989583194255829 0.08564814925193787 0.0010416667209938169 0.006481481250375509
0 0.688281238079071 0.11759259551763535 0.0026041667442768812 0.012962962500751019
0 0.8104166388511658 0.16111111640930176 0.0052083334885537624 0.01666666753590107
0 0.9635416865348816 0.3143518567085266 0.012500000186264515 0.028703704476356506
0 0.4934895932674408 0.0694444477558136 0.0005208333604969084 0.007407407276332378
0 0.507031261920929 0.14907407760620117 0.0015625000232830644 0.014814814552664757
0 0.6502603888511658 0.10694444179534912 0.0026041667442768812 0.006481481250375509
0 0.5083333253860474 0.0694444477558136 0.0010416667209938169 0.007407407276332378
0 0.7049478888511658 0.14305555820465088 0.0036458333488553762 0.008333333767950535
0 0.4671874940395355 0.08055555820465088 0.0010416667209938169 0.009259259328246117
0 0.7471354007720947 0.1675925999879837 0.004687500186264515 0.01666666753590107
0 0.4661458432674408 0.07824073731899261 0.0010416667209938169 0.008333333767950535
0 0.5067708492279053 0.06851851940155029 0.0010416667209938169 0.007407407276332378
0 0.44921875 0.1597222238779068 0.0026041667442768812 0.015740741044282913
0 0.6468750238418579 0.07175926119089127 0.0010416667209938169 0.008333333767950535
0 0.510937511920929 0.23842592537403107 0.0031250000465661287 0.023148147389292717
0 0.4333333373069763 0.27453702688217163 0.004166666883975267 0.02500000037252903
0 0.5135416388511658 0.19120369851589203 0.0020833334419876337 0.01944444514811039
0 0.4645833373069763 0.09212963283061981 0.0010416667209938169 0.010185184888541698
0 0.4494791626930237 0.21990740299224854 0.0031250000465661287 0.021296296268701553
0 0.41328126192092896 0.1578703671693802 0.0026041667442768812 0.015740741044282913
4 0.49817708134651184 0.25833332538604736 0.02760416641831398 0.1537037044763565
4 0.625 0.12222222238779068 0.11145833134651184 0.025925925001502037
