1 0.2750000059604645 0.15833333134651184 0.02187499962747097 0.014814814552664757
4 0.4976562559604645 0.29490742087364197 0.03177083283662796 0.18425926566123962
4 0.6322916746139526 0.130092591047287 0.11770833283662796 0.026851851493120193
6 0.02734375 0.9467592835426331 0.0546875 0.06759259104728699
6 0.09583333134651184 0.8916666507720947 0.05000000074505806 0.06111111119389534
2 0.7645833492279053 0.14907407760620117 0.03541666641831398 0.04814814776182175
8 0.667187511920929 0.07314814627170563 0.0052083334885537624 0.007407407276332378
2 0.5338541865348816 0.06851851940155029 0.01770833320915699 0.02222222276031971
8 0.4947916567325592 0.4416666626930237 0.010416666977107525 0.04259259253740311
1 0.46796876192092896 0.20277777314186096 0.010937499813735485 0.02222222276031971
7 0.5197916626930237 0.07407407462596893 0.0052083334885537624 0.007407407276332378
2 0.569531261920929 0.06851851940155029 0.01822916604578495 0.02222222276031971
7 0.4932291805744171 0.3828703761100769 0.00937500037252903 0.037962961941957474
1 0.30026042461395264 0.0754629597067833 0.013020833022892475 0.008333333767950535
1 0.551562488079071 0.0754629597067833 0.01145833358168602 0.008333333767950535
7 0.7302083373069763 0.14120370149612427 0.008333333767950535 0.013888888992369175
8 0.4937500059604645 0.40833333134651184 0.004166666883975267 0.04444444552063942
1 0.5158854126930237 0.07592592388391495 0.01197916641831398 0.007407407276332378
0 0.4372395873069763 0.22499999403953552 0.0036458333488553762 0.012962962500751019
0 0.5054687261581421 0.15046297013759613 0.0015625000232830644 0.015740741044282913
0 0.46432292461395264 0.10972221940755844 0.0015625000232830644 0.012037036940455437
0 0.7213541865348816 0.15601852536201477 0.004166666883975267 0.015740741044282913
0 0.46666666865348816 0.08148147910833359 0.0010416667209938169 0.009259259328246117
0 0.42239582538604736 0.3018518388271332 0.004166666883975267 0.02777777798473835
0 0.9354166388511658 0.28425925970077515 0.01145833358168602 0.025925925001502037
0 0.899218738079071 0.2606481611728668 0.00989583320915699 0.02500000037252903
0 0.47083333134651184 0.08657407760620117 0.0010416667209938169 0.010185184888541698
0 0.7789062261581421 0.15231481194496155 0.004687500186264515 0.015740741044282913
0 0.4635416567325592 0.08888889104127884 0.0010416667209938169 0.0055555556900799274
0 0.7033854126930237 0.10370370000600815 0.0026041667442768812 0.011111111380159855
0 0.4507812559604645 0.17407406866550446 0.0026041667442768812 0.01666666753590107
0 0.46562498807907104 0.07962962985038757 0.0010416667209938169 0.009259259328246117
0 0.6388021111488342 0.08796296268701553 0.0015625000232830644 0.009259259328246117
0 0.6888020634651184 0.09583333134651184 0.0026041667442768812 0.010185184888541698
0 0.44583332538604736 0.19861111044883728 0.0031250000465661287 0.013888888992369175
0 0.9658854007720947 0.3296296298503876 0.01197916641831398 0.018518518656492233
0 0.4989583194255829 0.08935185521841049 0.0010416667209938169 0.006481481250375509
0 0.699999988079071 0.125 0.0031250000465661287 0.012962962500751019
0 0.8309895992279053 0.1726851910352707 0.00572916679084301 0.017592592164874077
0 0.49427083134651184 0.07175926119089127 0.0010416667209938169 0.008333333767950535
0 0.5075520873069763 0.1587962955236435 0.0015625000232830644 0.015740741044282913
0 0.6580728888511658 0.11296296119689941 0.0026041667442768812 0.007407407276332378
0 0.5078125 0.07175926119089127 0.0010416667209938169 0.008333333767950535
0 0.7190104126930237 0.1537037044763565 0.0036458333488553762 0.009259259328246117
0 0.46562498807907104 0.08425925672054291 0.0010416667209938169 0.009259259328246117
0 0.7640625238418579 0.1805555522441864 0.0052083334885537624 0.018518518656492233
0 0.4651041626930237 0.08148147910833359 0.0010416667209938169 0.009259259328246117
0 0.5078125 0.07129629701375961 0.0010416667209938169 0.007407407276332378
0 0.44609373807907104 0.17129629850387573 0.0026041667442768812 0.01666666753590107
0 0.6518229246139526 0.0754629597067833 0.0015625000232830644 0.008333333767950535
0 0.508593738079071 0.26527777314186096 0.0026041667442768812 0.02500000037252903
0 0.4260416626930237 0.3087962865829468 0.0052083334885537624 0.028703704476356506
0 0.514843761920929 0.2074074000120163 0.0026041667442768812 0.020370369777083397
0 0.46302083134651184 0.0962962955236435 0.0010416667209938169 0.011111111380159855
0 0.4440104067325592 0.244907408952713 0.0036458333488553762 0.023148147389292717
0 0.4098958373069763 0.17037037014961243 0.0031250000465661287 0.01666666753590107
1 0.2750000059604645 0.15833333134651184 0.02187499962747097 0.014814814552664757
4 0.4976562559604645 0.29490742087364197 0.03177083283662796 0.18425926566123962
4 0.6322916746139526 0.130092591047287 0.11770833283662796 0.026851851493120193
