1 0.28072917461395264 0.1537037044763565 0.02083333395421505 0.014814814552664757
4 0.49791666865348816 0.2796296179294586 0.03020833246409893 0.17222222685813904
4 0.6291666626930237 0.1268518567085266 0.11562500149011612 0.025925925001502037
6 0.0846354141831398 0.8273147940635681 0.04739583283662796 0.05462963134050369
6 0.1432291716337204 0.7847222089767456 0.0416666679084301 0.05092592537403107
2 0.7557291388511658 0.14351852238178253 0.03333333507180214 0.046296294778585434
8 0.6658853888511658 0.07222222536802292 0.004687500186264515 0.007407407276332378
2 0.5335937738418579 0.06712962687015533 0.01718750037252903 0.021296296268701553
8 0.4950520694255829 0.4124999940395355 0.00989583320915699 0.03981481492519379
1 0.46875 0.19490741193294525 0.010416666977107525 0.021296296268701553
7 0.5208333134651184 0.07314814627170563 0.0052083334885537624 0.007407407276332378
2 0.5687500238418579 0.06712962687015533 0.01770833320915699 0.021296296268701553
7 0.4937500059604645 0.3611111044883728 0.008333333767950535 0.035185184329748154
1 0.3033854067325592 0.07407407462596893 0.013020833022892475 0.007407407276332378
1 0.5510416626930237 0.07407407462596893 0.01145833358168602 0.007407407276332378
7 0.723437488079071 0.13657407462596893 0.008333333767950535 0.013888888992369175
8 0.49427083134651184 0.3837963044643402 0.004166666883975267 0.0416666679084301
1 0.515625 0.07407407462596893 0.01145833358168602 0.007407407276332378
0 0.43932291865348816 0.21666666865348816 0.0036458333488553762 0.012962962500751019
0 0.5054687261581421 0.14722222089767456 0.0015625000232830644 0.014814814552664757
0 0.46484375 0.10740740597248077 0.0015625000232830644 0.011111111380159855
0 0.715624988079071 0.15138888359069824 0.004166666883975267 0.015740741044282913
0 0.46666666865348816 0.07962962985038757 0.0010416667209938169 0.009259259328246117
0 0.4260416626930237 0.2865740656852722 0.004166666883975267 0.026851851493120193
0 0.91796875 0.27222222089767456 0.010937499813735485 0.025925925001502037
0 0.882031261920929 0.2490740716457367 0.008854166604578495 0.024074073880910873
0 0.4713541567325592 0.08518518507480621 0.0010416667209938169 0.009259259328246117
0 0.7716146111488342 0.14814814925193787 0.004687500186264515 0.014814814552664757
0 0.46406251192092896 0.08749999850988388 0.0010416667209938169 0.006481481250375509
0 0.6997395753860474 0.10185185074806213 0.0026041667442768812 0.011111111380159855
0 0.4520833194255829 0.16851851344108582 0.0020833334419876337 0.01666666753590107
0 0.4661458432674408 0.07824073731899261 0.0010416667209938169 0.008333333767950535
0 0.63671875 0.08611111342906952 0.0015625000232830644 0.009259259328246117
0 0.6861979365348816 0.09398148208856583 0.0026041667442768812 0.010185184888541698
0 0.989062488079071 0.34675925970077515 0.014583333395421505 0.03055555559694767
0 0.44739583134651184 0.192592591047287 0.0031250000465661287 0.012962962500751019
0 0.9450520873069763 0.3143518567085266 0.010937499813735485 0.017592592164874077
0 0.4989583194255829 0.08749999850988388 0.0010416667209938169 0.006481481250375509
0 0.6953125 0.12175925821065903 0.0031250000465661287 0.012037036940455437
0 0.8226562738418579 0.1675925999879837 0.00572916679084301 0.01666666753590107
0 0.9966145753860474 0.34074074029922485 0.006770833395421505 0.031481482088565826
0 0.49401041865348816 0.07083333283662796 0.0005208333604969084 0.008333333767950535
0 0.5072916746139526 0.15509259700775146 0.0020833334419876337 0.015740741044282913
0 0.6549479365348816 0.11064814776182175 0.0026041667442768812 0.006481481250375509
0 0.5083333253860474 0.07083333283662796 0.0010416667209938169 0.008333333767950535
0 0.7132812738418579 0.14907407760620117 0.0036458333488553762 0.009259259328246117
0 0.4661458432674408 0.0833333358168602 0.0010416667209938169 0.009259259328246117
0 0.757031261920929 0.17546296119689941 0.004687500186264515 0.017592592164874077
0 0.46562498807907104 0.08055555820465088 0.0010416667209938169 0.009259259328246117
0 0.26484376192092896 0.0912037044763565 0.0026041667442768812 0.010185184888541698
0 0.5072916746139526 0.06990740448236465 0.0010416667209938169 0.008333333767950535
0 0.44739583134651184 0.1666666716337204 0.0020833334419876337 0.01666666753590107
0 0.6497395634651184 0.07361111044883728 0.0015625000232830644 0.008333333767950535
0 0.5101562738418579 0.25462964177131653 0.0036458333488553762 0.024074073880910873
0 0.42890626192092896 0.2944444417953491 0.004687500186264515 0.02777777798473835
0 0.5143229365348816 0.20092593133449554 0.0026041667442768812 0.020370369777083397
0 0.4635416567325592 0.09490741044282913 0.0010416667209938169 0.010185184888541698
0 0.44609373807907104 0.23472222685813904 0.0036458333488553762 0.023148147389292717
0 0.4111979305744171 0.1648148149251938 0.0026041667442768812 0.01666666753590107
1 0.28072917461395264 0.1537037044763565 0.02083333395421505 0.014814814552664757
4 0.49791666865348816 0.2796296179294586 0.03020833246409893 0.17222222685813904
4 0.6291666626930237 0.1268518567085266 0.11562500149011612 0.025925925001502037
