1 0.26875001192092896 0.16249999403953552 0.02187499962747097 0.015740741044282913
4 0.4976562559604645 0.3125 0.0338541679084301 0.20092593133449554
4 0.6354166865348816 0.13333334028720856 0.12083332985639572 0.02777777798473835
2 0.7739583253860474 0.1546296328306198 0.03750000149011612 0.05000000074505806
8 0.668749988079071 0.07407407462596893 0.0052083334885537624 0.007407407276332378
2 0.534375011920929 0.0694444477558136 0.01770833320915699 0.02222222276031971
8 0.49427083134651184 0.47592592239379883 0.01145833358168602 0.046296294778585434
1 0.46666666865348816 0.21111111342906952 0.01145833358168602 0.024074073880910873
7 0.518750011920929 0.07500000298023224 0.0052083334885537624 0.007407407276332378
2 0.5705729126930237 0.0694444477558136 0.01822916604578495 0.02222222276031971
7 0.49270832538604736 0.40925925970077515 0.00937500037252903 0.040740739554166794
1 0.5523437261581421 0.07685185223817825 0.01197916641831398 0.007407407276332378
7 0.7372395992279053 0.1458333283662796 0.008854166604578495 0.015740741044282913
8 0.4934895932674408 0.43796294927597046 0.004687500186264515 0.04814814776182175
1 0.5161458253860474 0.07685185223817825 0.01145833358168602 0.007407407276332378
7 0.23098959028720856 0.07592592388391495 0.00572916679084301 0.007407407276332378
0 0.4346354305744171 0.23472222685813904 0.0036458333488553762 0.013888888992369175
0 0.5054687261581421 0.15416666865348816 0.0015625000232830644 0.015740741044282913
0 0.4632812440395355 0.11249999701976776 0.0015625000232830644 0.012037036940455437
0 0.7278645634651184 0.1606481522321701 0.004687500186264515 0.015740741044282913
0 0.4661458432674408 0.08287037163972855 0.0010416667209938169 0.008333333767950535
0 0.4182291626930237 0.31898146867752075 0.0052083334885537624 0.028703704476356506
0 0.9554687738418579 0.29814815521240234 0.01197916641831398 0.02777777798473835
0 0.9192708134651184 0.27407407760620117 0.010416666977107525 0.025925925001502037
0 0.4703125059604645 0.08796296268701553 0.0010416667209938169 0.009259259328246117
0 0.7877604365348816 0.15694443881511688 0.004687500186264515 0.015740741044282913
0 0.46276041865348816 0.09074074029922485 0.0015625000232830644 0.0055555556900799274
0 0.7067708373069763 0.10555555671453476 0.0031250000465661287 0.011111111380159855
0 0.44921875 0.18009258806705475 0.0026041667442768812 0.017592592164874077
0 0.4651041626930237 0.08101851493120193 0.0010416667209938169 0.008333333767950535
0 0.6411458253860474 0.08935185521841049 0.0020833334419876337 0.010185184888541698
0 0.6919270753860474 0.09768518805503845 0.0026041667442768812 0.010185184888541698
0 0.44348958134651184 0.20601852238178253 0.0036458333488553762 0.013888888992369175
0 0.9903646111488342 0.3472222089767456 0.013020833022892475 0.020370369777083397
0 0.4984374940395355 0.0912037044763565 0.0010416667209938169 0.006481481250375509
0 0.7049478888511658 0.12824073433876038 0.0036458333488553762 0.013888888992369175
0 0.8401041626930237 0.17777778208255768 0.0062500000931322575 0.018518518656492233
0 0.4947916567325592 0.07268518209457397 0.0010416667209938169 0.008333333767950535
0 0.5078125 0.16296295821666718 0.0020833334419876337 0.01666666753590107
0 0.4453125 0.07777778059244156 0.0010416667209938169 0.009259259328246117
0 0.6611979007720947 0.11574073880910873 0.0026041667442768812 0.007407407276332378
0 0.5072916746139526 0.07314814627170563 0.0010416667209938169 0.007407407276332378
0 0.7252604365348816 0.15833333134651184 0.0036458333488553762 0.009259259328246117
0 0.4651041626930237 0.08611111342906952 0.0010416667209938169 0.009259259328246117
0 0.7718750238418579 0.18611110746860504 0.0052083334885537624 0.018518518656492233
0 0.4645833373069763 0.0833333358168602 0.0010416667209938169 0.009259259328246117
0 0.5075520873069763 0.07268518209457397 0.0005208333604969084 0.008333333767950535
0 0.4442708194255829 0.17638888955116272 0.0020833334419876337 0.017592592164874077
0 0.6544271111488342 0.0763888880610466 0.0015625000232830644 0.008333333767950535
0 0.5093749761581421 0.27222222089767456 0.0031250000465661287 0.025925925001502037
0 0.42239582538604736 0.32499998807907104 0.0052083334885537624 0.029629629105329514
0 0.5158854126930237 0.2152777761220932 0.0026041667442768812 0.021296296268701553
0 0.4622395932674408 0.09814814478158951 0.0015625000232830644 0.011111111380159855
0 0.44140625 0.2569444477558136 0.0036458333488553762 0.02500000037252903
0 0.40833333134651184 0.17546296119689941 0.0031250000465661287 0.017592592164874077
1 0.26875001192092896 0.16249999403953552 0.02187499962747097 0.015740741044282913
4 0.4976562559604645 0.3125 0.0338541679084301 0.20092593133449554
4 0.6354166865348816 0.13333334028720856 0.12083332985639572 0.02777777798473835
