1 0.2718749940395355 0.16018518805503845 0.02187499962747097 0.014814814552664757
4 0.4976562559604645 0.3037036955356598 0.03281249850988388 0.192592591047287
4 0.6338541507720947 0.13148148357868195 0.1197916641831398 0.02777777798473835
6 0.010416666977107525 0.9930555820465088 0.02083333395421505 0.013888888992369175
6 0.06536458432674408 0.9597222208976746 0.05572916567325592 0.0694444477558136
2 0.7690104246139526 0.1518518477678299 0.03593749925494194 0.05000000074505806
8 0.66796875 0.07361111044883728 0.004687500186264515 0.008333333767950535
2 0.5341145992279053 0.06898148357868195 0.01718750037252903 0.021296296268701553
8 0.4945312440395355 0.4583333432674408 0.010937499813735485 0.04444444552063942
1 0.4671874940395355 0.20694445073604584 0.01145833358168602 0.023148147389292717
7 0.5192708373069763 0.07500000298023224 0.0052083334885537624 0.007407407276332378
2 0.5700520873069763 0.06898148357868195 0.01822916604578495 0.021296296268701553
7 0.4932291805744171 0.3958333432674408 0.00937500037252903 0.03981481492519379
1 0.2984375059604645 0.07592592388391495 0.01354166679084301 0.007407407276332378
1 0.5518229007720947 0.07592592388391495 0.01197916641831398 0.007407407276332378
7 0.733593761920929 0.14351852238178253 0.008854166604578495 0.014814814552664757
8 0.4934895932674408 0.4226851761341095 0.004687500186264515 0.04537037014961243
1 0.5161458253860474 0.07592592388391495 0.01145833358168602 0.007407407276332378
7 0.23281249403953552 0.07592592388391495 0.0062500000931322575 0.007407407276332378
0 0.43567708134651184 0.2300925999879837 0.0036458333488553762 0.013888888992369175
0 0.5054687261581421 0.15231481194496155 0.0015625000232830644 0.015740741044282913
0 0.4638020694255829 0.1111111119389534 0.0015625000232830644 0.011111111380159855
0 0.7244791388511658 0.1578703671693802 0.004166666883975267 0.015740741044282913
0 0.4661458432674408 0.0824074074625969 0.0010416667209938169 0.009259259328246117
0 0.4203124940395355 0.3097222149372101 0.004166666883975267 0.028703704476356506
0 0.9453125 0.29120370745658875 0.01145833358168602 0.026851851493120193
0 0.9091145992279053 0.2671296298503876 0.00989583320915699 0.02500000037252903
0 0.47057291865348816 0.08703703433275223 0.0015625000232830644 0.009259259328246117
0 0.7833333611488342 0.15416666865348816 0.0052083334885537624 0.015740741044282913
0 0.4632812440395355 0.08981481194496155 0.0015625000232830644 0.0055555556900799274
0 0.7049478888511658 0.10462962836027145 0.0026041667442768812 0.011111111380159855
0 0.4502604305744171 0.17731481790542603 0.0026041667442768812 0.017592592164874077
0 0.46562498807907104 0.08055555820465088 0.0010416667209938169 0.009259259328246117
0 0.6401041746139526 0.08842592686414719 0.0020833334419876337 0.010185184888541698
0 0.6903645992279053 0.09675925970077515 0.0026041667442768812 0.010185184888541698
0 0.44479167461395264 0.2023148089647293 0.0031250000465661287 0.013888888992369175
0 0.9778645634651184 0.3384259343147278 0.013020833022892475 0.01944444514811039
0 0.4984374940395355 0.0902777761220932 0.0010416667209938169 0.006481481250375509
0 0.702343761920929 0.1268518567085266 0.0036458333488553762 0.012962962500751019
0 0.8354166746139526 0.17546296119689941 0.0062500000931322575 0.017592592164874077
0 0.4945312440395355 0.07268518209457397 0.0005208333604969084 0.008333333767950535
0 0.5075520873069763 0.16111111640930176 0.0015625000232830644 0.01666666753590107
0 0.6596354246139526 0.11481481790542603 0.0026041667442768812 0.007407407276332378
0 0.5075520873069763 0.07268518209457397 0.0005208333604969084 0.008333333767950535
0 0.721875011920929 0.15555556118488312 0.004166666883975267 0.009259259328246117
0 0.46562498807907104 0.08518518507480621 0.0010416667209938169 0.009259259328246117
0 0.7677083611488342 0.18333333730697632 0.0052083334885537624 0.018518518656492233
0 0.4645833373069763 0.0824074074625969 0.0010416667209938169 0.009259259328246117
0 0.5078125 0.07175926119089127 0.0010416667209938169 0.008333333767950535
0 0.4453125 0.1736111044883728 0.0020833334419876337 0.017592592164874077
0 0.653124988079071 0.07592592388391495 0.0020833334419876337 0.009259259328246117
0 0.5078125 0.2717592716217041 0.0031250000465661287 0.02500000037252903
0 0.4244791567325592 0.3166666626930237 0.0052083334885537624 0.029629629105329514
0 0.5153645873069763 0.21111111342906952 0.0026041667442768812 0.020370369777083397
0 0.46276041865348816 0.0972222238779068 0.0015625000232830644 0.011111111380159855
0 0.4424479305744171 0.2509259283542633 0.0036458333488553762 0.024074073880910873
0 0.4091145694255829 0.1726851910352707 0.0026041667442768812 0.017592592164874077
1 0.2718749940395355 0.16018518805503845 0.02187499962747097 0.014814814552664757
4 0.4976562559604645 0.3037036955356598 0.03281249850988388 0.192592591047287
4 0.6338541507720947 0.13148148357868195 0.1197916641831398 0.02777777798473835
