1 0.26744791865348816 0.16388888657093048 0.02239583246409893 0.014814814552664757
4 0.4976562559604645 0.31712964177131653 0.03489583358168602 0.20462962985038757
4 0.6364583373069763 0.13425925374031067 0.12187500298023224 0.02777777798473835
2 0.776562511920929 0.15601852536201477 0.03750000149011612 0.05092592537403107
8 0.6692708134651184 0.07453703880310059 0.0052083334885537624 0.008333333767950535
2 0.534375011920929 0.07037036865949631 0.01770833320915699 0.02222222276031971
8 0.49427083134651184 0.4851851761341095 0.01145833358168602 0.04814814776182175
1 0.4661458432674408 0.21388888359069824 0.01145833358168602 0.024074073880910873
7 0.5182291865348816 0.07592592388391495 0.0052083334885537624 0.007407407276332378
2 0.5708333253860474 0.06990740448236465 0.01875000074505806 0.021296296268701553
7 0.49270832538604736 0.41620370745658875 0.00937500037252903 0.0416666679084301
1 0.5523437261581421 0.07685185223817825 0.01197916641831398 0.007407407276332378
7 0.739062488079071 0.14722222089767456 0.008333333767950535 0.014814814552664757
8 0.4932291805744171 0.44583332538604736 0.0052083334885537624 0.049074072390794754
1 0.5161458253860474 0.0773148164153099 0.01145833358168602 0.008333333767950535
7 0.23020833730697632 0.07685185223817825 0.0062500000931322575 0.007407407276332378
0 0.43411457538604736 0.23749999701976776 0.0036458333488553762 0.013888888992369175
0 0.5057291388511658 0.15509259700775146 0.0020833334419876337 0.015740741044282913
0 0.4632812440395355 0.11296296119689941 0.0015625000232830644 0.011111111380159855
0 0.729687511920929 0.16203702986240387 0.004166666883975267 0.01666666753590107
0 0.4658854305744171 0.0833333358168602 0.0015625000232830644 0.009259259328246117
0 0.41718751192092896 0.3231481611728668 0.0052083334885537624 0.029629629105329514
0 0.9609375 0.3018518388271332 0.012500000186264515 0.02777777798473835
0 0.9242187738418579 0.2777777910232544 0.010937499813735485 0.025925925001502037
0 0.4703125059604645 0.08842592686414719 0.0010416667209938169 0.010185184888541698
0 0.7901041507720947 0.1578703671693802 0.0052083334885537624 0.015740741044282913
0 0.46276041865348816 0.09074074029922485 0.0015625000232830644 0.0055555556900799274
0 0.7075520753860474 0.10648148506879807 0.0026041667442768812 0.011111111380159855
0 0.44921875 0.1814814805984497 0.0026041667442768812 0.018518518656492233
0 0.4651041626930237 0.08148147910833359 0.0010416667209938169 0.009259259328246117
0 0.6419270634651184 0.08981481194496155 0.0015625000232830644 0.009259259328246117
0 0.6929687261581421 0.09814814478158951 0.0026041667442768812 0.011111111380159855
0 0.4429687559604645 0.2074074000120163 0.0036458333488553762 0.014814814552664757
0 0.9947916865348816 0.35185185074806213 0.010416666977107525 0.020370369777083397
0 0.4984374940395355 0.09166666865348816 0.0010416667209938169 0.007407407276332378
0 0.706250011920929 0.12870369851589203 0.0031250000465661287 0.012962962500751019
0 0.8421875238418579 0.17916665971279144 0.0062500000931322575 0.017592592164874077
0 0.4947916567325592 0.07361111044883728 0.0010416667209938169 0.008333333767950535
0 0.5078125 0.16435185074806213 0.0020833334419876337 0.015740741044282913
0 0.4453125 0.07824073731899261 0.0010416667209938169 0.008333333767950535
0 0.6622396111488342 0.11666666716337204 0.0026041667442768812 0.007407407276332378
0 0.5072916746139526 0.07361111044883728 0.0010416667209938169 0.008333333767950535
0 0.7270833253860474 0.15925925970077515 0.004166666883975267 0.009259259328246117
0 0.4651041626930237 0.08703703433275223 0.0010416667209938169 0.009259259328246117
0 0.7736979126930237 0.18796296417713165 0.00572916679084301 0.018518518656492233
0 0.46432292461395264 0.0833333358168602 0.0015625000232830644 0.009259259328246117
0 0.5072916746139526 0.07268518209457397 0.0010416667209938169 0.008333333767950535
0 0.4440104067325592 0.17731481790542603 0.0026041667442768812 0.017592592164874077
0 0.6549479365348816 0.07685185223817825 0.0015625000232830644 0.009259259328246117
0 0.5096353888511658 0.2759259343147278 0.0036458333488553762 0.025925925001502037
0 0.4216145873069763 0.3296296298503876 0.00572916679084301 0.029629629105329514
0 0.5158854126930237 0.2171296328306198 0.0026041667442768812 0.021296296268701553
0 0.4622395932674408 0.09861110895872116 0.0015625000232830644 0.010185184888541698
0 0.44062501192092896 0.2597222328186035 0.004166666883975267 0.02500000037252903
0 0.40807291865348816 0.17731481790542603 0.0026041667442768812 0.017592592164874077
1 0.26744791865348816 0.16388888657093048 0.02239583246409893 0.014814814552664757
4 0.4976562559604645 0.31712964177131653 0.03489583358168602 0.20462962985038757
4 0.6364583373069763 0.13425925374031067 0.12187500298023224 0.02777777798473835
