1 0.2763020694255829 0.15648147463798523 0.02135416679084301 0.014814814552664757
4 0.49791666865348816 0.2907407283782959 0.03125 0.1814814805984497
4 0.6315104365348816 0.12916666269302368 0.1171875 0.026851851493120193
6 0.04218750074505806 0.9134259223937988 0.05520833283662796 0.06388889253139496
6 0.10885416716337204 0.862500011920929 0.04791666567325592 0.05833333358168602
2 0.7622395753860474 0.14722222089767456 0.03489583358168602 0.04814814776182175
8 0.6669270992279053 0.07268518209457397 0.004687500186264515 0.008333333767950535
2 0.5338541865348816 0.06805555522441864 0.01770833320915699 0.021296296268701553
8 0.4947916567325592 0.4337962865829468 0.010416666977107525 0.0416666679084301
1 0.46796876192092896 0.20092593133449554 0.010937499813735485 0.02222222276031971
7 0.5200520753860474 0.07407407462596893 0.00572916679084301 0.007407407276332378
2 0.569531261920929 0.06805555522441864 0.01822916604578495 0.021296296268701553
7 0.4934895932674408 0.37731480598449707 0.008854166604578495 0.037962961941957474
1 0.3010416626930237 0.07500000298023224 0.01354166679084301 0.007407407276332378
1 0.5513020753860474 0.07500000298023224 0.01197916641831398 0.007407407276332378
7 0.7281249761581421 0.1398148089647293 0.008333333767950535 0.014814814552664757
8 0.4937500059604645 0.4018518626689911 0.004166666883975267 0.04444444552063942
1 0.515625 0.07500000298023224 0.01145833358168602 0.007407407276332378
0 0.4377604126930237 0.2231481522321701 0.0036458333488553762 0.012962962500751019
0 0.5054687261581421 0.14953704178333282 0.0015625000232830644 0.015740741044282913
0 0.46432292461395264 0.10925926268100739 0.0015625000232830644 0.011111111380159855
0 0.7197916507720947 0.15416666865348816 0.004166666883975267 0.015740741044282913
0 0.46666666865348816 0.08101851493120193 0.0010416667209938169 0.008333333767950535
0 0.4231770932674408 0.29814815521240234 0.004687500186264515 0.02777777798473835
0 0.9309895634651184 0.28101852536201477 0.010937499813735485 0.026851851493120193
0 0.8947916626930237 0.25740739703178406 0.00937500037252903 0.024074073880910873
0 0.47083333134651184 0.08611111342906952 0.0010416667209938169 0.009259259328246117
0 0.7768229246139526 0.1509259194135666 0.004687500186264515 0.014814814552664757
0 0.4638020694255829 0.08888889104127884 0.0015625000232830644 0.0055555556900799274
0 0.702343761920929 0.10277777910232544 0.0026041667442768812 0.011111111380159855
0 0.45130208134651184 0.1726851910352707 0.0026041667442768812 0.017592592164874077
0 0.46562498807907104 0.07916666567325592 0.0010416667209938169 0.008333333767950535
0 0.6382812261581421 0.08703703433275223 0.0015625000232830644 0.009259259328246117
0 0.688281238079071 0.09583333134651184 0.0026041667442768812 0.010185184888541698
0 0.44609373807907104 0.19722221791744232 0.0026041667442768812 0.012962962500751019
0 0.9606770873069763 0.32592591643333435 0.01197916641831398 0.018518518656492233
0 0.4989583194255829 0.08888889104127884 0.0010416667209938169 0.007407407276332378
0 0.698437511920929 0.1240740716457367 0.0031250000465661287 0.012962962500751019
0 0.828906238079071 0.17129629850387573 0.00572916679084301 0.01666666753590107
0 0.49427083134651184 0.07175926119089127 0.0010416667209938169 0.008333333767950535
0 0.5075520873069763 0.1578703671693802 0.0015625000232830644 0.015740741044282913
0 0.657031238079071 0.11249999701976776 0.0026041667442768812 0.006481481250375509
0 0.5078125 0.07175926119089127 0.0010416667209938169 0.008333333767950535
0 0.7174479365348816 0.1527777761220932 0.0036458333488553762 0.009259259328246117
0 0.4658854305744171 0.08425925672054291 0.0015625000232830644 0.009259259328246117
0 0.762499988079071 0.17916665971279144 0.0052083334885537624 0.017592592164874077
0 0.4651041626930237 0.08148147910833359 0.0010416667209938169 0.009259259328246117
0 0.5078125 0.07083333283662796 0.0010416667209938169 0.008333333767950535
0 0.4466145932674408 0.16990740597248077 0.0026041667442768812 0.017592592164874077
0 0.6513020992279053 0.07453703880310059 0.0015625000232830644 0.008333333767950535
0 0.5088541507720947 0.26249998807907104 0.0031250000465661287 0.02500000037252903
0 0.4268229305744171 0.30509260296821594 0.004687500186264515 0.028703704476356506
0 0.514843761920929 0.20555555820465088 0.0026041667442768812 0.020370369777083397
0 0.46302083134651184 0.09583333134651184 0.0010416667209938169 0.010185184888541698
0 0.44453126192092896 0.2421296238899231 0.0036458333488553762 0.023148147389292717
0 0.41015625 0.16851851344108582 0.0026041667442768812 0.01666666753590107
1 0.2763020694255829 0.15648147463798523 0.02135416679084301 0.014814814552664757
4 0.49791666865348816 0.2907407283782959 0.03125 0.1814814805984497
4 0.6315104365348816 0.12916666269302368 0.1171875 0.026851851493120193
