1 0.27786457538604736 0.15555556118488312 0.02135416679084301 0.014814814552664757
4 0.49791666865348816 0.28703704476356506 0.03125 0.17777778208255768
4 0.6307291388511658 0.12824073433876038 0.11666666716337204 0.026851851493120193
6 0.05703125149011612 0.8833333253860474 0.05260416492819786 0.06111111119389534
6 0.12083332985639572 0.835185170173645 0.04583333432674408 0.0555555559694767
2 0.7598958611488342 0.14629629254341125 0.03437500074505806 0.04814814776182175
8 0.6664062738418579 0.07268518209457397 0.004687500186264515 0.008333333767950535
2 0.5335937738418579 0.06805555522441864 0.01718750037252903 0.021296296268701553
8 0.4947916567325592 0.4263888895511627 0.010416666977107525 0.0416666679084301
1 0.46822917461395264 0.19907407462596893 0.010416666977107525 0.02222222276031971
7 0.520312488079071 0.07314814627170563 0.0052083334885537624 0.007407407276332378
2 0.5690104365348816 0.06805555522441864 0.01822916604578495 0.021296296268701553
7 0.4934895932674408 0.3717592656612396 0.008854166604578495 0.03611111268401146
1 0.3018229305744171 0.07453703880310059 0.013020833022892475 0.008333333767950535
1 0.5513020753860474 0.07500000298023224 0.01197916641831398 0.007407407276332378
7 0.7265625 0.1388888955116272 0.008333333767950535 0.014814814552664757
8 0.4937500059604645 0.39537036418914795 0.004166666883975267 0.04259259253740311
1 0.515625 0.07500000298023224 0.01145833358168602 0.007407407276332378
0 0.43828123807907104 0.2203703671693802 0.0036458333488553762 0.012962962500751019
0 0.5054687261581421 0.14861111342906952 0.0015625000232830644 0.015740741044282913
0 0.46432292461395264 0.10833333432674408 0.0015625000232830644 0.011111111380159855
0 0.7184895873069763 0.15324074029922485 0.0036458333488553762 0.015740741044282913
0 0.46666666865348816 0.08055555820465088 0.0010416667209938169 0.009259259328246117
0 0.4242187440395355 0.29398149251937866 0.004687500186264515 0.026851851493120193
0 0.9268229007720947 0.2777777910232544 0.010937499813735485 0.025925925001502037
0 0.890625 0.25462964177131653 0.00937500037252903 0.024074073880910873
0 0.47083333134651184 0.08611111342906952 0.0010416667209938169 0.009259259328246117
0 0.7752603888511658 0.15000000596046448 0.004687500186264515 0.014814814552664757
0 0.4638020694255829 0.08796296268701553 0.0015625000232830644 0.0055555556900799274
0 0.7013021111488342 0.10277777910232544 0.0026041667442768812 0.011111111380159855
0 0.45130208134651184 0.17129629850387573 0.0026041667442768812 0.01666666753590107
0 0.46562498807907104 0.07870370149612427 0.0010416667209938169 0.009259259328246117
0 0.6377604007720947 0.08703703433275223 0.0015625000232830644 0.009259259328246117
0 0.6875 0.09490741044282913 0.0020833334419876337 0.010185184888541698
0 0.9979166388511658 0.35740742087364197 0.004166666883975267 0.031481482088565826
0 0.4466145932674408 0.19583334028720856 0.0026041667442768812 0.013888888992369175
0 0.9552083611488342 0.3222222328186035 0.01145833358168602 0.018518518656492233
0 0.4989583194255829 0.08842592686414719 0.0010416667209938169 0.006481481250375509
0 0.6973958611488342 0.12314815074205399 0.0031250000465661287 0.012962962500751019
0 0.8268229365348816 0.17037037014961243 0.00572916679084301 0.01666666753590107
0 0.49427083134651184 0.07129629701375961 0.0010416667209938169 0.007407407276332378
0 0.5075520873069763 0.15694443881511688 0.0015625000232830644 0.015740741044282913
0 0.6565104126930237 0.1120370402932167 0.0026041667442768812 0.007407407276332378
0 0.5078125 0.07175926119089127 0.0010416667209938169 0.008333333767950535
0 0.7161458134651184 0.1518518477678299 0.004166666883975267 0.009259259328246117
0 0.4661458432674408 0.08425925672054291 0.0010416667209938169 0.009259259328246117
0 0.7604166865348816 0.17824074625968933 0.0052083334885537624 0.017592592164874077
0 0.4651041626930237 0.08101851493120193 0.0010416667209938169 0.008333333767950535
0 0.5078125 0.07083333283662796 0.0010416667209938169 0.008333333767950535
0 0.4466145932674408 0.16851851344108582 0.0026041667442768812 0.01666666753590107
0 0.6507812738418579 0.07453703880310059 0.0015625000232830644 0.008333333767950535
0 0.5093749761581421 0.2597222328186035 0.0031250000465661287 0.02500000037252903
0 0.42760416865348816 0.3018518388271332 0.0052083334885537624 0.02777777798473835
0 0.5145833492279053 0.20416666567325592 0.0020833334419876337 0.01944444514811039
0 0.4632812440395355 0.09583333134651184 0.0015625000232830644 0.010185184888541698
0 0.4450520873069763 0.23981481790542603 0.0036458333488553762 0.02222222276031971
0 0.41067707538604736 0.1675925999879837 0.0026041667442768812 0.01666666753590107
1 0.27786457538604736 0.15555556118488312 0.02135416679084301 0.014814814552664757
4 0.49791666865348816 0.28703704476356506 0.03125 0.17777778208255768
4 0.6307291388511658 0.12824073433876038 0.11666666716337204 0.026851851493120193
