1 0.25078123807907104 0.17592592537403107 0.02447916753590107 0.01666666753590107
4 0.49661457538604736 0.3671296238899231 0.04114583507180214 0.2527777850627899
4 0.13723959028720856 0.15601852536201477 0.09427083283662796 0.07870370149612427
4 0.6434895992279053 0.14259259402751923 0.12864583730697632 0.029629629105329514
2 0.7997395992279053 0.17083333432674408 0.04322916641831398 0.05648148059844971
8 0.6713541746139526 0.0773148164153099 0.0052083334885537624 0.008333333767950535
2 0.53515625 0.07268518209457397 0.01822916604578495 0.023148147389292717
8 0.4921875 0.5888888835906982 0.01354166679084301 0.05925925821065903
1 0.4622395932674408 0.23749999701976776 0.013020833022892475 0.026851851493120193
7 0.5138021111488342 0.07870370149612427 0.00572916679084301 0.007407407276332378
2 0.5723958611488342 0.07268518209457397 0.01875000074505806 0.023148147389292717
7 0.4906249940395355 0.4912036955356598 0.01145833358168602 0.05092592537403107
1 0.5536458492279053 0.08009259402751923 0.012500000186264515 0.008333333767950535
7 0.7565104365348816 0.1587962955236435 0.00989583320915699 0.015740741044282913
8 0.49140626192092896 0.5333333611488342 0.00572916679084301 0.05925925821065903
1 0.5158854126930237 0.08009259402751923 0.01197916641831398 0.008333333767950535
0 0.42656248807907104 0.2629629671573639 0.004166666883975267 0.014814814552664757
0 0.5052083134651184 0.1657407432794571 0.0020833334419876337 0.01666666753590107
0 0.4606770873069763 0.11944444477558136 0.0015625000232830644 0.012962962500751019
0 0.18515625596046448 0.13148148357868195 0.0036458333488553762 0.009259259328246117
0 0.7450520992279053 0.17407406866550446 0.004687500186264515 0.01666666753590107
0 0.46406251192092896 0.08703703433275223 0.0010416667209938169 0.009259259328246117
0 0.40546876192092896 0.3712962865829468 0.00572916679084301 0.03333333507180214
0 0.9765625 0.3134259283542633 0.01354166679084301 0.028703704476356506
0 0.46875 0.09166666865348816 0.0010416667209938169 0.009259259328246117
0 0.4611979126930237 0.09444444626569748 0.0015625000232830644 0.0055555556900799274
0 0.7153645753860474 0.1111111119389534 0.0026041667442768812 0.011111111380159855
0 0.44453126192092896 0.19675925374031067 0.0026041667442768812 0.01944444514811039
0 0.4632812440395355 0.08518518507480621 0.0015625000232830644 0.009259259328246117
0 0.6463541388511658 0.09398148208856583 0.0020833334419876337 0.010185184888541698
0 0.69921875 0.10231481492519379 0.0026041667442768812 0.010185184888541698
0 0.43697917461395264 0.22546295821666718 0.0031250000465661287 0.015740741044282913
0 0.4976562559604645 0.09583333134651184 0.0015625000232830644 0.006481481250375509
0 0.717968761920929 0.13564814627170563 0.0036458333488553762 0.013888888992369175
0 0.8643229007720947 0.19166666269302368 0.006770833395421505 0.018518518656492233
0 0.4947916567325592 0.0763888880610466 0.0010416667209938169 0.008333333767950535
0 0.5072916746139526 0.17546296119689941 0.0020833334419876337 0.017592592164874077
0 0.4440104067325592 0.08101851493120193 0.0015625000232830644 0.008333333767950535
0 0.6695312261581421 0.12314815074205399 0.0026041667442768812 0.007407407276332378
0 0.5057291388511658 0.0763888880610466 0.0010416667209938169 0.008333333767950535
0 0.7419270873069763 0.17083333432674408 0.004687500186264515 0.010185184888541698
0 0.46302083134651184 0.09074074029922485 0.0010416667209938169 0.009259259328246117
0 0.792187511920929 0.2013888955116272 0.0062500000931322575 0.01944444514811039
0 0.4625000059604645 0.08657407760620117 0.0010416667209938169 0.010185184888541698
0 0.5062500238418579 0.0754629597067833 0.0010416667209938169 0.008333333767950535
0 0.43697917461395264 0.19074073433876038 0.0031250000465661287 0.018518518656492233
0 0.659375011920929 0.08009259402751923 0.0020833334419876337 0.008333333767950535
0 0.5093749761581421 0.3115740716457367 0.004166666883975267 0.028703704476356506
0 0.4114583432674408 0.3740740716457367 0.0062500000931322575 0.03333333507180214
0 0.5171874761581421 0.23564815521240234 0.0031250000465661287 0.023148147389292717
0 0.46015626192092896 0.10277777910232544 0.0015625000232830644 0.011111111380159855
0 0.43307292461395264 0.29120370745658875 0.004687500186264515 0.026851851493120193
0 0.40312498807907104 0.19074073433876038 0.0031250000465661287 0.018518518656492233
1 0.25078123807907104 0.17592592537403107 0.02447916753590107 0.01666666753590107
4 0.49661457538604736 0.3671296238899231 0.04114583507180214 0.2527777850627899
4 0.13723959028720856 0.15601852536201477 0.09427083283662796 0.07870370149612427
4 0.6434895992279053 0.14259259402751923 0.12864583730697632 0.029629629105329514
