1 0.2619791626930237 0.16805554926395416 0.02291666716337204 0.015740741044282913
4 0.4971354305744171 0.3324074149131775 0.03593749925494194 0.21851852536201477
4 0.6385416388511658 0.13703703880310059 0.12395833432674408 0.02777777798473835
2 0.7833333611488342 0.1606481522321701 0.03958333283662796 0.05277777835726738
8 0.6697916388511658 0.0754629597067833 0.0052083334885537624 0.008333333767950535
2 0.534375011920929 0.07083333283662796 0.01770833320915699 0.023148147389292717
8 0.4934895932674408 0.5152778029441833 0.01197916641831398 0.05092592537403107
1 0.46484375 0.22083333134651184 0.01197916641831398 0.02500000037252903
2 0.741406261920929 0.05416666716337204 0.01822916604578495 0.017592592164874077
7 0.5166666507720947 0.07685185223817825 0.0052083334885537624 0.007407407276332378
2 0.571093738079071 0.07037036865949631 0.01927083358168602 0.02222222276031971
7 0.18671874701976776 0.07407407462596893 0.00572916679084301 0.007407407276332378
7 0.4919270873069763 0.43796294927597046 0.00989583320915699 0.04444444552063942
1 0.5526041388511658 0.07777778059244156 0.012500000186264515 0.007407407276332378
7 0.7442708611488342 0.1509259194135666 0.00937500037252903 0.014814814552664757
8 0.4924479126930237 0.4712963104248047 0.004687500186264515 0.051851850003004074
1 0.5158854126930237 0.07824073731899261 0.01197916641831398 0.008333333767950535
0 0.43151041865348816 0.24537037312984467 0.0036458333488553762 0.014814814552664757
0 0.5052083134651184 0.1587962955236435 0.0020833334419876337 0.015740741044282913
0 0.4622395932674408 0.11527777463197708 0.0015625000232830644 0.012037036940455437
0 0.7341145873069763 0.1657407432794571 0.004687500186264515 0.01666666753590107
0 0.4651041626930237 0.08425925672054291 0.0010416667209938169 0.009259259328246117
0 0.41354167461395264 0.3375000059604645 0.0052083334885537624 0.03055555559694767
0 0.9763020873069763 0.3125 0.013020833022892475 0.028703704476356506
0 0.9398437738418579 0.28842592239379883 0.01197916641831398 0.026851851493120193
0 0.46953123807907104 0.08935185521841049 0.0015625000232830644 0.010185184888541698
0 0.7963541746139526 0.16111111640930176 0.0052083334885537624 0.01666666753590107
0 0.4622395932674408 0.09212963283061981 0.0015625000232830644 0.006481481250375509
0 0.7098958492279053 0.10740740597248077 0.0031250000465661287 0.011111111380159855
0 0.4476562440395355 0.18611110746860504 0.0026041667442768812 0.018518518656492233
0 0.46406251192092896 0.0824074074625969 0.0010416667209938169 0.009259259328246117
0 0.6429687738418579 0.0912037044763565 0.0015625000232830644 0.010185184888541698
0 0.694531261920929 0.09953703731298447 0.0026041667442768812 0.010185184888541698
0 0.44088542461395264 0.21296297013759613 0.0036458333488553762 0.014814814552664757
0 0.49791666865348816 0.09305555373430252 0.0010416667209938169 0.006481481250375509
0 0.7096354365348816 0.1310185194015503 0.0036458333488553762 0.013888888992369175
0 0.8489583134651184 0.18333333730697632 0.0062500000931322575 0.018518518656492233
0 0.4947916567325592 0.07453703880310059 0.0010416667209938169 0.008333333767950535
0 0.5072916746139526 0.1675925999879837 0.0020833334419876337 0.01666666753590107
0 0.44453126192092896 0.07916666567325592 0.0015625000232830644 0.008333333767950535
0 0.6643229126930237 0.11851851642131805 0.0026041667442768812 0.007407407276332378
0 0.5065104365348816 0.07453703880310059 0.0005208333604969084 0.008333333767950535
0 0.731249988079071 0.16342592239379883 0.004166666883975267 0.010185184888541698
0 0.46432292461395264 0.08796296268701553 0.0015625000232830644 0.009259259328246117
0 0.7794271111488342 0.19166666269302368 0.00572916679084301 0.018518518656492233
0 0.4635416567325592 0.08425925672054291 0.0010416667209938169 0.009259259328246117
0 0.5067708492279053 0.07361111044883728 0.0010416667209938169 0.008333333767950535
0 0.4416666626930237 0.1814814805984497 0.0031250000465661287 0.018518518656492233
0 0.6559895873069763 0.07777778059244156 0.0015625000232830644 0.009259259328246117
0 0.5093749761581421 0.2865740656852722 0.004166666883975267 0.026851851493120193
0 0.4182291626930237 0.3430555462837219 0.0052083334885537624 0.03055555559694767
0 0.5161458253860474 0.22268518805503845 0.0031250000465661287 0.021296296268701553
0 0.4611979126930237 0.10000000149011612 0.0015625000232830644 0.011111111380159855
0 0.43802082538604736 0.2689814865589142 0.004166666883975267 0.02500000037252903
0 0.40625 0.18101851642131805 0.0031250000465661287 0.017592592164874077
1 0.2619791626930237 0.16805554926395416 0.02291666716337204 0.015740741044282913
4 0.4971354305744171 0.3324074149131775 0.03593749925494194 0.21851852536201477
4 0.6385416388511658 0.13703703880310059 0.12395833432674408 0.02777777798473835
