1 0.2562499940395355 0.17175926268100739 0.02395833283662796 0.015740741044282913
4 0.49687498807907104 0.3490740656852722 0.03854166716337204 0.2351851910352707
4 0.14505209028720856 0.15231481194496155 0.09010417014360428 0.07685185223817825
4 0.6408854126930237 0.1398148089647293 0.12656250596046448 0.029629629105329514
2 0.7914062738418579 0.1657407432794571 0.04114583507180214 0.05370370298624039
8 0.6703125238418579 0.0763888880610466 0.0052083334885537624 0.008333333767950535
2 0.5346354246139526 0.07175926119089127 0.01822916604578495 0.023148147389292717
8 0.49270832538604736 0.5504629611968994 0.012500000186264515 0.05462963134050369
1 0.4635416567325592 0.22870370745658875 0.012500000186264515 0.025925925001502037
7 0.514843761920929 0.07777778059244156 0.00572916679084301 0.007407407276332378
2 0.5716145634651184 0.07175926119089127 0.01927083358168602 0.023148147389292717
7 0.49140626192092896 0.4634259343147278 0.010937499813735485 0.04722222313284874
1 0.5528646111488342 0.07870370149612427 0.01197916641831398 0.007407407276332378
7 0.75 0.15509259700775146 0.00937500037252903 0.015740741044282913
8 0.49166667461395264 0.5009258985519409 0.0052083334885537624 0.0555555559694767
1 0.5158854126930237 0.07916666567325592 0.01197916641831398 0.008333333767950535
0 0.42916667461395264 0.2537037134170532 0.004166666883975267 0.014814814552664757
0 0.5049479007720947 0.16203702986240387 0.0015625000232830644 0.01666666753590107
0 0.4611979126930237 0.11712963134050369 0.0015625000232830644 0.012037036940455437
0 0.18984374403953552 0.12870369851589203 0.0036458333488553762 0.009259259328246117
0 0.7393229007720947 0.16990740597248077 0.004687500186264515 0.017592592164874077
0 0.4645833373069763 0.08564814925193787 0.0010416667209938169 0.010185184888541698
0 0.40937501192092896 0.35370370745658875 0.0052083334885537624 0.031481482088565826
0 0.9934895634651184 0.32499998807907104 0.013020833022892475 0.029629629105329514
0 0.9575520753860474 0.3004629611968994 0.01197916641831398 0.028703704476356506
0 0.4690104126930237 0.0902777761220932 0.0015625000232830644 0.010185184888541698
0 0.8036458492279053 0.1657407432794571 0.0052083334885537624 0.01666666753590107
0 0.4611979126930237 0.09305555373430252 0.0015625000232830644 0.006481481250375509
0 0.7124999761581421 0.10925926268100739 0.0031250000465661287 0.011111111380159855
0 0.44609373807907104 0.19120369851589203 0.0026041667442768812 0.01944444514811039
0 0.4635416567325592 0.0833333358168602 0.0010416667209938169 0.009259259328246117
0 0.64453125 0.09305555373430252 0.0015625000232830644 0.010185184888541698
0 0.6966145634651184 0.10092592239379883 0.0026041667442768812 0.011111111380159855
0 0.4388020932674408 0.21898147463798523 0.0036458333488553762 0.015740741044282913
0 0.49791666865348816 0.09444444626569748 0.0010416667209938169 0.007407407276332378
0 0.7138020992279053 0.13379628956317902 0.0036458333488553762 0.013888888992369175
0 0.856249988079071 0.18703703582286835 0.0062500000931322575 0.018518518656492233
0 0.4947916567325592 0.0754629597067833 0.0010416667209938169 0.008333333767950535
0 0.5072916746139526 0.17129629850387573 0.0020833334419876337 0.01666666753590107
0 0.4442708194255829 0.08009259402751923 0.0010416667209938169 0.008333333767950535
0 0.6666666865348816 0.12037037312984467 0.0031250000465661287 0.007407407276332378
0 0.5057291388511658 0.0754629597067833 0.0010416667209938169 0.008333333767950535
0 0.7361978888511658 0.16712963581085205 0.004687500186264515 0.010185184888541698
0 0.4635416567325592 0.08935185521841049 0.0010416667209938169 0.010185184888541698
0 0.7854166626930237 0.19675925374031067 0.0062500000931322575 0.01944444514811039
0 0.46276041865348816 0.08518518507480621 0.0015625000232830644 0.009259259328246117
0 0.5062500238418579 0.07453703880310059 0.0010416667209938169 0.008333333767950535
0 0.43932291865348816 0.18611110746860504 0.0036458333488553762 0.018518518656492233
0 0.6575520634651184 0.07916666567325592 0.0015625000232830644 0.008333333767950535
0 0.5093749761581421 0.2986111044883728 0.004166666883975267 0.028703704476356506
0 0.41484373807907104 0.3578703701496124 0.00572916679084301 0.032407406717538834
0 0.5166666507720947 0.22870370745658875 0.0031250000465661287 0.02222222276031971
0 0.46041667461395264 0.10138888657093048 0.0010416667209938169 0.010185184888541698
0 0.43541666865348816 0.2796296179294586 0.004166666883975267 0.025925925001502037
0 0.4046874940395355 0.18611110746860504 0.0031250000465661287 0.018518518656492233
1 0.2562499940395355 0.17175926268100739 0.02395833283662796 0.015740741044282913
4 0.49687498807907104 0.3490740656852722 0.03854166716337204 0.2351851910352707
4 0.14505209028720856 0.15231481194496155 0.09010417014360428 0.07685185223817825
4 0.6408854126930237 0.1398148089647293 0.12656250596046448 0.029629629105329514
