1 0.2526041567325592 0.1745370328426361 0.02395833283662796 0.015740741044282913
4 0.49661457538604736 0.36157408356666565 0.04010416567325592 0.24722221493721008
4 0.13958333432674408 0.15509259700775146 0.09270833432674408 0.07870370149612427
4 0.6427083611488342 0.14166666567325592 0.12812499701976776 0.029629629105329514
2 0.7971354126930237 0.16898147761821747 0.04218750074505806 0.05462963134050369
8 0.6713541746139526 0.0773148164153099 0.0052083334885537624 0.008333333767950535
2 0.5346354246139526 0.07222222536802292 0.01822916604578495 0.02222222276031971
8 0.4924479126930237 0.5759259462356567 0.013020833022892475 0.05740740895271301
1 0.46276041865348816 0.23472222685813904 0.013020833022892475 0.026851851493120193
7 0.5140625238418579 0.07777778059244156 0.0052083334885537624 0.007407407276332378
2 0.5721353888511658 0.07222222536802292 0.01927083358168602 0.02222222276031971
7 0.4911458194255829 0.48148149251937866 0.01145833358168602 0.05000000074505806
1 0.5531250238418579 0.07962962985038757 0.012500000186264515 0.007407407276332378
7 0.7544270753860474 0.1578703671693802 0.00989583320915699 0.015740741044282913
8 0.49140626192092896 0.522685170173645 0.00572916679084301 0.05833333358168602
1 0.5158854126930237 0.07962962985038757 0.01197916641831398 0.007407407276332378
0 0.42760416865348816 0.260185182094574 0.004166666883975267 0.014814814552664757
0 0.5052083134651184 0.16388888657093048 0.0020833334419876337 0.01666666753590107
0 0.4606770873069763 0.11851851642131805 0.0015625000232830644 0.012962962500751019
0 0.18671874701976776 0.13055555522441864 0.0036458333488553762 0.009259259328246117
0 0.742968738079071 0.1726851910352707 0.004687500186264515 0.017592592164874077
0 0.46406251192092896 0.08657407760620117 0.0010416667209938169 0.010185184888541698
0 0.40677082538604736 0.3652777671813965 0.0052083334885537624 0.032407406717538834
0 0.9997395873069763 0.33379629254341125 0.0005208333604969084 0.03055555559694767
0 0.9703124761581421 0.3087962865829468 0.012500000186264515 0.028703704476356506
0 0.46875 0.0912037044763565 0.0010416667209938169 0.010185184888541698
0 0.8083333373069763 0.16805554926395416 0.0052083334885537624 0.017592592164874077
0 0.4611979126930237 0.09398148208856583 0.0015625000232830644 0.006481481250375509
0 0.7145833373069763 0.11064814776182175 0.0031250000465661287 0.012037036940455437
0 0.4450520873069763 0.19490741193294525 0.0026041667442768812 0.01944444514811039
0 0.4635416567325592 0.08425925672054291 0.0010416667209938169 0.009259259328246117
0 0.6458333134651184 0.09398148208856583 0.0020833334419876337 0.010185184888541698
0 0.6981770992279053 0.10185185074806213 0.0026041667442768812 0.011111111380159855
0 0.4375 0.2231481522321701 0.0031250000465661287 0.014814814552664757
0 0.49791666865348816 0.09537036716938019 0.0010416667209938169 0.007407407276332378
0 0.7164062261581421 0.13472221791744232 0.0036458333488553762 0.013888888992369175
0 0.8617187738418579 0.19074073433876038 0.006770833395421505 0.018518518656492233
0 0.4947916567325592 0.0754629597067833 0.0010416667209938169 0.008333333767950535
0 0.5072916746139526 0.17407406866550446 0.0020833334419876337 0.01666666753590107
0 0.4442708194255829 0.08055555820465088 0.0010416667209938169 0.009259259328246117
0 0.668749988079071 0.12222222238779068 0.0031250000465661287 0.007407407276332378
0 0.5057291388511658 0.07592592388391495 0.0010416667209938169 0.009259259328246117
0 0.7398437261581421 0.16990740597248077 0.004687500186264515 0.010185184888541698
0 0.4632812440395355 0.0902777761220932 0.0015625000232830644 0.010185184888541698
0 0.789843738079071 0.20000000298023224 0.00572916679084301 0.020370369777083397
0 0.4625000059604645 0.08611111342906952 0.0010416667209938169 0.009259259328246117
0 0.5062500238418579 0.07500000298023224 0.0010416667209938169 0.009259259328246117
0 0.4377604126930237 0.18888889253139496 0.0036458333488553762 0.018518518656492233
0 0.6585937738418579 0.07962962985038757 0.0015625000232830644 0.009259259328246117
0 0.5093749761581421 0.30694442987442017 0.004166666883975267 0.028703704476356506
0 0.4124999940395355 0.36851853132247925 0.0062500000931322575 0.03333333507180214
0 0.5171874761581421 0.23333333432674408 0.0031250000465661287 0.02222222276031971
0 0.46015626192092896 0.10277777910232544 0.0015625000232830644 0.011111111380159855
0 0.4338541626930237 0.2874999940395355 0.004166666883975267 0.026851851493120193
0 0.4036458432674408 0.18888889253139496 0.0031250000465661287 0.018518518656492233
1 0.2526041567325592 0.1745370328426361 0.02395833283662796 0.015740741044282913
4 0.49661457538604736 0.36157408356666565 0.04010416567325592 0.24722221493721008
4 0.13958333432674408 0.15509259700775146 0.09270833432674408 0.07870370149612427
4 0.6427083611488342 0.14166666567325592 0.12812499701976776 0.029629629105329514
