1 0.25989583134651184 0.16898147761821747 0.02291666716337204 0.015740741044282913
4 0.4971354305744171 0.33796295523643494 0.03697916492819786 0.2240740805864334
4 0.15026041865348816 0.15000000596046448 0.08802083134651184 0.07592592388391495
4 0.6390625238418579 0.13750000298023224 0.125 0.028703704476356506
2 0.7856770753860474 0.16249999403953552 0.04010416567325592 0.05277777835726738
8 0.6697916388511658 0.0754629597067833 0.0052083334885537624 0.008333333767950535
2 0.534375011920929 0.07129629701375961 0.01770833320915699 0.02222222276031971
8 0.4932291805744171 0.5259259343147278 0.012500000186264515 0.051851850003004074
1 0.46432292461395264 0.22361111640930176 0.01197916641831398 0.02500000037252903
7 0.5158854126930237 0.07685185223817825 0.00572916679084301 0.007407407276332378
2 0.571093738079071 0.07129629701375961 0.01927083358168602 0.02222222276031971
7 0.49166667461395264 0.44583332538604736 0.010416666977107525 0.04537037014961243
1 0.5526041388511658 0.07824073731899261 0.012500000186264515 0.008333333767950535
7 0.7458333373069763 0.15231481194496155 0.00937500037252903 0.015740741044282913
8 0.4921875 0.4810185134410858 0.0052083334885537624 0.05277777835726738
1 0.5158854126930237 0.07824073731899261 0.01197916641831398 0.008333333767950535
0 0.4307291805744171 0.2481481432914734 0.004166666883975267 0.014814814552664757
0 0.5049479007720947 0.1597222238779068 0.0015625000232830644 0.015740741044282913
0 0.46171873807907104 0.11574073880910873 0.0015625000232830644 0.012962962500751019
0 0.7356770634651184 0.1666666716337204 0.004687500186264515 0.01666666753590107
0 0.4645833373069763 0.08518518507480621 0.0010416667209938169 0.009259259328246117
0 0.41197916865348816 0.34259259700775146 0.0052083334885537624 0.031481482088565826
0 0.9817708134651184 0.3166666626930237 0.01354166679084301 0.029629629105329514
0 0.9453125 0.29212963581085205 0.01145833358168602 0.026851851493120193
0 0.46927082538604736 0.08981481194496155 0.0010416667209938169 0.009259259328246117
0 0.7984374761581421 0.16296295821666718 0.0052083334885537624 0.01666666753590107
0 0.46171873807907104 0.09259258955717087 0.0015625000232830644 0.0055555556900799274
0 0.7106770873069763 0.10833333432674408 0.0026041667442768812 0.011111111380159855
0 0.4466145932674408 0.18796296417713165 0.0026041667442768812 0.018518518656492233
0 0.46406251192092896 0.08287037163972855 0.0010416667209938169 0.008333333767950535
0 0.6434895992279053 0.09166666865348816 0.0015625000232830644 0.009259259328246117
0 0.6950520873069763 0.10000000149011612 0.0026041667442768812 0.011111111380159855
0 0.4401041567325592 0.21481481194496155 0.0031250000465661287 0.014814814552664757
0 0.49791666865348816 0.09351851791143417 0.0010416667209938169 0.007407407276332378
0 0.7109375 0.1319444477558136 0.0031250000465661287 0.013888888992369175
0 0.8510416746139526 0.18425926566123962 0.0062500000931322575 0.018518518656492233
0 0.49427083134651184 0.07453703880310059 0.0010416667209938169 0.008333333767950535
0 0.5072916746139526 0.16898147761821747 0.0020833334419876337 0.017592592164874077
0 0.4442708194255829 0.07916666567325592 0.0010416667209938169 0.008333333767950535
0 0.664843738079071 0.11944444477558136 0.0026041667442768812 0.007407407276332378
0 0.5062500238418579 0.07453703880310059 0.0010416667209938169 0.008333333767950535
0 0.7328125238418579 0.16435185074806213 0.004166666883975267 0.010185184888541698
0 0.46406251192092896 0.08842592686414719 0.0010416667209938169 0.010185184888541698
0 0.7809895873069763 0.1935185194015503 0.00572916679084301 0.018518518656492233
0 0.46302083134651184 0.08518518507480621 0.0010416667209938169 0.009259259328246117
0 0.5065104365348816 0.07361111044883728 0.0015625000232830644 0.008333333767950535
0 0.44088542461395264 0.18287037312984467 0.0026041667442768812 0.017592592164874077
0 0.6565104126930237 0.07824073731899261 0.0015625000232830644 0.008333333767950535
0 0.5093749761581421 0.2907407283782959 0.004166666883975267 0.02777777798473835
0 0.4169270694255829 0.3481481373310089 0.00572916679084301 0.031481482088565826
0 0.5161458253860474 0.22499999403953552 0.0031250000465661287 0.02222222276031971
0 0.4609375 0.10046296566724777 0.0010416667209938169 0.010185184888541698
0 0.4372395873069763 0.2726851999759674 0.0036458333488553762 0.02500000037252903
0 0.40572917461395264 0.18287037312984467 0.0031250000465661287 0.017592592164874077
1 0.25989583134651184 0.16898147761821747 0.02291666716337204 0.015740741044282913
4 0.4971354305744171 0.33796295523643494 0.03697916492819786 0.2240740805864334
4 0.15026041865348816 0.15000000596046448 0.08802083134651184 0.07592592388391495
4 0.6390625238418579 0.13750000298023224 0.125 0.028703704476356506
