1 0.23203125596046448 0.19120369851589203 0.02656250074505806 0.017592592164874077
4 0.4971354305744171 0.44907405972480774 0.05156249925494194 0.33888888359069824
4 0.109375 0.16990740597248077 0.10833333432674408 0.08796296268701553
4 0.6552083492279053 0.15416666865348816 0.13854166865348816 0.032407406717538834
2 0.835156261920929 0.19166666269302368 0.05156249925494194 0.06296296417713165
8 0.676562488079071 0.08101851493120193 0.0052083334885537624 0.008333333767950535
2 0.5377604365348816 0.07592592388391495 0.01927083358168602 0.024074073880910873
8 0.4908854067325592 0.7805555462837219 0.01822916604578495 0.08148147910833359
1 0.4585937559604645 0.2726851999759674 0.015104166232049465 0.032407406717538834
7 0.5101562738418579 0.08194444328546524 0.00572916679084301 0.008333333767950535
2 0.5765625238418579 0.07592592388391495 0.01979166641831398 0.024074073880910873
7 0.09479166567325592 0.1041666641831398 0.008333333767950535 0.010185184888541698
7 0.4895833432674408 0.6180555820465088 0.014583333395421505 0.06759259104728699
1 0.5570312738418579 0.08379629999399185 0.013020833022892475 0.008333333767950535
7 0.7822916507720947 0.17546296119689941 0.01145833358168602 0.017592592164874077
8 0.49010416865348816 0.6875 0.0072916666977107525 0.07870370149612427
1 0.5179687738418579 0.08379629999399185 0.013020833022892475 0.008333333767950535
0 0.4182291626930237 0.29907408356666565 0.0052083334885537624 0.01666666753590107
0 0.5067708492279053 0.17824074625968933 0.0020833334419876337 0.017592592164874077
0 0.4596354067325592 0.12731482088565826 0.0015625000232830644 0.013888888992369175
0 0.16822916269302368 0.13935184478759766 0.004166666883975267 0.010185184888541698
0 0.7682291865348816 0.19074073433876038 0.0052083334885537624 0.018518518656492233
0 0.46406251192092896 0.0912037044763565 0.0010416667209938169 0.010185184888541698
0 0.3890624940395355 0.4453703761100769 0.0072916666977107525 0.03888889029622078
0 0.46875 0.09583333134651184 0.0010416667209938169 0.010185184888541698
0 0.4606770873069763 0.09907407313585281 0.0015625000232830644 0.0055555556900799274
0 0.7276041507720947 0.11712963134050369 0.0031250000465661287 0.012037036940455437
0 0.4411458373069763 0.21666666865348816 0.0031250000465661287 0.020370369777083397
0 0.4632812440395355 0.08888889104127884 0.0015625000232830644 0.009259259328246117
0 0.6546875238418579 0.09953703731298447 0.0020833334419876337 0.010185184888541698
0 0.7098958492279053 0.10740740597248077 0.0031250000465661287 0.011111111380159855
0 0.9898437261581421 0.33009257912635803 0.01406249962747097 0.03055555559694767
0 0.43151041865348816 0.2490740716457367 0.0036458333488553762 0.01666666753590107
0 0.4986979067325592 0.10092592239379883 0.0015625000232830644 0.007407407276332378
0 0.7354166507720947 0.14537036418914795 0.004166666883975267 0.014814814552664757
0 0.8966146111488342 0.2092592567205429 0.0078125 0.020370369777083397
0 0.49687498807907104 0.07962962985038757 0.0010416667209938169 0.009259259328246117
0 0.5093749761581421 0.18981482088565826 0.0020833334419876337 0.018518518656492233
0 0.44479167461395264 0.08518518507480621 0.0010416667209938169 0.009259259328246117
0 0.6997395753860474 0.0833333358168602 0.0026041667442768812 0.009259259328246117
0 0.6812499761581421 0.1310185194015503 0.0031250000465661287 0.008333333767950535
0 0.5057291388511658 0.07962962985038757 0.0010416667209938169 0.009259259328246117
0 0.7640625238418579 0.18703703582286835 0.0052083334885537624 0.011111111380159855
0 0.46276041865348816 0.09583333134651184 0.0015625000232830644 0.010185184888541698
0 0.819531261920929 0.22083333134651184 0.006770833395421505 0.021296296268701553
0 0.4622395932674408 0.09074074029922485 0.0015625000232830644 0.009259259328246117
0 0.2369791716337204 0.10370370000600815 0.0031250000465661287 0.011111111380159855
0 0.5067708492279053 0.07870370149612427 0.0010416667209938169 0.009259259328246117
0 0.42890626192092896 0.2083333283662796 0.0036458333488553762 0.020370369777083397
0 0.667187511920929 0.08425925672054291 0.0020833334419876337 0.009259259328246117
0 0.5098958611488342 0.3638888895511627 0.0052083334885537624 0.03333333507180214
0 0.3984375 0.4416666626930237 0.008333333767950535 0.03888889029622078
0 0.5213541388511658 0.26157405972480774 0.0031250000465661287 0.02500000037252903
0 0.4596354067325592 0.10833333432674408 0.0015625000232830644 0.011111111380159855
0 0.42395833134651184 0.33703702688217163 0.0052083334885537624 0.031481482088565826
0 0.3986979126930237 0.20879629254341125 0.0036458333488553762 0.01944444514811039
1 0.23203125596046448 0.19120369851589203 0.02656250074505806 0.017592592164874077
4 0.4971354305744171 0.44907405972480774 0.05156249925494194 0.33888888359069824
4 0.109375 0.16990740597248077 0.10833333432674408 0.08796296268701553
4 0.6552083492279053 0.15416666865348816 0.13854166865348816 0.032407406717538834
