1 0.23411458730697632 0.1893518567085266 0.02656250074505806 0.017592592164874077
4 0.4971354305744171 0.4393518567085266 0.05052083358168602 0.32685184478759766
4 0.11276041716337204 0.16805554926395416 0.1067708358168602 0.08796296268701553
4 0.6541666388511658 0.1527777761220932 0.13750000298023224 0.031481482088565826
2 0.8315104246139526 0.1893518567085266 0.05052083358168602 0.06203703582286835
8 0.6760416626930237 0.08009259402751923 0.0052083334885537624 0.008333333767950535
2 0.5377604365348816 0.0754629597067833 0.01927083358168602 0.023148147389292717
8 0.4911458194255829 0.7560185194015503 0.01770833320915699 0.07870370149612427
1 0.4593749940395355 0.26851850748062134 0.014583333395421505 0.031481482088565826
7 0.5106770992279053 0.08148147910833359 0.00572916679084301 0.007407407276332378
2 0.5765625238418579 0.0754629597067833 0.01979166641831398 0.023148147389292717
7 0.0963541641831398 0.1041666641831398 0.008333333767950535 0.010185184888541698
7 0.4898437559604645 0.602314829826355 0.01406249962747097 0.06574074178934097
1 0.5567708611488342 0.08287037163972855 0.012500000186264515 0.008333333767950535
7 0.7796875238418579 0.1736111044883728 0.01145833358168602 0.017592592164874077
8 0.49036458134651184 0.668055534362793 0.006770833395421505 0.07685185223817825
1 0.5182291865348816 0.08287037163972855 0.012500000186264515 0.008333333767950535
0 0.4192708432674408 0.29490742087364197 0.0052083334885537624 0.017592592164874077
0 0.5067708492279053 0.17638888955116272 0.0020833334419876337 0.017592592164874077
0 0.46015626192092896 0.1268518567085266 0.0015625000232830644 0.012962962500751019
0 0.1705729216337204 0.13842593133449554 0.0036458333488553762 0.010185184888541698
0 0.7658854126930237 0.18888889253139496 0.00572916679084301 0.018518518656492233
0 0.46432292461395264 0.0912037044763565 0.0015625000232830644 0.010185184888541698
0 0.39140623807907104 0.4365740716457367 0.006770833395421505 0.037962961941957474
0 0.4690104126930237 0.09583333134651184 0.0015625000232830644 0.010185184888541698
0 0.4611979126930237 0.09861110895872116 0.0015625000232830644 0.006481481250375509
0 0.7265625 0.11666666716337204 0.0031250000465661287 0.012962962500751019
0 0.4416666626930237 0.2143518477678299 0.0031250000465661287 0.021296296268701553
0 0.4635416567325592 0.08842592686414719 0.0010416667209938169 0.010185184888541698
0 0.6541666388511658 0.09907407313585281 0.0020833334419876337 0.011111111380159855
0 0.7091146111488342 0.10740740597248077 0.0026041667442768812 0.011111111380159855
0 0.9838541746139526 0.32592591643333435 0.01354166679084301 0.029629629105329514
0 0.4320312440395355 0.24629630148410797 0.0036458333488553762 0.01666666753590107
0 0.4989583194255829 0.10092592239379883 0.0010416667209938169 0.007407407276332378
0 0.7338541746139526 0.14444445073604584 0.004166666883975267 0.014814814552664757
0 0.8934895992279053 0.2074074000120163 0.0078125 0.020370369777083397
0 0.49687498807907104 0.07916666567325592 0.0010416667209938169 0.008333333767950535
0 0.5093749761581421 0.18796296417713165 0.0020833334419876337 0.018518518656492233
0 0.4450520873069763 0.08425925672054291 0.0015625000232830644 0.009259259328246117
0 0.69921875 0.0824074074625969 0.0026041667442768812 0.009259259328246117
0 0.6802083253860474 0.130092591047287 0.0031250000465661287 0.008333333767950535
0 0.5062500238418579 0.07916666567325592 0.0010416667209938169 0.008333333767950535
0 0.7619791626930237 0.18518517911434174 0.0052083334885537624 0.011111111380159855
0 0.46302083134651184 0.09490741044282913 0.0010416667209938169 0.010185184888541698
0 0.8169270753860474 0.21898147463798523 0.006770833395421505 0.021296296268701553
0 0.4625000059604645 0.0902777761220932 0.0010416667209938169 0.010185184888541698
0 0.5067708492279053 0.07824073731899261 0.0010416667209938169 0.008333333767950535
0 0.4299479126930237 0.20648148655891418 0.0036458333488553762 0.020370369777083397
0 0.6666666865348816 0.0833333358168602 0.0020833334419876337 0.009259259328246117
0 0.5096353888511658 0.3583333194255829 0.00572916679084301 0.03333333507180214
0 0.40026041865348816 0.4337962865829468 0.0078125 0.037962961941957474
0 0.5208333134651184 0.2587963044643402 0.0031250000465661287 0.02500000037252903
0 0.4596354067325592 0.10787037014961243 0.0015625000232830644 0.012037036940455437
0 0.42500001192092896 0.33194443583488464 0.0052083334885537624 0.03055555559694767
0 0.3997395932674408 0.20648148655891418 0.0036458333488553762 0.020370369777083397
1 0.23411458730697632 0.1893518567085266 0.02656250074505806 0.017592592164874077
4 0.4971354305744171 0.4393518567085266 0.05052083358168602 0.32685184478759766
4 0.11276041716337204 0.16805554926395416 0.1067708358168602 0.08796296268701553
4 0.6541666388511658 0.1527777761220932 0.13750000298023224 0.031481482088565826
