1 0.24296875298023224 0.18194444477558136 0.02552083320915699 0.017592592164874077
4 0.49609375 0.39629629254341125 0.0442708320915699 0.28148147463798523
4 0.12578125298023224 0.16111111640930176 0.09947916865348816 0.0833333358168602
4 0.6471354365348816 0.1467592567205429 0.1328125 0.03055555559694767
2 0.8122395873069763 0.17824074625968933 0.04635416716337204 0.05833333358168602
8 0.6729166507720947 0.07824073731899261 0.0052083334885537624 0.008333333767950535
2 0.5354166626930237 0.07361111044883728 0.01875000074505806 0.023148147389292717
8 0.49140626192092896 0.6537036895751953 0.015104166232049465 0.06666667014360428
1 0.46041667461395264 0.25046294927597046 0.01354166679084301 0.028703704476356506
2 0.7523437738418579 0.05648148059844971 0.01927083358168602 0.018518518656492233
7 0.51171875 0.07962962985038757 0.00572916679084301 0.007407407276332378
2 0.573437511920929 0.07361111044883728 0.01979166641831398 0.023148147389292717
7 0.10130207985639572 0.10231481492519379 0.0078125 0.010185184888541698
7 0.49010416865348816 0.5347222089767456 0.012500000186264515 0.05648148059844971
1 0.5541666746139526 0.08101851493120193 0.012500000186264515 0.008333333767950535
7 0.7653645873069763 0.1648148149251938 0.010937499813735485 0.01666666753590107
8 0.4906249940395355 0.5861111283302307 0.0062500000931322575 0.06666667014360428
1 0.5161458253860474 0.08148147910833359 0.012500000186264515 0.007407407276332378
0 0.4229166805744171 0.27638888359069824 0.0052083334885537624 0.015740741044282913
0 0.5052083134651184 0.17037037014961243 0.0020833334419876337 0.01666666753590107
0 0.4596354067325592 0.12222222238779068 0.0015625000232830644 0.012962962500751019
0 0.17760416865348816 0.13425925374031067 0.004166666883975267 0.009259259328246117
0 0.753125011920929 0.18009258806705475 0.0052083334885537624 0.017592592164874077
0 0.4635416567325592 0.08888889104127884 0.0010416667209938169 0.009259259328246117
0 0.39895832538604736 0.3976851999759674 0.0062500000931322575 0.03611111268401146
0 0.46796876192092896 0.09305555373430252 0.0015625000232830644 0.010185184888541698
0 0.46015626192092896 0.0962962955236435 0.0015625000232830644 0.0055555556900799274
0 0.7192708253860474 0.11342592537403107 0.0031250000465661287 0.012037036940455437
0 0.4427083432674408 0.20416666567325592 0.0031250000465661287 0.01944444514811039
0 0.4625000059604645 0.08611111342906952 0.0010416667209938169 0.009259259328246117
0 0.6489583253860474 0.09583333134651184 0.0020833334419876337 0.010185184888541698
0 0.7026041746139526 0.10462962836027145 0.0031250000465661287 0.011111111380159855
0 0.43411457538604736 0.23425926268100739 0.0036458333488553762 0.01666666753590107
0 0.4973958432674408 0.09814814478158951 0.0010416667209938169 0.007407407276332378
0 0.7239583134651184 0.13935184478759766 0.004166666883975267 0.013888888992369175
0 0.8755208253860474 0.19861111044883728 0.0072916666977107525 0.01944444514811039
0 0.4950520694255829 0.0773148164153099 0.0005208333604969084 0.008333333767950535
0 0.5072916746139526 0.1805555522441864 0.0020833334419876337 0.018518518656492233
0 0.4437499940395355 0.0824074074625969 0.0010416667209938169 0.009259259328246117
0 0.6734374761581421 0.1259259283542633 0.0031250000465661287 0.007407407276332378
0 0.5052083134651184 0.0773148164153099 0.0010416667209938169 0.008333333767950535
0 0.7494791746139526 0.17685185372829437 0.0052083334885537624 0.011111111380159855
0 0.4625000059604645 0.09259258955717087 0.0010416667209938169 0.009259259328246117
0 0.8018229007720947 0.20879629254341125 0.006770833395421505 0.01944444514811039
0 0.46145832538604736 0.08842592686414719 0.0010416667209938169 0.010185184888541698
0 0.5057291388511658 0.0763888880610466 0.0010416667209938169 0.008333333767950535
0 0.43307292461395264 0.19768518209457397 0.0036458333488553762 0.01944444514811039
0 0.6617187261581421 0.08148147910833359 0.0015625000232830644 0.009259259328246117
0 0.5088541507720947 0.33101850748062134 0.004166666883975267 0.03055555559694767
0 0.40625 0.3986110985279083 0.0072916666977107525 0.03611111268401146
0 0.5182291865348816 0.24537037312984467 0.0031250000465661287 0.024074073880910873
0 0.45911458134651184 0.10462962836027145 0.0015625000232830644 0.011111111380159855
0 0.42890626192092896 0.30787035822868347 0.004687500186264515 0.028703704476356506
0 0.4007812440395355 0.19768518209457397 0.0036458333488553762 0.01944444514811039
1 0.24296875298023224 0.18194444477558136 0.02552083320915699 0.017592592164874077
4 0.49609375 0.39629629254341125 0.0442708320915699 0.28148147463798523
4 0.12578125298023224 0.16111111640930176 0.09947916865348816 0.0833333358168602
4 0.6471354365348816 0.1467592567205429 0.1328125 0.03055555559694767
