1 0.21848958730697632 0.2013888955116272 0.02864583395421505 0.01944444514811039
4 0.4963541626930237 0.5152778029441833 0.06145833432674408 0.4138889014720917
4 0.08958332985639572 0.17870371043682098 0.11874999850988388 0.09444444626569748
4 0.6619791388511658 0.16111111640930176 0.14479166269302368 0.03333333507180214
2 0.8583333492279053 0.20555555820465088 0.0572916679084301 0.06851851940155029
8 0.6781250238418579 0.08287037163972855 0.0052083334885537624 0.008333333767950535
2 0.5385416746139526 0.07777778059244156 0.01979166641831398 0.024074073880910873
8 0.48880207538604736 0.9532407522201538 0.02239583246409893 0.09351851791143417
1 0.45520833134651184 0.2976851761341095 0.01666666753590107 0.03611111268401146
7 0.507031261920929 0.08379629999399185 0.00572916679084301 0.008333333767950535
2 0.5783854126930237 0.07777778059244156 0.02031249925494194 0.024074073880910873
7 0.15625 0.08287037163972855 0.0062500000931322575 0.008333333767950535
7 0.48776042461395264 0.7254629731178284 0.01718750037252903 0.0824074074625969
1 0.5580729246139526 0.08564814925193787 0.013020833022892475 0.008333333767950535
7 0.7989583611488342 0.18611110746860504 0.012500000186264515 0.018518518656492233
8 0.4880208373069763 0.8236111402511597 0.008333333767950535 0.0972222238779068
1 0.5184895992279053 0.08564814925193787 0.013020833022892475 0.008333333767950535
0 0.4111979305744171 0.32499998807907104 0.00572916679084301 0.018518518656492233
0 0.5067708492279053 0.18611110746860504 0.0020833334419876337 0.018518518656492233
0 0.4580729305744171 0.1328703761100769 0.0015625000232830644 0.013888888992369175
0 0.15677084028720856 0.1449074000120163 0.004166666883975267 0.010185184888541698
0 0.7825520634651184 0.20185184478759766 0.00572916679084301 0.020370369777083397
0 0.46302083134651184 0.09398148208856583 0.0010416667209938169 0.010185184888541698
0 0.37552082538604736 0.5032407641410828 0.008333333767950535 0.043518517166376114
0 0.46796876192092896 0.09861110895872116 0.0015625000232830644 0.010185184888541698
0 0.8588541746139526 0.19583334028720856 0.0072916666977107525 0.01944444514811039
0 0.4596354067325592 0.10231481492519379 0.0015625000232830644 0.006481481250375509
0 0.734375 0.12129629403352737 0.0031250000465661287 0.012962962500751019
0 0.4377604126930237 0.23055554926395416 0.0036458333488553762 0.02222222276031971
0 0.4622395932674408 0.09166666865348816 0.0015625000232830644 0.009259259328246117
0 0.6588541865348816 0.10277777910232544 0.0020833334419876337 0.011111111380159855
0 0.7153645753860474 0.11064814776182175 0.0026041667442768812 0.012037036940455437
0 0.4268229305744171 0.26527777314186096 0.0036458333488553762 0.017592592164874077
0 0.4984374940395355 0.10462962836027145 0.0010416667209938169 0.007407407276332378
0 0.7458333373069763 0.15138888359069824 0.004166666883975267 0.015740741044282913
0 0.917187511920929 0.22083333134651184 0.008333333767950535 0.021296296268701553
0 0.4973958432674408 0.08148147910833359 0.0010416667209938169 0.009259259328246117
0 0.5093749761581421 0.19861111044883728 0.0020833334419876337 0.01944444514811039
0 0.44453126192092896 0.08703703433275223 0.0015625000232830644 0.009259259328246117
0 0.7033854126930237 0.08518518507480621 0.0026041667442768812 0.009259259328246117
0 0.6880208253860474 0.13657407462596893 0.0031250000465661287 0.008333333767950535
0 0.5052083134651184 0.08148147910833359 0.0010416667209938169 0.009259259328246117
0 0.778124988079071 0.19768518209457397 0.0052083334885537624 0.012037036940455437
0 0.46171873807907104 0.09861110895872116 0.0015625000232830644 0.010185184888541698
0 0.8361979126930237 0.23425926268100739 0.0078125 0.02222222276031971
0 0.46145832538604736 0.09305555373430252 0.0010416667209938169 0.010185184888541698
0 0.5062500238418579 0.08055555820465088 0.0010416667209938169 0.009259259328246117
0 0.42265623807907104 0.22083333134651184 0.0036458333488553762 0.021296296268701553
0 0.6713541746139526 0.08657407760620117 0.0020833334419876337 0.010185184888541698
0 0.5106770992279053 0.40046295523643494 0.004687500186264515 0.03611111268401146
0 0.38749998807907104 0.4930555522441864 0.00937500037252903 0.0416666679084301
0 0.5229166746139526 0.27916666865348816 0.0031250000465661287 0.026851851493120193
0 0.4580729305744171 0.11157407611608505 0.0015625000232830644 0.012037036940455437
0 0.4164062440395355 0.3708333373069763 0.00572916679084301 0.032407406717538834
0 0.39505207538604736 0.22083333134651184 0.0036458333488553762 0.021296296268701553
1 0.21848958730697632 0.2013888955116272 0.02864583395421505 0.01944444514811039
4 0.4963541626930237 0.5152778029441833 0.06145833432674408 0.4138889014720917
4 0.08958332985639572 0.17870371043682098 0.11874999850988388 0.09444444626569748
4 0.6619791388511658 0.16111111640930176 0.14479166269302368 0.03333333507180214
