1 0.22317709028720856 0.19814814627170563 0.02760416641831398 0.018518518656492233
4 0.49661457538604736 0.49074074625968933 0.05781250074505806 0.385185182094574
4 0.09661458432674408 0.17546296119689941 0.11510416865348816 0.09166666865348816
4 0.6596354246139526 0.1587962955236435 0.14218750596046448 0.032407406717538834
2 0.8502604365348816 0.2004629671573639 0.0546875 0.06574074178934097
8 0.6776041388511658 0.08194444328546524 0.0052083334885537624 0.008333333767950535
2 0.538281261920929 0.07777778059244156 0.01927083358168602 0.024074073880910873
8 0.4895833432674408 0.8902778029441833 0.02083333395421505 0.09537036716938019
1 0.45651042461395264 0.2888889014720917 0.01614583283662796 0.035185184329748154
7 0.5083333253860474 0.0833333358168602 0.0062500000931322575 0.007407407276332378
2 0.5778645873069763 0.07685185223817825 0.02031249925494194 0.024074073880910873
7 0.48828125 0.6856481432914734 0.01614583283662796 0.07685185223817825
1 0.557812511920929 0.08472222089767456 0.01354166679084301 0.008333333767950535
7 0.7932291626930237 0.182407408952713 0.012500000186264515 0.018518518656492233
8 0.48880207538604736 0.7722222208976746 0.0078125 0.09074074029922485
1 0.5182291865348816 0.08518518507480621 0.012500000186264515 0.009259259328246117
0 0.4138020873069763 0.3157407343387604 0.00572916679084301 0.018518518656492233
0 0.5067708492279053 0.18379630148410797 0.0020833334419876337 0.017592592164874077
0 0.4585937559604645 0.1310185194015503 0.0015625000232830644 0.013888888992369175
0 0.16093750298023224 0.14305555820465088 0.004166666883975267 0.010185184888541698
0 0.7776041626930237 0.19768518209457397 0.0062500000931322575 0.01944444514811039
0 0.4635416567325592 0.09305555373430252 0.0010416667209938169 0.010185184888541698
0 0.3804687559604645 0.4819444417953491 0.0078125 0.0416666679084301
0 0.46822917461395264 0.09768518805503845 0.0010416667209938169 0.010185184888541698
0 0.46015626192092896 0.10138888657093048 0.0015625000232830644 0.006481481250375509
0 0.7322916388511658 0.11990740895271301 0.0031250000465661287 0.012037036940455437
0 0.4390625059604645 0.22546295821666718 0.0031250000465661287 0.021296296268701553
0 0.4625000059604645 0.09074074029922485 0.0010416667209938169 0.009259259328246117
0 0.6572916507720947 0.10185185074806213 0.0020833334419876337 0.011111111380159855
0 0.7135416865348816 0.10972221940755844 0.0031250000465661287 0.012037036940455437
0 0.4283854067325592 0.2597222328186035 0.0036458333488553762 0.017592592164874077
0 0.4986979067325592 0.10370370000600815 0.0015625000232830644 0.007407407276332378
0 0.7421875 0.14907407760620117 0.004166666883975267 0.014814814552664757
0 0.9098958373069763 0.2171296328306198 0.008333333767950535 0.021296296268701553
0 0.4973958432674408 0.08055555820465088 0.0010416667209938169 0.009259259328246117
0 0.5093749761581421 0.19583334028720856 0.0020833334419876337 0.01944444514811039
0 0.44479167461395264 0.08611111342906952 0.0010416667209938169 0.009259259328246117
0 0.7020833492279053 0.08425925672054291 0.0020833334419876337 0.009259259328246117
0 0.6856771111488342 0.13472221791744232 0.0036458333488553762 0.008333333767950535
0 0.5054687261581421 0.08055555820465088 0.0005208333604969084 0.009259259328246117
0 0.7734375 0.19398148357868195 0.0052083334885537624 0.012037036940455437
0 0.4622395932674408 0.09768518805503845 0.0015625000232830644 0.010185184888541698
0 0.8304687738418579 0.22962963581085205 0.0078125 0.02222222276031971
0 0.46171873807907104 0.09212963283061981 0.0015625000232830644 0.010185184888541698
0 0.5062500238418579 0.08009259402751923 0.0010416667209938169 0.008333333767950535
0 0.4247395694255829 0.21666666865348816 0.0036458333488553762 0.020370369777083397
0 0.6697916388511658 0.08564814925193787 0.0020833334419876337 0.010185184888541698
0 0.5104166865348816 0.3870370388031006 0.0052083334885537624 0.035185184329748154
0 0.39140623807907104 0.47453704476356506 0.008854166604578495 0.0416666679084301
0 0.5223958492279053 0.27314814925193787 0.0031250000465661287 0.025925925001502037
0 0.4585937559604645 0.11064814776182175 0.0015625000232830644 0.012037036940455437
0 0.4190104305744171 0.35879629850387573 0.00572916679084301 0.032407406717538834
0 0.39661458134651184 0.21666666865348816 0.0036458333488553762 0.020370369777083397
1 0.22317709028720856 0.19814814627170563 0.02760416641831398 0.018518518656492233
4 0.49661457538604736 0.49074074625968933 0.05781250074505806 0.385185182094574
4 0.09661458432674408 0.17546296119689941 0.11510416865348816 0.09166666865348816
4 0.6596354246139526 0.1587962955236435 0.14218750596046448 0.032407406717538834
