1 0.21588541567325592 0.20324073731899261 0.02864583395421505 0.01944444514811039
4 0.49609375 0.5287036895751953 0.06302083283662796 0.4296296238899231
4 0.08645833283662796 0.18009258806705475 0.12083332985639572 0.09537036716938019
4 0.6630208492279053 0.16249999403953552 0.1458333283662796 0.034259259700775146
2 0.862500011920929 0.20787036418914795 0.05833333358168602 0.0694444477558136
8 0.6783854365348816 0.0833333358168602 0.00572916679084301 0.009259259328246117
2 0.5385416746139526 0.07870370149612427 0.01979166641831398 0.024074073880910873
8 0.48828125 0.9708333611488342 0.0234375 0.05833333358168602
1 0.4544270932674408 0.3027777671813965 0.01718750037252903 0.03703703731298447
7 0.5067708492279053 0.08472222089767456 0.0062500000931322575 0.008333333767950535
2 0.5786458253860474 0.07824073731899261 0.02083333395421505 0.02500000037252903
7 0.48750001192092896 0.7467592358589172 0.01770833320915699 0.08611111342906952
1 0.5583333373069763 0.08611111342906952 0.01354166679084301 0.009259259328246117
7 0.8018229007720947 0.1884259283542633 0.013020833022892475 0.01944444514811039
8 0.48776042461395264 0.8518518805503845 0.008854166604578495 0.10185185074806213
1 0.5184895992279053 0.08657407760620117 0.013020833022892475 0.008333333767950535
0 0.4098958373069763 0.3296296298503876 0.0062500000931322575 0.018518518656492233
0 0.5067708492279053 0.18796296417713165 0.0020833334419876337 0.018518518656492233
0 0.45781248807907104 0.13379628956317902 0.0020833334419876337 0.013888888992369175
0 0.15468749403953552 0.1458333283662796 0.004166666883975267 0.010185184888541698
0 0.78515625 0.20370370149612427 0.00572916679084301 0.020370369777083397
0 0.46302083134651184 0.09490741044282913 0.0010416667209938169 0.010185184888541698
0 0.37317708134651184 0.5143518447875977 0.008854166604578495 0.043518517166376114
0 0.4677083194255829 0.09907407313585281 0.0010416667209938169 0.011111111380159855
0 0.4596354067325592 0.10231481492519379 0.0015625000232830644 0.006481481250375509
0 0.7354166507720947 0.12175925821065903 0.0031250000465661287 0.012037036940455437
0 0.43697917461395264 0.23287037014961243 0.0031250000465661287 0.023148147389292717
0 0.4619791805744171 0.09212963283061981 0.0010416667209938169 0.010185184888541698
0 0.659375011920929 0.10370370000600815 0.0020833334419876337 0.011111111380159855
0 0.7164062261581421 0.11157407611608505 0.0026041667442768812 0.012037036940455437
0 0.42578125 0.26851850748062134 0.0036458333488553762 0.018518518656492233
0 0.4984374940395355 0.1050925925374031 0.0010416667209938169 0.008333333767950535
0 0.7473958134651184 0.15231481194496155 0.004166666883975267 0.015740741044282913
0 0.9208333492279053 0.2231481522321701 0.008333333767950535 0.02222222276031971
0 0.4976562559604645 0.08148147910833359 0.0015625000232830644 0.009259259328246117
0 0.5093749761581421 0.2004629671573639 0.0020833334419876337 0.01944444514811039
0 0.44453126192092896 0.08749999850988388 0.0015625000232830644 0.010185184888541698
0 0.703906238079071 0.08564814925193787 0.0026041667442768812 0.010185184888541698
0 0.6890624761581421 0.13750000298023224 0.0031250000465661287 0.008333333767950535
0 0.5049479007720947 0.08194444328546524 0.0005208333604969084 0.008333333767950535
0 0.780468761920929 0.19953703880310059 0.00572916679084301 0.012037036940455437
0 0.46171873807907104 0.09907407313585281 0.0015625000232830644 0.011111111380159855
0 0.8393229246139526 0.23657406866550446 0.0078125 0.023148147389292717
0 0.4611979126930237 0.09351851791143417 0.0015625000232830644 0.009259259328246117
0 0.5059896111488342 0.08101851493120193 0.0005208333604969084 0.008333333767950535
0 0.4216145873069763 0.22268518805503845 0.0036458333488553762 0.021296296268701553
0 0.671875 0.08703703433275223 0.0020833334419876337 0.009259259328246117
0 0.5106770992279053 0.4069444537162781 0.004687500186264515 0.03611111268401146
0 0.3854166567325592 0.5027777552604675 0.00937500037252903 0.04259259253740311
0 0.5231770873069763 0.28240740299224854 0.0036458333488553762 0.025925925001502037
0 0.4580729305744171 0.11249999701976776 0.0015625000232830644 0.012037036940455437
0 0.4151041805744171 0.3768518567085266 0.0062500000931322575 0.03333333507180214
0 0.39453125 0.2231481522321701 0.0036458333488553762 0.02222222276031971
1 0.21588541567325592 0.20324073731899261 0.02864583395421505 0.01944444514811039
4 0.49609375 0.5287036895751953 0.06302083283662796 0.4296296238899231
4 0.08645833283662796 0.18009258806705475 0.12083332985639572 0.09537036716938019
4 0.6630208492279053 0.16249999403953552 0.1458333283662796 0.034259259700775146
