1 0.2252604216337204 0.19629628956317902 0.02760416641831398 0.018518518656492233
4 0.49661457538604736 0.47962963581085205 0.05572916567325592 0.3722222149372101
4 0.10000000149011612 0.17407406866550446 0.11354167014360428 0.09074074029922485
4 0.6583333611488342 0.1578703671693802 0.14166666567325592 0.032407406717538834
2 0.8463541865348816 0.19814814627170563 0.05416666716337204 0.06481481343507767
8 0.6773437261581421 0.08194444328546524 0.00572916679084301 0.008333333767950535
2 0.538281261920929 0.07685185223817825 0.01927083358168602 0.024074073880910873
8 0.4898437559604645 0.8597221970558167 0.02031249925494194 0.09166666865348816
1 0.45703125 0.2847222089767456 0.01614583283662796 0.034259259700775146
7 0.508593738079071 0.08287037163972855 0.00572916679084301 0.008333333767950535
2 0.577343761920929 0.07685185223817825 0.02031249925494194 0.024074073880910873
7 0.16093750298023224 0.08148147910833359 0.0062500000931322575 0.009259259328246117
7 0.4885416626930237 0.667129635810852 0.015625 0.07500000298023224
1 0.5575520992279053 0.08472222089767456 0.013020833022892475 0.008333333767950535
7 0.7903645634651184 0.1805555522441864 0.01197916641831398 0.018518518656492233
8 0.48880207538604736 0.7490741014480591 0.0078125 0.08703703433275223
1 0.5182291865348816 0.08472222089767456 0.012500000186264515 0.008333333767950535
0 0.41484373807907104 0.3115740716457367 0.00572916679084301 0.017592592164874077
0 0.5067708492279053 0.182407408952713 0.0020833334419876337 0.018518518656492233
0 0.45885416865348816 0.130092591047287 0.0020833334419876337 0.013888888992369175
0 0.1627604216337204 0.14212962985038757 0.0036458333488553762 0.010185184888541698
0 0.7752603888511658 0.19583334028720856 0.00572916679084301 0.01944444514811039
0 0.4635416567325592 0.09305555373430252 0.0010416667209938169 0.010185184888541698
0 0.3828125 0.4722222089767456 0.0072916666977107525 0.040740739554166794
0 0.4684895873069763 0.0972222238779068 0.0015625000232830644 0.011111111380159855
0 0.46015626192092896 0.10046296566724777 0.0015625000232830644 0.006481481250375509
0 0.7309895753860474 0.11898148059844971 0.0036458333488553762 0.012037036940455437
0 0.43958333134651184 0.22361111640930176 0.0031250000465661287 0.021296296268701553
0 0.46276041865348816 0.0902777761220932 0.0015625000232830644 0.010185184888541698
0 0.6567708253860474 0.10092592239379883 0.0020833334419876337 0.011111111380159855
0 0.7124999761581421 0.10925926268100739 0.0031250000465661287 0.011111111380159855
0 0.42890626192092896 0.2569444477558136 0.0036458333488553762 0.017592592164874077
0 0.4986979067325592 0.10277777910232544 0.0015625000232830644 0.007407407276332378
0 0.7406250238418579 0.14814814925193787 0.004166666883975267 0.014814814552664757
0 0.90625 0.2152777761220932 0.008333333767950535 0.021296296268701553
0 0.4973958432674408 0.08055555820465088 0.0010416667209938169 0.009259259328246117
0 0.5093749761581421 0.19398148357868195 0.0020833334419876337 0.01944444514811039
0 0.44479167461395264 0.08611111342906952 0.0010416667209938169 0.009259259328246117
0 0.7015625238418579 0.08425925672054291 0.0020833334419876337 0.009259259328246117
0 0.684374988079071 0.13379628956317902 0.0031250000465661287 0.008333333767950535
0 0.5057291388511658 0.08055555820465088 0.0010416667209938169 0.009259259328246117
0 0.7708333134651184 0.19212962687015533 0.0052083334885537624 0.012037036940455437
0 0.4622395932674408 0.09675925970077515 0.0015625000232830644 0.010185184888541698
0 0.8278645873069763 0.2273148149251938 0.0078125 0.021296296268701553
0 0.4619791805744171 0.09212963283061981 0.0010416667209938169 0.010185184888541698
0 0.5062500238418579 0.07962962985038757 0.0010416667209938169 0.009259259328246117
0 0.42578125 0.2143518477678299 0.0036458333488553762 0.021296296268701553
0 0.6692708134651184 0.08518518507480621 0.0020833334419876337 0.009259259328246117
0 0.5098958611488342 0.3810185194015503 0.0052083334885537624 0.034259259700775146
0 0.3934895694255829 0.46574074029922485 0.008854166604578495 0.040740739554166794
0 0.5221354365348816 0.2699074149131775 0.0036458333488553762 0.02500000037252903
0 0.45885416865348816 0.10972221940755844 0.0010416667209938169 0.012037036940455437
0 0.4203124940395355 0.35277777910232544 0.0052083334885537624 0.031481482088565826
0 0.3971354067325592 0.21481481194496155 0.0036458333488553762 0.020370369777083397
1 0.2252604216337204 0.19629628956317902 0.02760416641831398 0.018518518656492233
4 0.49661457538604736 0.47962963581085205 0.05572916567325592 0.3722222149372101
4 0.10000000149011612 0.17407406866550446 0.11354167014360428 0.09074074029922485
4 0.6583333611488342 0.1578703671693802 0.14166666567325592 0.032407406717538834
