1 0.22083333134651184 0.19953703880310059 0.02812499925494194 0.01944444514811039
4 0.4963541626930237 0.5032407641410828 0.05937499925494194 0.39907407760620117
4 0.09322916716337204 0.17731481790542603 0.11666666716337204 0.09351851791143417
4 0.6606770753860474 0.16018518805503845 0.1432291716337204 0.03333333507180214
2 0.8544270992279053 0.20324073731899261 0.05572916567325592 0.06759259104728699
8 0.6778646111488342 0.0824074074625969 0.00572916679084301 0.009259259328246117
2 0.538281261920929 0.07777778059244156 0.01927083358168602 0.024074073880910873
8 0.48906248807907104 0.9231481552124023 0.02187499962747097 0.10000000149011612
1 0.4557291567325592 0.29305556416511536 0.01666666753590107 0.03611111268401146
7 0.5078125 0.08379629999399185 0.0062500000931322575 0.008333333767950535
2 0.578125 0.07777778059244156 0.02083333395421505 0.024074073880910873
7 0.08776041865348816 0.10648148506879807 0.008854166604578495 0.009259259328246117
7 0.4880208373069763 0.7046296000480652 0.01666666753590107 0.07962962985038757
1 0.5580729246139526 0.08564814925193787 0.013020833022892475 0.008333333767950535
7 0.7958333492279053 0.18425926566123962 0.012500000186264515 0.018518518656492233
8 0.4885416626930237 0.7972221970558167 0.008333333767950535 0.09444444626569748
1 0.5184895992279053 0.08564814925193787 0.013020833022892475 0.008333333767950535
0 0.41223958134651184 0.3203703761100769 0.00572916679084301 0.018518518656492233
0 0.5067708492279053 0.18518517911434174 0.0020833334419876337 0.018518518656492233
0 0.4583333432674408 0.1319444477558136 0.0020833334419876337 0.013888888992369175
0 0.1588541716337204 0.14398148655891418 0.004166666883975267 0.010185184888541698
0 0.7802083492279053 0.19953703880310059 0.0062500000931322575 0.01944444514811039
0 0.4632812440395355 0.09398148208856583 0.0015625000232830644 0.010185184888541698
0 0.37812501192092896 0.49259260296821594 0.008333333767950535 0.04259259253740311
0 0.46822917461395264 0.09814814478158951 0.0010416667209938169 0.011111111380159855
0 0.4598958194255829 0.10138888657093048 0.0020833334419876337 0.006481481250375509
0 0.7333333492279053 0.12037037312984467 0.0031250000465661287 0.012962962500751019
0 0.4385416805744171 0.22777777910232544 0.0031250000465661287 0.02222222276031971
0 0.4625000059604645 0.0912037044763565 0.0010416667209938169 0.010185184888541698
0 0.6583333611488342 0.10185185074806213 0.0020833334419876337 0.011111111380159855
0 0.7145833373069763 0.1101851835846901 0.0031250000465661287 0.011111111380159855
0 0.42760416865348816 0.26249998807907104 0.0031250000465661287 0.017592592164874077
0 0.4984374940395355 0.10370370000600815 0.0010416667209938169 0.007407407276332378
0 0.7440103888511658 0.15000000596046448 0.004687500186264515 0.014814814552664757
0 0.9135416746139526 0.21898147463798523 0.008333333767950535 0.021296296268701553
0 0.4973958432674408 0.08101851493120193 0.0010416667209938169 0.008333333767950535
0 0.5093749761581421 0.19722221791744232 0.0020833334419876337 0.018518518656492233
0 0.44479167461395264 0.08657407760620117 0.0010416667209938169 0.010185184888541698
0 0.7028645873069763 0.08518518507480621 0.0026041667442768812 0.009259259328246117
0 0.686718761920929 0.13564814627170563 0.0036458333488553762 0.008333333767950535
0 0.5052083134651184 0.08148147910833359 0.0010416667209938169 0.009259259328246117
0 0.7757812738418579 0.19583334028720856 0.00572916679084301 0.012037036940455437
0 0.4619791805744171 0.09814814478158951 0.0010416667209938169 0.011111111380159855
0 0.8335937261581421 0.23148147761821747 0.0078125 0.02222222276031971
0 0.46171873807907104 0.09305555373430252 0.0015625000232830644 0.010185184888541698
0 0.5062500238418579 0.08055555820465088 0.0010416667209938169 0.009259259328246117
0 0.42369791865348816 0.21898147463798523 0.0036458333488553762 0.021296296268701553
0 0.6705729365348816 0.08611111342906952 0.0015625000232830644 0.009259259328246117
0 0.5104166865348816 0.39351850748062134 0.0052083334885537624 0.035185184329748154
0 0.38984376192092896 0.48379629850387573 0.008854166604578495 0.0416666679084301
0 0.522656261920929 0.2759259343147278 0.0036458333488553762 0.025925925001502037
0 0.4585937559604645 0.1111111119389534 0.0015625000232830644 0.011111111380159855
0 0.41796875 0.3643518388271332 0.00572916679084301 0.032407406717538834
0 0.3958333432674408 0.21898147463798523 0.004166666883975267 0.021296296268701553
1 0.22083333134651184 0.19953703880310059 0.02812499925494194 0.01944444514811039
4 0.4963541626930237 0.5032407641410828 0.05937499925494194 0.39907407760620117
4 0.09322916716337204 0.17731481790542603 0.11666666716337204 0.09351851791143417
4 0.6606770753860474 0.16018518805503845 0.1432291716337204 0.03333333507180214
