1 0.22760416567325592 0.1944444477558136 0.02708333358168602 0.018518518656492233
4 0.49661457538604736 0.46898147463798523 0.0546875 0.3601851761341095
4 0.10312499850988388 0.1726851910352707 0.11145833134651184 0.08981481194496155
4 0.6572916507720947 0.15601852536201477 0.140625 0.032407406717538834
2 0.8427083492279053 0.19583334028720856 0.05312500149011612 0.06388889253139496
8 0.6770833134651184 0.08148147910833359 0.0052083334885537624 0.009259259328246117
2 0.5377604365348816 0.07685185223817825 0.01927083358168602 0.024074073880910873
8 0.49036458134651184 0.831944465637207 0.01927083358168602 0.08796296268701553
1 0.45755207538604736 0.2805555462837219 0.015104166232049465 0.03333333507180214
7 0.5091145634651184 0.08287037163972855 0.00572916679084301 0.008333333767950535
2 0.577343761920929 0.07685185223817825 0.02031249925494194 0.024074073880910873
7 0.16249999403953552 0.08101851493120193 0.0062500000931322575 0.008333333767950535
7 0.48880207538604736 0.6499999761581421 0.015104166232049465 0.07222222536802292
1 0.5572916865348816 0.08379629999399185 0.01354166679084301 0.008333333767950535
7 0.7877604365348816 0.17870371043682098 0.01197916641831398 0.018518518656492233
8 0.4893229305744171 0.727314829826355 0.0078125 0.08425925672054291
1 0.5182291865348816 0.08472222089767456 0.012500000186264515 0.008333333767950535
0 0.41588541865348816 0.30694442987442017 0.00572916679084301 0.017592592164874077
0 0.5067708492279053 0.18101851642131805 0.0020833334419876337 0.017592592164874077
0 0.45911458134651184 0.12916666269302368 0.0015625000232830644 0.013888888992369175
0 0.16458334028720856 0.14120370149612427 0.004166666883975267 0.010185184888541698
0 0.772656261920929 0.1944444477558136 0.00572916679084301 0.018518518656492233
0 0.4635416567325592 0.09212963283061981 0.0010416667209938169 0.010185184888541698
0 0.38489583134651184 0.4625000059604645 0.0072916666977107525 0.03981481492519379
0 0.4684895873069763 0.09675925970077515 0.0015625000232830644 0.010185184888541698
0 0.46015626192092896 0.10000000149011612 0.0015625000232830644 0.0055555556900799274
0 0.729687511920929 0.11851851642131805 0.0031250000465661287 0.012962962500751019
0 0.4401041567325592 0.22083333134651184 0.0031250000465661287 0.021296296268701553
0 0.46302083134651184 0.08981481194496155 0.0010416667209938169 0.009259259328246117
0 0.65625 0.10046296566724777 0.0020833334419876337 0.010185184888541698
0 0.711718738079071 0.10879629850387573 0.0026041667442768812 0.012037036940455437
0 0.4299479126930237 0.25462964177131653 0.0036458333488553762 0.01666666753590107
0 0.4986979067325592 0.10231481492519379 0.0015625000232830644 0.008333333767950535
0 0.7388020753860474 0.14722222089767456 0.004687500186264515 0.014814814552664757
0 0.9028645753860474 0.21296297013759613 0.0078125 0.020370369777083397
0 0.4973958432674408 0.08009259402751923 0.0010416667209938169 0.008333333767950535
0 0.5093749761581421 0.192592591047287 0.0020833334419876337 0.018518518656492233
0 0.44479167461395264 0.08518518507480621 0.0010416667209938169 0.009259259328246117
0 0.7007812261581421 0.0833333358168602 0.0026041667442768812 0.009259259328246117
0 0.6833333373069763 0.1328703761100769 0.0031250000465661287 0.008333333767950535
0 0.5057291388511658 0.08009259402751923 0.0010416667209938169 0.008333333767950535
0 0.768750011920929 0.19074073433876038 0.0052083334885537624 0.011111111380159855
0 0.4625000059604645 0.09675925970077515 0.0010416667209938169 0.010185184888541698
0 0.824999988079071 0.22499999403953552 0.0072916666977107525 0.02222222276031971
0 0.4619791805744171 0.0912037044763565 0.0010416667209938169 0.010185184888541698
0 0.234375 0.10462962836027145 0.0031250000465661287 0.011111111380159855
0 0.5062500238418579 0.07916666567325592 0.0010416667209938169 0.008333333767950535
0 0.4268229305744171 0.21250000596046448 0.0036458333488553762 0.021296296268701553
0 0.6684895753860474 0.08518518507480621 0.0015625000232830644 0.009259259328246117
0 0.5098958611488342 0.37546294927597046 0.0052083334885537624 0.034259259700775146
0 0.39531248807907104 0.45787036418914795 0.008333333767950535 0.03981481492519379
0 0.5218750238418579 0.2671296298503876 0.0031250000465661287 0.02500000037252903
0 0.45911458134651184 0.10925926268100739 0.0015625000232830644 0.011111111380159855
0 0.42135417461395264 0.3472222089767456 0.0052083334885537624 0.031481482088565826
0 0.39765626192092896 0.21296297013759613 0.0036458333488553762 0.020370369777083397
1 0.22760416567325592 0.1944444477558136 0.02708333358168602 0.018518518656492233
4 0.49661457538604736 0.46898147463798523 0.0546875 0.3601851761341095
4 0.10312499850988388 0.1726851910352707 0.11145833134651184 0.08981481194496155
4 0.6572916507720947 0.15601852536201477 0.140625 0.032407406717538834
