1 0.1822916716337204 0.22962963581085205 0.03333333507180214 0.02222222276031971
4 0.4945312440395355 0.7004629373550415 0.10468749701976776 0.5990740656852722
4 0.0559895820915699 0.20324073731899261 0.1119791641831398 0.1120370402932167
4 0.680468738079071 0.1805555522441864 0.16093750298023224 0.03703703731298447
2 0.9283854365348816 0.24722221493721008 0.07656250149011612 0.0833333358168602
8 0.6825520992279053 0.08796296268701553 0.00572916679084301 0.009259259328246117
2 0.5414062738418579 0.0833333358168602 0.02031249925494194 0.025925925001502037
1 0.44479167461395264 0.380092591047287 0.02187499962747097 0.049074072390794754
7 0.5005208253860474 0.08935185521841049 0.0062500000931322575 0.008333333767950535
2 0.5833333134651184 0.0833333358168602 0.02187499962747097 0.025925925001502037
1 0.5622395873069763 0.0912037044763565 0.01406249962747097 0.008333333767950535
7 0.8466145992279053 0.2171296328306198 0.01614583283662796 0.023148147389292717
1 0.520312488079071 0.09166666865348816 0.01354166679084301 0.009259259328246117
0 0.3903645873069763 0.40416666865348816 0.0078125 0.023148147389292717
0 0.5078125 0.2083333283662796 0.0020833334419876337 0.020370369777083397
0 0.45520833134651184 0.14629629254341125 0.0020833334419876337 0.014814814552664757
0 0.823437511920929 0.23240740597248077 0.0072916666977107525 0.02222222276031971
0 0.46145832538604736 0.10185185074806213 0.0010416667209938169 0.011111111380159855
0 0.32734376192092896 0.717129647731781 0.01406249962747097 0.05648148059844971
0 0.46666666865348816 0.10462962836027145 0.0010416667209938169 0.011111111380159855
0 0.9114583134651184 0.22499999403953552 0.008333333767950535 0.02222222276031971
0 0.45781248807907104 0.10925926268100739 0.0020833334419876337 0.007407407276332378
0 0.7523437738418579 0.1310185194015503 0.0036458333488553762 0.013888888992369175
0 0.42916667461395264 0.2689814865589142 0.004166666883975267 0.02500000037252903
0 0.4611979126930237 0.09814814478158951 0.0015625000232830644 0.011111111380159855
0 0.6705729365348816 0.11157407611608505 0.0026041667442768812 0.012037036940455437
0 0.7307291626930237 0.11898148059844971 0.0031250000465661287 0.012037036940455437
0 0.4156250059604645 0.3106481432914734 0.004166666883975267 0.01944444514811039
0 0.4989583194255829 0.11342592537403107 0.0010416667209938169 0.008333333767950535
0 0.7734375 0.1666666716337204 0.0052083334885537624 0.01666666753590107
0 0.9742187261581421 0.2527777850627899 0.010937499813735485 0.024074073880910873
0 0.4997395873069763 0.08611111342906952 0.0015625000232830644 0.009259259328246117
0 0.5111979246139526 0.22361111640930176 0.0026041667442768812 0.021296296268701553
0 0.44453126192092896 0.09305555373430252 0.0015625000232830644 0.010185184888541698
0 0.7059895992279053 0.15000000596046448 0.0036458333488553762 0.009259259328246117
0 0.5041666626930237 0.08657407760620117 0.0010416667209938169 0.010185184888541698
0 0.8174479007720947 0.22685185074806213 0.006770833395421505 0.012962962500751019
0 0.4598958194255829 0.10648148506879807 0.0010416667209938169 0.011111111380159855
0 0.8838541507720947 0.27037036418914795 0.00937500037252903 0.025925925001502037
0 0.4598958194255829 0.09907407313585281 0.0010416667209938169 0.011111111380159855
0 0.21302083134651184 0.11435185372829437 0.0031250000465661287 0.012037036940455437
0 0.5057291388511658 0.08564814925193787 0.0010416667209938169 0.010185184888541698
0 0.4065104126930237 0.2537037134170532 0.004687500186264515 0.024074073880910873
0 0.6822916865348816 0.09305555373430252 0.0020833334419876337 0.010185184888541698
0 0.3502604067325592 0.6703703999519348 0.01406249962747097 0.05370370298624039
0 0.5278645753860474 0.3296296298503876 0.0036458333488553762 0.029629629105329514
0 0.4559895694255829 0.11990740895271301 0.0015625000232830644 0.012037036940455437
0 0.39531248807907104 0.48055556416511536 0.0072916666977107525 0.040740739554166794
0 0.3856770694255829 0.25462964177131653 0.004687500186264515 0.024074073880910873
1 0.1822916716337204 0.22962963581085205 0.03333333507180214 0.02222222276031971
4 0.4945312440395355 0.7004629373550415 0.10468749701976776 0.5990740656852722
4 0.0559895820915699 0.20324073731899261 0.1119791641831398 0.1120370402932167
4 0.680468738079071 0.1805555522441864 0.16093750298023224 0.03703703731298447
