1 0.20468750596046448 0.21250000596046448 0.03020833246409893 0.01944444514811039
4 0.49609375 0.6037036776542664 0.07447917014360428 0.5222222208976746
4 0.06979166716337204 0.1884259283542633 0.1302083283662796 0.10092592239379883
4 0.6697916388511658 0.16898147761821747 0.1510416716337204 0.034259259700775146
2 0.885937511920929 0.2212962955236435 0.06458333134651184 0.07407407462596893
8 0.680468738079071 0.08518518507480621 0.00572916679084301 0.009259259328246117
2 0.5401041507720947 0.08009259402751923 0.01979166641831398 0.02500000037252903
1 0.4518229067325592 0.32870370149612427 0.01822916604578495 0.040740739554166794
7 0.5049479007720947 0.08657407760620117 0.00572916679084301 0.008333333767950535
2 0.5809895992279053 0.08009259402751923 0.02135416679084301 0.02500000037252903
7 0.4856770932674408 0.8745370507240295 0.02031249925494194 0.10648148506879807
1 0.5604166388511658 0.08796296268701553 0.01354166679084301 0.009259259328246117
7 0.8179687261581421 0.19814814627170563 0.01406249962747097 0.020370369777083397
8 0.4856770932674408 0.979629635810852 0.010937499813735485 0.040740739554166794
1 0.51953125 0.08842592686414719 0.013020833022892475 0.008333333767950535
0 0.4039062559604645 0.35462963581085205 0.006770833395421505 0.020370369777083397
0 0.5075520873069763 0.1953703761100769 0.0026041667442768812 0.018518518656492233
0 0.4572916626930237 0.1379629671573639 0.0020833334419876337 0.014814814552664757
0 0.14557291567325592 0.15000000596046448 0.004687500186264515 0.011111111380159855
0 0.7992187738418579 0.21388888359069824 0.006770833395421505 0.020370369777083397
0 0.46276041865348816 0.0972222238779068 0.0015625000232830644 0.011111111380159855
0 0.359375 0.5768518447875977 0.010416666977107525 0.04814814776182175
0 0.46796876192092896 0.10092592239379883 0.0015625000232830644 0.011111111380159855
0 0.8804687261581421 0.2074074000120163 0.0078125 0.020370369777083397
0 0.4593749940395355 0.1050925925374031 0.0020833334419876337 0.006481481250375509
0 0.7424479126930237 0.125 0.0036458333488553762 0.012962962500751019
0 0.4348958432674408 0.24537037312984467 0.0031250000465661287 0.024074073880910873
0 0.4622395932674408 0.09398148208856583 0.0015625000232830644 0.010185184888541698
0 0.6640625 0.10648148506879807 0.0020833334419876337 0.011111111380159855
0 0.7223958373069763 0.11435185372829437 0.0031250000465661287 0.012037036940455437
0 0.42265623807907104 0.28333333134651184 0.0036458333488553762 0.018518518656492233
0 0.4989583194255829 0.10787037014961243 0.0010416667209938169 0.008333333767950535
0 0.7575520873069763 0.15740740299224854 0.004687500186264515 0.01666666753590107
0 0.940625011920929 0.23379629850387573 0.00937500037252903 0.023148147389292717
0 0.4989583194255829 0.0833333358168602 0.0010416667209938169 0.009259259328246117
0 0.5106770992279053 0.20879629254341125 0.0026041667442768812 0.01944444514811039
0 0.4450520873069763 0.08935185521841049 0.0015625000232830644 0.010185184888541698
0 0.7080729007720947 0.08796296268701553 0.0026041667442768812 0.009259259328246117
0 0.6955729126930237 0.14212962985038757 0.0036458333488553762 0.008333333767950535
0 0.5052083134651184 0.0833333358168602 0.0010416667209938169 0.009259259328246117
0 0.7942708134651184 0.2092592567205429 0.0062500000931322575 0.012962962500751019
0 0.46145832538604736 0.10185185074806213 0.0010416667209938169 0.011111111380159855
0 0.8557291626930237 0.24861110746860504 0.008333333767950535 0.023148147389292717
0 0.4611979126930237 0.09583333134651184 0.0015625000232830644 0.010185184888541698
0 0.5062500238418579 0.0824074074625969 0.0010416667209938169 0.009259259328246117
0 0.4166666567325592 0.23379629850387573 0.004166666883975267 0.023148147389292717
0 0.6760416626930237 0.08935185521841049 0.0020833334419876337 0.010185184888541698
0 0.512499988079071 0.44398146867752075 0.0052083334885537624 0.037962961941957474
0 0.3747395873069763 0.5560185313224792 0.010937499813735485 0.04722222313284874
0 0.5255208611488342 0.29907408356666565 0.0031250000465661287 0.02777777798473835
0 0.45781248807907104 0.11527777463197708 0.0010416667209938169 0.012037036940455437
0 0.4088541567325592 0.41111111640930176 0.0062500000931322575 0.03703703731298447
0 0.3916666805744171 0.23425926268100739 0.004166666883975267 0.02222222276031971
1 0.20468750596046448 0.21250000596046448 0.03020833246409893 0.01944444514811039
4 0.49609375 0.6037036776542664 0.07447917014360428 0.5222222208976746
4 0.06979166716337204 0.1884259283542633 0.1302083283662796 0.10092592239379883
4 0.6697916388511658 0.16898147761821747 0.1510416716337204 0.034259259700775146
