1 0.2018229216337204 0.21481481194496155 0.03072916716337204 0.020370369777083397
4 0.4958333373069763 0.6222222447395325 0.07708333432674408 0.5462962985038757
4 0.06588541716337204 0.19027778506278992 0.13177083432674408 0.10277777910232544
4 0.671093761920929 0.17037037014961243 0.15260416269302368 0.035185184329748154
2 0.890625 0.22453702986240387 0.06562499701976776 0.07500000298023224
8 0.6809895634651184 0.08564814925193787 0.00572916679084301 0.008333333767950535
2 0.5403645634651184 0.08055555820465088 0.02031249925494194 0.024074073880910873
1 0.45104166865348816 0.3342592716217041 0.01875000074505806 0.04259259253740311
7 0.5041666626930237 0.08657407760620117 0.0062500000931322575 0.008333333767950535
2 0.5809895992279053 0.08009259402751923 0.02135416679084301 0.02500000037252903
7 0.48515623807907104 0.9064815044403076 0.02135416679084301 0.1111111119389534
1 0.5604166388511658 0.08842592686414719 0.01354166679084301 0.008333333767950535
7 0.8213541507720947 0.20092593133449554 0.014583333395421505 0.020370369777083397
1 0.51953125 0.08842592686414719 0.013020833022892475 0.008333333767950535
0 0.40234375 0.3601851761341095 0.006770833395421505 0.020370369777083397
0 0.5075520873069763 0.19675925374031067 0.0026041667442768812 0.01944444514811039
0 0.45703125 0.1388888955116272 0.0015625000232830644 0.014814814552664757
0 0.14348958432674408 0.1509259194135666 0.004687500186264515 0.011111111380159855
0 0.8018229007720947 0.21574074029922485 0.006770833395421505 0.020370369777083397
0 0.46276041865348816 0.09768518805503845 0.0015625000232830644 0.010185184888541698
0 0.35598957538604736 0.592129647731781 0.010937499813735485 0.049074072390794754
0 0.4677083194255829 0.10185185074806213 0.0010416667209938169 0.011111111380159855
0 0.8841145634651184 0.20972222089767456 0.0078125 0.021296296268701553
0 0.45911458134651184 0.10555555671453476 0.0015625000232830644 0.007407407276332378
0 0.7434895634651184 0.1259259283542633 0.0036458333488553762 0.012962962500751019
0 0.43411457538604736 0.2481481432914734 0.0036458333488553762 0.024074073880910873
0 0.4619791805744171 0.09490741044282913 0.0010416667209938169 0.010185184888541698
0 0.664843738079071 0.10694444179534912 0.0026041667442768812 0.012037036940455437
0 0.7229166626930237 0.11527777463197708 0.0031250000465661287 0.012037036940455437
0 0.421875 0.2865740656852722 0.004166666883975267 0.01944444514811039
0 0.4989583194255829 0.10879629850387573 0.0010416667209938169 0.008333333767950535
0 0.7596353888511658 0.1587962955236435 0.004687500186264515 0.015740741044282913
0 0.9447916746139526 0.2361111044883728 0.00937500037252903 0.02222222276031971
0 0.4989583194255829 0.08425925672054291 0.0010416667209938169 0.009259259328246117
0 0.5106770992279053 0.21064814925193787 0.0026041667442768812 0.021296296268701553
0 0.4450520873069763 0.08981481194496155 0.0015625000232830644 0.009259259328246117
0 0.7085937261581421 0.08796296268701553 0.0026041667442768812 0.009259259328246117
0 0.6968749761581421 0.14305555820465088 0.0031250000465661287 0.008333333767950535
0 0.504687488079071 0.08425925672054291 0.0010416667209938169 0.009259259328246117
0 0.796875 0.21111111342906952 0.0062500000931322575 0.012962962500751019
0 0.4611979126930237 0.10231481492519379 0.0015625000232830644 0.010185184888541698
0 0.8591145873069763 0.2509259283542633 0.008854166604578495 0.024074073880910873
0 0.4609375 0.09583333134651184 0.0010416667209938169 0.010185184888541698
0 0.5062500238418579 0.0833333358168602 0.0010416667209938169 0.009259259328246117
0 0.4156250059604645 0.2361111044883728 0.004166666883975267 0.02222222276031971
0 0.6770833134651184 0.08935185521841049 0.0020833334419876337 0.010185184888541698
0 0.512499988079071 0.4523148238658905 0.0052083334885537624 0.03981481492519379
0 0.3721354305744171 0.5680555701255798 0.010937499813735485 0.04722222313284874
0 0.5257812738418579 0.302314817905426 0.0036458333488553762 0.028703704476356506
0 0.45755207538604736 0.11527777463197708 0.0015625000232830644 0.012037036940455437
0 0.4072916805744171 0.4185185134410858 0.0062500000931322575 0.03703703731298447
0 0.39114582538604736 0.23657406866550446 0.004166666883975267 0.023148147389292717
1 0.2018229216337204 0.21481481194496155 0.03072916716337204 0.020370369777083397
4 0.4958333373069763 0.6222222447395325 0.07708333432674408 0.5462962985038757
4 0.06588541716337204 0.19027778506278992 0.13177083432674408 0.10277777910232544
4 0.671093761920929 0.17037037014961243 0.15260416269302368 0.035185184329748154
