1 0.1731770783662796 0.23657406866550446 0.03489583358168602 0.023148147389292717
4 0.4934895932674408 0.7143518328666687 0.12447916716337204 0.5712962746620178
4 0.05130208283662796 0.20972222089767456 0.10260416567325592 0.11574073880910873
4 0.6851562261581421 0.18472221493721008 0.16510416567325592 0.037962961941957474
2 0.9468749761581421 0.25833332538604736 0.08229167014360428 0.08703703433275223
8 0.6833333373069763 0.08981481194496155 0.0062500000931322575 0.009259259328246117
2 0.5419270992279053 0.08425925672054291 0.02135416679084301 0.025925925001502037
1 0.44140625 0.4037036895751953 0.0234375 0.05370370298624039
7 0.4984374940395355 0.09074074029922485 0.0062500000931322575 0.009259259328246117
2 0.5846354365348816 0.08425925672054291 0.02239583246409893 0.025925925001502037
1 0.5630208253860474 0.09259258955717087 0.014583333395421505 0.009259259328246117
7 0.858593761920929 0.22546295821666718 0.01718750037252903 0.023148147389292717
1 0.520312488079071 0.09259258955717087 0.01354166679084301 0.009259259328246117
0 0.3843750059604645 0.4268518388271332 0.008333333767950535 0.024074073880910873
0 0.5080729126930237 0.21388888359069824 0.0026041667442768812 0.020370369777083397
0 0.4541666805744171 0.14907407760620117 0.0020833334419876337 0.014814814552664757
0 0.12083332985639572 0.1615740805864334 0.0052083334885537624 0.012037036940455437
0 0.21276041865348816 0.11851851642131805 0.0036458333488553762 0.007407407276332378
0 0.8335937261581421 0.23981481790542603 0.0078125 0.02222222276031971
0 0.4609375 0.10324074327945709 0.0010416667209938169 0.010185184888541698
0 0.31041666865348816 0.7893518805503845 0.01666666753590107 0.06018518656492233
0 0.4664062559604645 0.10648148506879807 0.0015625000232830644 0.011111111380159855
0 0.9247395992279053 0.23240740597248077 0.008854166604578495 0.02222222276031971
0 0.4572916626930237 0.11064814776182175 0.0020833334419876337 0.006481481250375509
0 0.7565104365348816 0.13379628956317902 0.0036458333488553762 0.013888888992369175
0 0.4268229305744171 0.27916666865348816 0.0036458333488553762 0.026851851493120193
0 0.4606770873069763 0.10000000149011612 0.0015625000232830644 0.011111111380159855
0 0.6731770634651184 0.11342592537403107 0.0026041667442768812 0.012037036940455437
0 0.7338541746139526 0.12129629403352737 0.0031250000465661287 0.012962962500751019
0 0.4124999940395355 0.322685182094574 0.004166666883975267 0.021296296268701553
0 0.49921876192092896 0.11527777463197708 0.0015625000232830644 0.008333333767950535
0 0.7802083492279053 0.17037037014961243 0.0052083334885537624 0.01666666753590107
0 0.98828125 0.2606481611728668 0.010937499813735485 0.02500000037252903
0 0.5 0.08749999850988388 0.0010416667209938169 0.010185184888541698
0 0.5111979246139526 0.2300925999879837 0.0026041667442768812 0.021296296268701553
0 0.44453126192092896 0.09398148208856583 0.0015625000232830644 0.010185184888541698
0 0.710156261920929 0.1537037044763565 0.0036458333488553762 0.009259259328246117
0 0.5036458373069763 0.08796296268701553 0.0010416667209938169 0.009259259328246117
0 0.8270833492279053 0.23379629850387573 0.0072916666977107525 0.013888888992369175
0 0.45911458134651184 0.10833333432674408 0.0015625000232830644 0.011111111380159855
0 0.8955729007720947 0.2796296179294586 0.00989583320915699 0.025925925001502037
0 0.4593749940395355 0.10092592239379883 0.0010416667209938169 0.011111111380159855
0 0.20911458134651184 0.11620370298624039 0.0036458333488553762 0.012037036940455437
0 0.2854166626930237 0.08472222089767456 0.0020833334419876337 0.010185184888541698
0 0.5057291388511658 0.08703703433275223 0.0010416667209938169 0.009259259328246117
0 0.40234375 0.26249998807907104 0.004687500186264515 0.02500000037252903
0 0.6846354007720947 0.09398148208856583 0.0026041667442768812 0.010185184888541698
0 0.33802083134651184 0.7263888716697693 0.015625 0.05648148059844971
0 0.5286458134651184 0.34259259700775146 0.004166666883975267 0.031481482088565826
0 0.4554687440395355 0.12222222238779068 0.0015625000232830644 0.012962962500751019
0 0.3890624940395355 0.5134259462356567 0.008333333767950535 0.043518517166376114
0 0.3830729126930237 0.26342591643333435 0.004687500186264515 0.02500000037252903
1 0.1731770783662796 0.23657406866550446 0.03489583358168602 0.023148147389292717
4 0.4934895932674408 0.7143518328666687 0.12447916716337204 0.5712962746620178
4 0.05130208283662796 0.20972222089767456 0.10260416567325592 0.11574073880910873
4 0.6851562261581421 0.18472221493721008 0.16510416567325592 0.037962961941957474
