1 0.15651041269302368 0.2490740716457367 0.03697916492819786 0.024074073880910873
4 0.49010416865348816 0.7425925731658936 0.18125000596046448 0.5148147940635681
4 0.04296875 0.2212962955236435 0.0859375 0.1240740716457367
4 0.6934896111488342 0.19398148357868195 0.17239584028720856 0.03981481492519379
2 0.967968761920929 0.2796296179294586 0.06406249850988388 0.0962962955236435
8 0.6848958134651184 0.09166666865348816 0.0062500000931322575 0.009259259328246117
2 0.5432291626930237 0.08657407760620117 0.02187499962747097 0.026851851493120193
1 0.43567708134651184 0.4495370388031006 0.02656250074505806 0.06203703582286835
7 0.4958333373069763 0.09259258955717087 0.0062500000931322575 0.009259259328246117
2 0.586718738079071 0.08611111342906952 0.02239583246409893 0.025925925001502037
1 0.5645833611488342 0.09444444626569748 0.014583333395421505 0.009259259328246117
7 0.8815104365348816 0.24027778208255768 0.01927083358168602 0.02500000037252903
1 0.5210937261581421 0.09490741044282913 0.01406249962747097 0.010185184888541698
0 0.3723958432674408 0.4703703820705414 0.00937500037252903 0.025925925001502037
0 0.508593738079071 0.2240740805864334 0.0026041667442768812 0.02222222276031971
0 0.45260417461395264 0.15509259700775146 0.0020833334419876337 0.015740741044282913
0 0.8528645634651184 0.25462964177131653 0.008854166604578495 0.024074073880910873
0 0.46015626192092896 0.10648148506879807 0.0015625000232830644 0.011111111380159855
0 0.2731770873069763 0.9504629373550415 0.02239583246409893 0.06759259104728699
0 0.4658854305744171 0.10925926268100739 0.0015625000232830644 0.011111111380159855
0 0.94921875 0.24629630148410797 0.00989583320915699 0.024074073880910873
0 0.45651042461395264 0.11388888955116272 0.0015625000232830644 0.007407407276332378
0 0.7640625238418579 0.13750000298023224 0.004166666883975267 0.013888888992369175
0 0.42265623807907104 0.29814815521240234 0.004687500186264515 0.02777777798473835
0 0.46015626192092896 0.10277777910232544 0.0015625000232830644 0.011111111380159855
0 0.6781250238418579 0.11712963134050369 0.0020833334419876337 0.012037036940455437
0 0.7403646111488342 0.125 0.0036458333488553762 0.012962962500751019
0 0.40703123807907104 0.34490740299224854 0.004687500186264515 0.021296296268701553
0 0.4997395873069763 0.1180555522441864 0.0015625000232830644 0.008333333767950535
0 0.792187511920929 0.17731481790542603 0.0052083334885537624 0.017592592164874077
0 0.5010416507720947 0.08935185521841049 0.0010416667209938169 0.010185184888541698
0 0.5122395753860474 0.24120371043682098 0.0026041667442768812 0.023148147389292717
0 0.44453126192092896 0.09675925970077515 0.0015625000232830644 0.010185184888541698
0 0.7182291746139526 0.15925925970077515 0.004166666883975267 0.009259259328246117
0 0.503125011920929 0.08981481194496155 0.0010416667209938169 0.009259259328246117
0 0.8455728888511658 0.24768517911434174 0.0078125 0.013888888992369175
0 0.4585937559604645 0.11157407611608505 0.0015625000232830644 0.012037036940455437
0 0.9182291626930237 0.2967592477798462 0.01145833358168602 0.028703704476356506
0 0.4585937559604645 0.10324074327945709 0.0015625000232830644 0.010185184888541698
0 0.20208333432674408 0.11944444477558136 0.004166666883975267 0.012962962500751019
0 0.28203123807907104 0.08796296268701553 0.0026041667442768812 0.009259259328246117
0 0.5052083134651184 0.08888889104127884 0.0010416667209938169 0.009259259328246117
0 0.3947916626930237 0.27824074029922485 0.0052083334885537624 0.026851851493120193
0 0.6893228888511658 0.09675925970077515 0.0026041667442768812 0.010185184888541698
0 0.3122395873069763 0.8472222089767456 0.01927083358168602 0.06296296417713165
0 0.5309895873069763 0.36759260296821594 0.004687500186264515 0.03333333507180214
0 0.4544270932674408 0.12546296417713165 0.0015625000232830644 0.013888888992369175
0 0.3760416805744171 0.5796296000480652 0.00937500037252903 0.04814814776182175
0 0.3786458373069763 0.2796296179294586 0.0052083334885537624 0.025925925001502037
1 0.15651041269302368 0.2490740716457367 0.03697916492819786 0.024074073880910873
4 0.49010416865348816 0.7425925731658936 0.18125000596046448 0.5148147940635681
4 0.04296875 0.2212962955236435 0.0859375 0.1240740716457367
4 0.6934896111488342 0.19398148357868195 0.17239584028720856 0.03981481492519379
