1 0.17005208134651184 0.23888888955116272 0.03489583358168602 0.02222222276031971
4 0.4932291805744171 0.7194444537162781 0.13229165971279144 0.5611110925674438
4 0.04973958432674408 0.21157407760620117 0.09947916865348816 0.11759259551763535
4 0.6864583492279053 0.1865740716457367 0.1666666716337204 0.037962961941957474
2 0.9533854126930237 0.2620370388031006 0.08385416865348816 0.08888889104127884
8 0.68359375 0.08981481194496155 0.00572916679084301 0.009259259328246117
2 0.542187511920929 0.08472222089767456 0.02083333395421505 0.026851851493120193
1 0.44062501192092896 0.41203704476356506 0.02395833283662796 0.0555555559694767
7 0.49791666865348816 0.0912037044763565 0.0062500000931322575 0.008333333767950535
2 0.5848958492279053 0.08425925672054291 0.02187499962747097 0.025925925001502037
1 0.563281238079071 0.09259258955717087 0.01406249962747097 0.009259259328246117
7 0.8627604246139526 0.22777777910232544 0.01718750037252903 0.024074073880910873
1 0.5205729007720947 0.09351851791143417 0.01406249962747097 0.009259259328246117
0 0.38203126192092896 0.4347222149372101 0.008854166604578495 0.02500000037252903
0 0.5080729126930237 0.2162037044763565 0.0026041667442768812 0.021296296268701553
0 0.45364582538604736 0.15046297013759613 0.0020833334419876337 0.015740741044282913
0 0.21119791269302368 0.11944444477558136 0.0036458333488553762 0.007407407276332378
0 0.8372395634651184 0.2421296238899231 0.0078125 0.023148147389292717
0 0.4606770873069763 0.10370370000600815 0.0015625000232830644 0.011111111380159855
0 0.3044270873069763 0.8166666626930237 0.01718750037252903 0.06111111119389534
0 0.4661458432674408 0.10694444179534912 0.0010416667209938169 0.012037036940455437
0 0.9291666746139526 0.2351851910352707 0.00937500037252903 0.02222222276031971
0 0.45703125 0.11157407611608505 0.0015625000232830644 0.006481481250375509
0 0.7580729126930237 0.13425925374031067 0.0036458333488553762 0.012962962500751019
0 0.4260416626930237 0.28240740299224854 0.004166666883975267 0.025925925001502037
0 0.4606770873069763 0.10000000149011612 0.0015625000232830644 0.011111111380159855
0 0.6742187738418579 0.11435185372829437 0.0026041667442768812 0.012037036940455437
0 0.735156238079071 0.12175925821065903 0.0036458333488553762 0.012037036940455437
0 0.4117187559604645 0.3263888955116272 0.004687500186264515 0.021296296268701553
0 0.49921876192092896 0.11527777463197708 0.0015625000232830644 0.008333333767950535
0 0.7822916507720947 0.17175926268100739 0.0052083334885537624 0.017592592164874077
0 0.9932291507720947 0.26342591643333435 0.01145833358168602 0.02500000037252903
0 0.5002604126930237 0.08796296268701553 0.0015625000232830644 0.009259259328246117
0 0.51171875 0.23240740597248077 0.0026041667442768812 0.02222222276031971
0 0.44453126192092896 0.09490741044282913 0.0015625000232830644 0.010185184888541698
0 0.711718738079071 0.1546296328306198 0.0036458333488553762 0.009259259328246117
0 0.5036458373069763 0.08842592686414719 0.0010416667209938169 0.010185184888541698
0 0.8307291865348816 0.23657406866550446 0.0072916666977107525 0.013888888992369175
0 0.45911458134651184 0.10879629850387573 0.0015625000232830644 0.012037036940455437
0 0.8997395634651184 0.2828703820705414 0.00989583320915699 0.026851851493120193
0 0.45911458134651184 0.10092592239379883 0.0015625000232830644 0.011111111380159855
0 0.20755209028720856 0.11712963134050369 0.0036458333488553762 0.012037036940455437
0 0.28463542461395264 0.08518518507480621 0.0026041667442768812 0.009259259328246117
0 0.5052083134651184 0.08703703433275223 0.0010416667209938169 0.009259259328246117
0 0.4010416567325592 0.26527777314186096 0.0052083334885537624 0.02500000037252903
0 0.6854166388511658 0.09490741044282913 0.0020833334419876337 0.010185184888541698
0 0.3335937559604645 0.7472222447395325 0.01614583283662796 0.05740740895271301
0 0.5291666388511658 0.3472222089767456 0.004166666883975267 0.031481482088565826
0 0.4554687440395355 0.12268518656492233 0.0015625000232830644 0.012037036940455437
0 0.3869791626930237 0.5249999761581421 0.008333333767950535 0.04444444552063942
0 0.38229167461395264 0.26620370149612427 0.0052083334885537624 0.02500000037252903
1 0.17005208134651184 0.23888888955116272 0.03489583358168602 0.02222222276031971
4 0.4932291805744171 0.7194444537162781 0.13229165971279144 0.5611110925674438
4 0.04973958432674408 0.21157407760620117 0.09947916865348816 0.11759259551763535
4 0.6864583492279053 0.1865740716457367 0.1666666716337204 0.037962961941957474
