1 0.15937499701976776 0.24675926566123962 0.0364583320915699 0.023148147389292717
4 0.4908854067325592 0.7365740537643433 0.16614583134651184 0.5268518328666687
4 0.04453124850988388 0.21898147463798523 0.08906249701976776 0.12314815074205399
4 0.6911458373069763 0.19166666269302368 0.17083333432674408 0.03888889029622078
2 0.9643229246139526 0.2750000059604645 0.07135416567325592 0.09444444626569748
8 0.6841145753860474 0.09074074029922485 0.00572916679084301 0.009259259328246117
2 0.5424479246139526 0.08611111342906952 0.02135416679084301 0.025925925001502037
1 0.4364583194255829 0.4393518567085266 0.02604166604578495 0.06018518656492233
7 0.4958333373069763 0.09212963283061981 0.0062500000931322575 0.008333333767950535
2 0.5856770873069763 0.08564814925193787 0.02239583246409893 0.026851851493120193
1 0.5638020634651184 0.09444444626569748 0.01406249962747097 0.009259259328246117
7 0.8760416507720947 0.23657406866550446 0.01875000074505806 0.02500000037252903
1 0.5205729007720947 0.09444444626569748 0.01406249962747097 0.009259259328246117
0 0.37447917461395264 0.4611110985279083 0.00937500037252903 0.025925925001502037
0 0.5080729126930237 0.22175925970077515 0.0026041667442768812 0.021296296268701553
0 0.45260417461395264 0.1537037044763565 0.0020833334419876337 0.014814814552664757
0 0.20651040971279144 0.12129629403352737 0.0036458333488553762 0.007407407276332378
0 0.848437488079071 0.2509259283542633 0.008333333767950535 0.024074073880910873
0 0.4598958194255829 0.10555555671453476 0.0010416667209938169 0.011111111380159855
0 0.28177082538604736 0.9129629731178284 0.02083333395421505 0.06666667014360428
0 0.46536457538604736 0.10879629850387573 0.0015625000232830644 0.012037036940455437
0 0.9434896111488342 0.2430555522441864 0.00989583320915699 0.023148147389292717
0 0.45625001192092896 0.11296296119689941 0.0020833334419876337 0.007407407276332378
0 0.7619791626930237 0.13657407462596893 0.004166666883975267 0.013888888992369175
0 0.4229166805744171 0.29398149251937866 0.004166666883975267 0.026851851493120193
0 0.4596354067325592 0.10185185074806213 0.0015625000232830644 0.011111111380159855
0 0.676562488079071 0.11620370298624039 0.0020833334419876337 0.012037036940455437
0 0.73828125 0.1240740716457367 0.0036458333488553762 0.012962962500751019
0 0.4075520932674408 0.3402777910232544 0.004687500186264515 0.021296296268701553
0 0.49921876192092896 0.11712963134050369 0.0015625000232830644 0.008333333767950535
0 0.7890625 0.17546296119689941 0.0052083334885537624 0.017592592164874077
0 0.5002604126930237 0.08935185521841049 0.0015625000232830644 0.010185184888541698
0 0.51171875 0.23935185372829437 0.0026041667442768812 0.023148147389292717
0 0.4440104067325592 0.09583333134651184 0.0015625000232830644 0.010185184888541698
0 0.7158854007720947 0.15833333134651184 0.0036458333488553762 0.009259259328246117
0 0.5026041865348816 0.08935185521841049 0.0010416667209938169 0.010185184888541698
0 0.8408854007720947 0.244907408952713 0.0078125 0.013888888992369175
0 0.4580729305744171 0.11064814776182175 0.0015625000232830644 0.012037036940455437
0 0.9127604365348816 0.2925925850868225 0.010937499813735485 0.02777777798473835
0 0.4583333432674408 0.10277777910232544 0.0010416667209938169 0.011111111380159855
0 0.20286458730697632 0.11898148059844971 0.0036458333488553762 0.012037036940455437
0 0.504687488079071 0.08842592686414719 0.0010416667209938169 0.010185184888541698
0 0.3958333432674408 0.2750000059604645 0.0052083334885537624 0.025925925001502037
0 0.6877604126930237 0.0962962955236435 0.0026041667442768812 0.011111111380159855
0 0.3177083432674408 0.8203703761100769 0.01875000074505806 0.06111111119389534
0 0.5302083492279053 0.36250001192092896 0.004166666883975267 0.032407406717538834
0 0.4544270932674408 0.125 0.0015625000232830644 0.012962962500751019
0 0.3786458373069763 0.5652777552604675 0.00937500037252903 0.04722222313284874
0 0.3791666626930237 0.2759259343147278 0.0052083334885537624 0.025925925001502037
1 0.15937499701976776 0.24675926566123962 0.0364583320915699 0.023148147389292717
4 0.4908854067325592 0.7365740537643433 0.16614583134651184 0.5268518328666687
4 0.04453124850988388 0.21898147463798523 0.08906249701976776 0.12314815074205399
4 0.6911458373069763 0.19166666269302368 0.17083333432674408 0.03888889029622078
