1 0.15468749403953552 0.2518518567085266 0.03750000149011612 0.024074073880910873
4 0.48906248807907104 0.7490741014480591 0.19895833730697632 0.5018518567085266
4 0.04218750074505806 0.2231481522321701 0.08437500149011612 0.1259259283542633
4 0.696093738079071 0.19583334028720856 0.1744791716337204 0.03981481492519379
2 0.971875011920929 0.2847222089767456 0.05624999850988388 0.0972222238779068
8 0.6864583492279053 0.09212963283061981 0.0062500000931322575 0.010185184888541698
2 0.5445312261581421 0.08657407760620117 0.02135416679084301 0.026851851493120193
1 0.4351562559604645 0.45972222089767456 0.02760416641831398 0.06388889253139496
7 0.4963541626930237 0.09305555373430252 0.0062500000931322575 0.008333333767950535
2 0.5880208611488342 0.08657407760620117 0.02291666716337204 0.026851851493120193
1 0.5661458373069763 0.09537036716938019 0.014583333395421505 0.009259259328246117
7 0.8877604007720947 0.24351851642131805 0.01927083358168602 0.025925925001502037
1 0.5223958492279053 0.09537036716938019 0.014583333395421505 0.009259259328246117
0 0.37109375 0.4800925850868225 0.00989583320915699 0.026851851493120193
0 0.5096353888511658 0.22592592239379883 0.0026041667442768812 0.02222222276031971
0 0.45364582538604736 0.15601852536201477 0.0020833334419876337 0.015740741044282913
0 0.20598958432674408 0.12222222238779068 0.0036458333488553762 0.007407407276332378
0 0.858593761920929 0.25740739703178406 0.008854166604578495 0.024074073880910873
0 0.4611979126930237 0.10648148506879807 0.0015625000232830644 0.011111111380159855
0 0.2645833194255829 0.977314829826355 0.02395833283662796 0.04537037014961243
0 0.46692708134651184 0.10972221940755844 0.0015625000232830644 0.012037036940455437
0 0.956250011920929 0.24953703582286835 0.010416666977107525 0.023148147389292717
0 0.45755207538604736 0.11388888955116272 0.0015625000232830644 0.007407407276332378
0 0.7671874761581421 0.13842593133449554 0.004166666883975267 0.013888888992369175
0 0.4229166805744171 0.3018518388271332 0.004166666883975267 0.02777777798473835
0 0.4611979126930237 0.10277777910232544 0.0015625000232830644 0.011111111380159855
0 0.680468738079071 0.11759259551763535 0.0026041667442768812 0.012962962500751019
0 0.742968738079071 0.12546296417713165 0.0036458333488553762 0.013888888992369175
0 0.40677082538604736 0.34953704476356506 0.0052083334885537624 0.023148147389292717
0 0.500781238079071 0.11851851642131805 0.0015625000232830644 0.009259259328246117
0 0.7958333492279053 0.17870371043682098 0.0052083334885537624 0.018518518656492233
0 0.5023437738418579 0.0902777761220932 0.0015625000232830644 0.010185184888541698
0 0.5132812261581421 0.2439814805984497 0.0026041667442768812 0.023148147389292717
0 0.4455729126930237 0.09675925970077515 0.0015625000232830644 0.010185184888541698
0 0.7221354246139526 0.09537036716938019 0.0026041667442768812 0.011111111380159855
0 0.7208333611488342 0.1606481522321701 0.004166666883975267 0.010185184888541698
0 0.5041666626930237 0.0902777761220932 0.0010416667209938169 0.010185184888541698
0 0.850781261920929 0.2509259283542633 0.0078125 0.014814814552664757
0 0.4596354067325592 0.1120370402932167 0.0015625000232830644 0.011111111380159855
0 0.9244791865348816 0.30092594027519226 0.01145833358168602 0.02777777798473835
0 0.4596354067325592 0.10370370000600815 0.0015625000232830644 0.011111111380159855
0 0.20208333432674408 0.11990740895271301 0.004166666883975267 0.012037036940455437
0 0.2825520932674408 0.08842592686414719 0.0026041667442768812 0.010185184888541698
0 0.5062500238418579 0.08935185521841049 0.0010416667209938169 0.010185184888541698
0 0.3942708373069763 0.28148147463798523 0.0052083334885537624 0.025925925001502037
0 0.69140625 0.0972222238779068 0.0026041667442768812 0.011111111380159855
0 0.30677083134651184 0.8745370507240295 0.01979166641831398 0.06388889253139496
0 0.5325520634651184 0.3731481432914734 0.004687500186264515 0.03333333507180214
0 0.4554687440395355 0.1259259283542633 0.0015625000232830644 0.012962962500751019
0 0.37421876192092896 0.5944444537162781 0.00989583320915699 0.05000000074505806
0 0.3786458373069763 0.2828703820705414 0.0052083334885537624 0.026851851493120193
1 0.15468749403953552 0.2518518567085266 0.03750000149011612 0.024074073880910873
4 0.48906248807907104 0.7490741014480591 0.19895833730697632 0.5018518567085266
4 0.04218750074505806 0.2231481522321701 0.08437500149011612 0.1259259283542633
4 0.696093738079071 0.19583334028720856 0.1744791716337204 0.03981481492519379
