1 0.15260416269302368 0.2541666626930237 0.03750000149011612 0.02500000037252903
4 0.4880208373069763 0.7560185194015503 0.22083333134651184 0.4879629611968994
4 0.04114583507180214 0.22499999403953552 0.08229167014360428 0.12777778506278992
4 0.69921875 0.19768518209457397 0.17656250298023224 0.03981481492519379
2 0.9760416746139526 0.2898148000240326 0.04791666567325592 0.10000000149011612
8 0.6880208253860474 0.09259258955717087 0.0062500000931322575 0.009259259328246117
2 0.5458333492279053 0.08749999850988388 0.02187499962747097 0.026851851493120193
1 0.4346354305744171 0.46990740299224854 0.02760416641831398 0.06574074178934097
7 0.49687498807907104 0.09351851791143417 0.0062500000931322575 0.009259259328246117
2 0.5895833373069763 0.08749999850988388 0.02291666716337204 0.026851851493120193
1 0.5674479007720947 0.09537036716938019 0.015104166232049465 0.009259259328246117
7 0.8942708373069763 0.24722221493721008 0.01979166641831398 0.025925925001502037
1 0.5236979126930237 0.09583333134651184 0.01406249962747097 0.010185184888541698
0 0.36927083134651184 0.489814817905426 0.010416666977107525 0.02777777798473835
0 0.5106770992279053 0.2282407432794571 0.0026041667442768812 0.021296296268701553
0 0.4541666805744171 0.15694443881511688 0.0020833334419876337 0.015740741044282913
0 0.864062488079071 0.2611111104488373 0.00937500037252903 0.024074073880910873
0 0.4622395932674408 0.10740740597248077 0.0015625000232830644 0.011111111380159855
0 0.4677083194255829 0.1101851835846901 0.0010416667209938169 0.011111111380159855
0 0.9635416865348816 0.2527777850627899 0.010416666977107525 0.024074073880910873
0 0.4583333432674408 0.11481481790542603 0.0020833334419876337 0.007407407276332378
0 0.7697916626930237 0.1398148089647293 0.004166666883975267 0.014814814552664757
0 0.4229166805744171 0.30601853132247925 0.004166666883975267 0.028703704476356506
0 0.4622395932674408 0.10370370000600815 0.0015625000232830644 0.011111111380159855
0 0.6825520992279053 0.11851851642131805 0.0026041667442768812 0.012962962500751019
0 0.7455729246139526 0.1259259283542633 0.0036458333488553762 0.012962962500751019
0 0.40677082538604736 0.3541666567325592 0.0052083334885537624 0.023148147389292717
0 0.5018228888511658 0.11898148059844971 0.0015625000232830644 0.008333333767950535
0 0.7997395992279053 0.18009258806705475 0.00572916679084301 0.017592592164874077
0 0.5036458373069763 0.0902777761220932 0.0010416667209938169 0.010185184888541698
0 0.5143229365348816 0.24629630148410797 0.0026041667442768812 0.024074073880910873
0 0.4468750059604645 0.0972222238779068 0.0010416667209938169 0.011111111380159855
0 0.7242187261581421 0.09583333134651184 0.0026041667442768812 0.010185184888541698
0 0.7239583134651184 0.16203702986240387 0.004166666883975267 0.009259259328246117
0 0.5052083134651184 0.09074074029922485 0.0010416667209938169 0.009259259328246117
0 0.8559895753860474 0.25462964177131653 0.0078125 0.014814814552664757
0 0.4606770873069763 0.11249999701976776 0.0015625000232830644 0.012037036940455437
0 0.9309895634651184 0.30509260296821594 0.01197916641831398 0.028703704476356506
0 0.4606770873069763 0.10462962836027145 0.0015625000232830644 0.011111111380159855
0 0.20208333432674408 0.12037037312984467 0.004166666883975267 0.012962962500751019
0 0.28307291865348816 0.08935185521841049 0.0026041667442768812 0.010185184888541698
0 0.5075520873069763 0.08981481194496155 0.0015625000232830644 0.009259259328246117
0 0.39375001192092896 0.2847222089767456 0.0052083334885537624 0.026851851493120193
0 0.6934896111488342 0.09768518805503845 0.0026041667442768812 0.010185184888541698
0 0.30130207538604736 0.9041666388511658 0.02135416679084301 0.06574074178934097
0 0.5335937738418579 0.3787037134170532 0.004687500186264515 0.03333333507180214
0 0.45651042461395264 0.1268518567085266 0.0015625000232830644 0.012962962500751019
0 0.3721354305744171 0.6097221970558167 0.00989583320915699 0.05092592537403107
0 0.3786458373069763 0.28611111640930176 0.0052083334885537624 0.025925925001502037
1 0.15260416269302368 0.2541666626930237 0.03750000149011612 0.02500000037252903
4 0.4880208373069763 0.7560185194015503 0.22083333134651184 0.4879629611968994
4 0.04114583507180214 0.22499999403953552 0.08229167014360428 0.12777778506278992
4 0.69921875 0.19768518209457397 0.17656250298023224 0.03981481492519379
