1 0.10833333432674408 0.28935185074806213 0.04479166492819786 0.028703704476356506
4 0.02005208283662796 0.2560185194015503 0.04010416567325592 0.1527777761220932
4 0.72265625 0.2203703671693802 0.19635416567325592 0.04444444552063942
8 0.6919270753860474 0.09768518805503845 0.006770833395421505 0.010185184888541698
2 0.5494791865348816 0.09259258955717087 0.02291666716337204 0.02777777798473835
1 0.41484373807907104 0.6287037134170532 0.04010416567325592 0.10000000149011612
2 0.8247395753860474 0.06805555522441864 0.0234375 0.021296296268701553
7 0.4908854067325592 0.09907407313585281 0.006770833395421505 0.009259259328246117
2 0.5955728888511658 0.09212963283061981 0.02447916753590107 0.028703704476356506
1 0.5723958611488342 0.10138888657093048 0.015625 0.010185184888541698
7 0.961718738079071 0.2907407283782959 0.02656250074505806 0.031481482088565826
1 0.5263020992279053 0.10138888657093048 0.015104166232049465 0.010185184888541698
0 0.3309895694255829 0.6398147940635681 0.01406249962747097 0.035185184329748154
0 0.5132812261581421 0.25462964177131653 0.0026041667442768812 0.024074073880910873
0 0.4518229067325592 0.17222222685813904 0.0026041667442768812 0.01666666753590107
0 0.07656250149011612 0.18379630148410797 0.0062500000931322575 0.012037036940455437
0 0.9200521111488342 0.3018518388271332 0.01197916641831398 0.02777777798473835
0 0.4611979126930237 0.11435185372829437 0.0015625000232830644 0.012037036940455437
0 0.4674479067325592 0.11666666716337204 0.0015625000232830644 0.012962962500751019
0 0.45781248807907104 0.12175925821065903 0.0020833334419876337 0.008333333767950535
0 0.789843738079071 0.15000000596046448 0.004687500186264515 0.014814814552664757
0 0.4114583432674408 0.36064815521240234 0.0052083334885537624 0.032407406717538834
0 0.46171873807907104 0.1101851835846901 0.0015625000232830644 0.011111111380159855
0 0.6955729126930237 0.12731482088565826 0.0026041667442768812 0.013888888992369175
0 0.7619791626930237 0.13472221791744232 0.004166666883975267 0.013888888992369175
0 0.39114582538604736 0.4194444417953491 0.0062500000931322575 0.025925925001502037
0 0.5036458373069763 0.1268518567085266 0.0010416667209938169 0.009259259328246117
0 0.83203125 0.19768518209457397 0.006770833395421505 0.01944444514811039
0 0.5067708492279053 0.09490741044282913 0.0010416667209938169 0.010185184888541698
0 0.5171874761581421 0.2768518626689911 0.0031250000465661287 0.025925925001502037
0 0.4476562440395355 0.10277777910232544 0.0015625000232830644 0.011111111380159855
0 0.735156238079071 0.10185185074806213 0.0026041667442768812 0.011111111380159855
0 0.7450520992279053 0.17777778208255768 0.004687500186264515 0.011111111380159855
0 0.5052083134651184 0.09583333134651184 0.0010416667209938169 0.010185184888541698
0 0.9085937738418579 0.2925925850868225 0.00989583320915699 0.01666666753590107
0 0.4596354067325592 0.12037037312984467 0.0015625000232830644 0.012962962500751019
0 0.9950520992279053 0.35462963581085205 0.00989583320915699 0.03333333507180214
0 0.4598958194255829 0.11064814776182175 0.0010416667209938169 0.012037036940455437
0 0.18645833432674408 0.12777778506278992 0.004166666883975267 0.012962962500751019
0 0.5080729126930237 0.09490741044282913 0.0015625000232830644 0.010185184888541698
0 0.3739583194255829 0.32870370149612427 0.0062500000931322575 0.029629629105329514
0 0.7054687738418579 0.10462962836027145 0.0026041667442768812 0.011111111380159855
0 0.5414062738418579 0.45370370149612427 0.00572916679084301 0.03888889029622078
0 0.45494791865348816 0.13564814627170563 0.0015625000232830644 0.013888888992369175
0 0.32369792461395264 0.8675925731658936 0.01718750037252903 0.06481481343507767
0 0.36510416865348816 0.3314814865589142 0.0062500000931322575 0.029629629105329514
1 0.10833333432674408 0.28935185074806213 0.04479166492819786 0.028703704476356506
4 0.02005208283662796 0.2560185194015503 0.04010416567325592 0.1527777761220932
4 0.72265625 0.2203703671693802 0.19635416567325592 0.04444444552063942
