1 0.12161458283662796 0.27916666865348816 0.04218750074505806 0.026851851493120193
4 0.5 0.8291666507720947 1.0 0.34166666865348816
4 0.02656250074505806 0.24722221493721008 0.05312500149011612 0.14444445073604584
4 0.7164062261581421 0.21388888359069824 0.19114583730697632 0.04259259253740311
8 0.6911458373069763 0.0962962955236435 0.0062500000931322575 0.009259259328246117
2 0.5489583611488342 0.09074074029922485 0.02291666716337204 0.02777777798473835
1 0.4216145873069763 0.5773147940635681 0.03593749925494194 0.08796296268701553
2 0.8200520873069763 0.06712962687015533 0.0234375 0.021296296268701553
7 0.49296873807907104 0.0972222238779068 0.006770833395421505 0.009259259328246117
2 0.5942708253860474 0.09074074029922485 0.02395833283662796 0.02777777798473835
1 0.5713541507720947 0.09953703731298447 0.015625 0.010185184888541698
7 0.9419270753860474 0.2777777910232544 0.02447916753590107 0.029629629105329514
1 0.5260416865348816 0.09953703731298447 0.014583333395421505 0.010185184888541698
0 0.34375 0.5916666388511658 0.012500000186264515 0.03333333507180214
0 0.5130208134651184 0.24722221493721008 0.0031250000465661287 0.024074073880910873
0 0.4528645873069763 0.1675925999879837 0.0026041667442768812 0.01666666753590107
0 0.08567707985639572 0.1796296238899231 0.00572916679084301 0.012962962500751019
0 0.19505208730697632 0.12870369851589203 0.0036458333488553762 0.007407407276332378
0 0.9041666388511658 0.29027777910232544 0.010416666977107525 0.026851851493120193
0 0.46171873807907104 0.11249999701976776 0.0015625000232830644 0.012037036940455437
0 0.46796876192092896 0.11527777463197708 0.0015625000232830644 0.012037036940455437
0 0.4583333432674408 0.11944444477558136 0.0020833334419876337 0.007407407276332378
0 0.7846354246139526 0.14722222089767456 0.004687500186264515 0.014814814552664757
0 0.4153645932674408 0.34398147463798523 0.004687500186264515 0.03055555559694767
0 0.4622395932674408 0.10833333432674408 0.0015625000232830644 0.011111111380159855
0 0.6924479007720947 0.125 0.0026041667442768812 0.012962962500751019
0 0.7578125 0.1328703761100769 0.004166666883975267 0.013888888992369175
0 0.39635416865348816 0.39953702688217163 0.0062500000931322575 0.02500000037252903
0 0.5033854246139526 0.12453703582286835 0.0015625000232830644 0.008333333767950535
0 0.823437511920929 0.19305555522441864 0.0062500000931322575 0.01944444514811039
0 0.5062500238418579 0.09398148208856583 0.0010416667209938169 0.010185184888541698
0 0.5166666507720947 0.2680555582046509 0.0031250000465661287 0.02500000037252903
0 0.4476562440395355 0.10138888657093048 0.0015625000232830644 0.010185184888541698
0 0.7325521111488342 0.10000000149011612 0.0026041667442768812 0.011111111380159855
0 0.7393229007720947 0.1736111044883728 0.004687500186264515 0.010185184888541698
0 0.5057291388511658 0.09398148208856583 0.0010416667209938169 0.010185184888541698
0 0.893750011920929 0.28148147463798523 0.00937500037252903 0.01666666753590107
0 0.46015626192092896 0.1180555522441864 0.0015625000232830644 0.012037036940455437
0 0.9783853888511658 0.33981481194496155 0.01406249962747097 0.031481482088565826
0 0.4606770873069763 0.10879629850387573 0.0015625000232830644 0.012037036940455437
0 0.5083333253860474 0.09305555373430252 0.0010416667209938169 0.010185184888541698
0 0.3802083432674408 0.3157407343387604 0.0062500000931322575 0.029629629105329514
0 0.7028645873069763 0.10277777910232544 0.0026041667442768812 0.011111111380159855
0 0.5395833253860474 0.43101853132247925 0.0052083334885537624 0.037962961941957474
0 0.4557291567325592 0.1328703761100769 0.0020833334419876337 0.013888888992369175
0 0.34062498807907104 0.7800925970077515 0.014583333395421505 0.06018518656492233
0 0.3700520694255829 0.31805557012557983 0.00572916679084301 0.028703704476356506
1 0.12161458283662796 0.27916666865348816 0.04218750074505806 0.026851851493120193
4 0.5 0.8291666507720947 1.0 0.34166666865348816
4 0.02656250074505806 0.24722221493721008 0.05312500149011612 0.14444445073604584
4 0.7164062261581421 0.21388888359069824 0.19114583730697632 0.04259259253740311
