1 0.13098958134651184 0.2717592716217041 0.04114583507180214 0.026851851493120193
4 0.4632812440395355 0.8060185313224792 0.6598958373069763 0.3879629671573639
4 0.03098958358168602 0.24027778208255768 0.06197916716337204 0.1398148089647293
4 0.7119791507720947 0.2092592567205429 0.18645833432674408 0.04259259253740311
8 0.690625011920929 0.09537036716938019 0.0062500000931322575 0.009259259328246117
2 0.5484374761581421 0.08981481194496155 0.02187499962747097 0.02777777798473835
1 0.4260416626930237 0.5444444417953491 0.03333333507180214 0.08148147910833359
2 0.8166666626930237 0.06620370596647263 0.02291666716337204 0.021296296268701553
7 0.49427083134651184 0.0962962955236435 0.0062500000931322575 0.009259259328246117
2 0.5934895873069763 0.08981481194496155 0.0234375 0.02777777798473835
1 0.5705729126930237 0.09861110895872116 0.015104166232049465 0.010185184888541698
7 0.9291666746139526 0.2689814865589142 0.02291666716337204 0.028703704476356506
1 0.5255208611488342 0.09861110895872116 0.014583333395421505 0.010185184888541698
0 0.3518229126930237 0.5611110925674438 0.01197916641831398 0.031481482088565826
0 0.5127604007720947 0.2421296238899231 0.0026041667442768812 0.023148147389292717
0 0.45364582538604736 0.1648148149251938 0.0020833334419876337 0.01666666753590107
0 0.8932291865348816 0.2819444537162781 0.010416666977107525 0.026851851493120193
0 0.4622395932674408 0.1111111119389534 0.0015625000232830644 0.011111111380159855
0 0.46796876192092896 0.11342592537403107 0.0015625000232830644 0.012037036940455437
0 0.9973958134651184 0.27314814925193787 0.0052083334885537624 0.025925925001502037
0 0.4585937559604645 0.11851851642131805 0.0015625000232830644 0.007407407276332378
0 0.7809895873069763 0.14537036418914795 0.004687500186264515 0.014814814552664757
0 0.41796875 0.33287036418914795 0.004687500186264515 0.03055555559694767
0 0.46276041865348816 0.10694444179534912 0.0015625000232830644 0.012037036940455437
0 0.6901041865348816 0.12314815074205399 0.0031250000465661287 0.012962962500751019
0 0.7549479007720947 0.1310185194015503 0.0036458333488553762 0.013888888992369175
0 0.3997395932674408 0.38657405972480774 0.00572916679084301 0.02500000037252903
0 0.5033854246139526 0.12314815074205399 0.0015625000232830644 0.009259259328246117
0 0.817187488079071 0.1893518567085266 0.0062500000931322575 0.01944444514811039
0 0.5059896111488342 0.09305555373430252 0.0015625000232830644 0.010185184888541698
0 0.5166666507720947 0.26157405972480774 0.0031250000465661287 0.02500000037252903
0 0.4479166567325592 0.10046296566724777 0.0010416667209938169 0.010185184888541698
0 0.7307291626930237 0.09907407313585281 0.0031250000465661287 0.011111111380159855
0 0.7354166507720947 0.16990740597248077 0.004166666883975267 0.010185184888541698
0 0.5057291388511658 0.09305555373430252 0.0010416667209938169 0.010185184888541698
0 0.883593738079071 0.2736110985279083 0.008854166604578495 0.015740741044282913
0 0.4606770873069763 0.11712963134050369 0.0015625000232830644 0.012037036940455437
0 0.9653645753860474 0.33009257912635803 0.013020833022892475 0.03055555559694767
0 0.4609375 0.10740740597248077 0.0010416667209938169 0.011111111380159855
0 0.5083333253860474 0.09212963283061981 0.0010416667209938169 0.010185184888541698
0 0.3841145932674408 0.30694442987442017 0.00572916679084301 0.028703704476356506
0 0.7007812261581421 0.10138888657093048 0.0026041667442768812 0.010185184888541698
0 0.538281261920929 0.4157407283782959 0.00572916679084301 0.03703703731298447
0 0.45625001192092896 0.13148148357868195 0.0020833334419876337 0.012962962500751019
0 0.35078126192092896 0.7263888716697693 0.013020833022892475 0.05648148059844971
0 0.37317708134651184 0.3087962865829468 0.00572916679084301 0.028703704476356506
1 0.13098958134651184 0.2717592716217041 0.04114583507180214 0.026851851493120193
4 0.4632812440395355 0.8060185313224792 0.6598958373069763 0.3879629671573639
4 0.03098958358168602 0.24027778208255768 0.06197916716337204 0.1398148089647293
4 0.7119791507720947 0.2092592567205429 0.18645833432674408 0.04259259253740311
