1 0.1432291716337204 0.26249998807907104 0.03958333283662796 0.02500000037252903
4 0.48229166865348816 0.7782407402992249 0.3270833194255829 0.4435185194015503
4 0.03697916492819786 0.23240740597248077 0.07395832985639572 0.13333334028720856
4 0.706250011920929 0.20324073731899261 0.18125000596046448 0.0416666679084301
2 0.9877604246139526 0.30601853132247925 0.02447916753590107 0.10648148506879807
8 0.6901041865348816 0.09398148208856583 0.0062500000931322575 0.010185184888541698
2 0.5479166507720947 0.08842592686414719 0.02187499962747097 0.026851851493120193
1 0.4312500059604645 0.5041666626930237 0.03020833246409893 0.07314814627170563
2 0.8119791746139526 0.06574074178934097 0.02291666716337204 0.020370369777083397
7 0.4963541626930237 0.09490741044282913 0.0062500000931322575 0.008333333767950535
2 0.5924479365348816 0.08842592686414719 0.0234375 0.026851851493120193
1 0.5697916746139526 0.0972222238779068 0.014583333395421505 0.009259259328246117
7 0.9117187261581421 0.2578703761100769 0.02135416679084301 0.026851851493120193
1 0.5255208611488342 0.0972222238779068 0.014583333395421505 0.009259259328246117
0 0.3619791567325592 0.5222222208976746 0.010416666977107525 0.029629629105329514
0 0.5122395753860474 0.2351851910352707 0.0026041667442768812 0.02222222276031971
0 0.4546875059604645 0.16111111640930176 0.0020833334419876337 0.01666666753590107
0 0.10078124701976776 0.1726851910352707 0.00572916679084301 0.012037036940455437
0 0.87890625 0.27129629254341125 0.00989583320915699 0.025925925001502037
0 0.46302083134651184 0.10925926268100739 0.0010416667209938169 0.011111111380159855
0 0.46875 0.11157407611608505 0.0010416667209938169 0.012037036940455437
0 0.9820312261581421 0.26249998807907104 0.010937499813735485 0.02500000037252903
0 0.4593749940395355 0.11666666716337204 0.0020833334419876337 0.007407407276332378
0 0.7760416865348816 0.14259259402751923 0.004166666883975267 0.014814814552664757
0 0.42109376192092896 0.3185185194015503 0.004687500186264515 0.029629629105329514
0 0.4632812440395355 0.10555555671453476 0.0015625000232830644 0.011111111380159855
0 0.6869791746139526 0.12083332985639572 0.0031250000465661287 0.012037036940455437
0 0.750781238079071 0.12870369851589203 0.0036458333488553762 0.012962962500751019
0 0.4039062559604645 0.3689814805984497 0.00572916679084301 0.023148147389292717
0 0.5033854246139526 0.12129629403352737 0.0015625000232830644 0.009259259328246117
0 0.8091145753860474 0.18472221493721008 0.00572916679084301 0.017592592164874077
0 0.5054687261581421 0.09166666865348816 0.0015625000232830644 0.009259259328246117
0 0.5161458253860474 0.2537037134170532 0.0031250000465661287 0.024074073880910873
0 0.4481770694255829 0.09861110895872116 0.0015625000232830644 0.010185184888541698
0 0.7281249761581421 0.0972222238779068 0.0031250000465661287 0.011111111380159855
0 0.7302083373069763 0.16620370745658875 0.004166666883975267 0.010185184888541698
0 0.5062500238418579 0.09212963283061981 0.0010416667209938169 0.010185184888541698
0 0.8700520992279053 0.2638888955116272 0.008854166604578495 0.014814814552664757
0 0.4611979126930237 0.11435185372829437 0.0015625000232830644 0.012037036940455437
0 0.948437511920929 0.317592591047287 0.012500000186264515 0.029629629105329514
0 0.46145832538604736 0.10555555671453476 0.0010416667209938169 0.011111111380159855
0 0.2825520932674408 0.08935185521841049 0.0026041667442768812 0.010185184888541698
0 0.5088541507720947 0.0912037044763565 0.0010416667209938169 0.010185184888541698
0 0.38984376192092896 0.29490742087364197 0.00572916679084301 0.026851851493120193
0 0.6976562738418579 0.09953703731298447 0.0026041667442768812 0.010185184888541698
0 0.2802083194255829 0.9856481552124023 0.02500000037252903 0.028703704476356506
0 0.5364583134651184 0.39629629254341125 0.0052083334885537624 0.035185184329748154
0 0.45703125 0.12916666269302368 0.0015625000232830644 0.013888888992369175
0 0.36328125 0.6615740656852722 0.010937499813735485 0.05277777835726738
0 0.37682291865348816 0.2967592477798462 0.00572916679084301 0.026851851493120193
1 0.1432291716337204 0.26249998807907104 0.03958333283662796 0.02500000037252903
4 0.48229166865348816 0.7782407402992249 0.3270833194255829 0.4435185194015503
4 0.03697916492819786 0.23240740597248077 0.07395832985639572 0.13333334028720856
4 0.706250011920929 0.20324073731899261 0.18125000596046448 0.0416666679084301
