1 0.1354166716337204 0.26851850748062134 0.04062499850988388 0.025925925001502037
4 0.4736979305744171 0.7958333492279053 0.4859375059604645 0.40833333134651184
4 0.03307291492819786 0.23749999701976776 0.06614582985639572 0.1379629671573639
4 0.7098958492279053 0.20694445073604584 0.18541666865348816 0.0416666679084301
2 0.995312511920929 0.3166666626930237 0.00937500037252903 0.1111111119389534
8 0.690625011920929 0.09490741044282913 0.0062500000931322575 0.010185184888541698
2 0.5481770634651184 0.08935185521841049 0.02239583246409893 0.026851851493120193
1 0.4281249940395355 0.529629647731781 0.03229166567325592 0.07777778059244156
7 0.4950520694255829 0.09583333134651184 0.006770833395421505 0.008333333767950535
2 0.592968761920929 0.08935185521841049 0.0234375 0.026851851493120193
1 0.5703125 0.09814814478158951 0.014583333395421505 0.009259259328246117
7 0.922656238079071 0.2648148238658905 0.02239583246409893 0.02777777798473835
1 0.5255208611488342 0.09814814478158951 0.014583333395421505 0.009259259328246117
0 0.3552083373069763 0.5467592477798462 0.01145833358168602 0.03055555559694767
0 0.5127604007720947 0.23935185372829437 0.0026041667442768812 0.023148147389292717
0 0.4541666805744171 0.16388888657093048 0.0020833334419876337 0.01666666753590107
0 0.0950520858168602 0.17546296119689941 0.00572916679084301 0.012037036940455437
0 0.8882812261581421 0.2777777910232544 0.00989583320915699 0.025925925001502037
0 0.46276041865348816 0.11064814776182175 0.0015625000232830644 0.012037036940455437
0 0.4684895873069763 0.11296296119689941 0.0015625000232830644 0.011111111380159855
0 0.9940103888511658 0.26944443583488464 0.01197916641831398 0.025925925001502037
0 0.45885416865348816 0.11759259551763535 0.0020833334419876337 0.007407407276332378
0 0.7791666388511658 0.14444445073604584 0.004166666883975267 0.014814814552664757
0 0.4190104305744171 0.32777777314186096 0.004687500186264515 0.029629629105329514
0 0.46276041865348816 0.10648148506879807 0.0015625000232830644 0.011111111380159855
0 0.6888020634651184 0.12222222238779068 0.0026041667442768812 0.012962962500751019
0 0.7533854246139526 0.130092591047287 0.0036458333488553762 0.013888888992369175
0 0.4013020694255829 0.38055557012557983 0.00572916679084301 0.024074073880910873
0 0.5033854246139526 0.12222222238779068 0.0015625000232830644 0.009259259328246117
0 0.8143228888511658 0.18796296417713165 0.00572916679084301 0.018518518656492233
0 0.5057291388511658 0.09212963283061981 0.0010416667209938169 0.010185184888541698
0 0.5161458253860474 0.2587963044643402 0.0031250000465661287 0.02500000037252903
0 0.4481770694255829 0.09953703731298447 0.0015625000232830644 0.010185184888541698
0 0.729687511920929 0.09861110895872116 0.0031250000465661287 0.010185184888541698
0 0.733593761920929 0.16898147761821747 0.004687500186264515 0.010185184888541698
0 0.5059896111488342 0.09305555373430252 0.0015625000232830644 0.010185184888541698
0 0.87890625 0.2699074149131775 0.008854166604578495 0.015740741044282913
0 0.4606770873069763 0.11620370298624039 0.0015625000232830644 0.012037036940455437
0 0.9591146111488342 0.3254629671573639 0.013020833022892475 0.03055555559694767
0 0.4611979126930237 0.10694444179534912 0.0015625000232830644 0.012037036940455437
0 0.2809895873069763 0.0902777761220932 0.0026041667442768812 0.010185184888541698
0 0.5083333253860474 0.09212963283061981 0.0010416667209938169 0.010185184888541698
0 0.38619792461395264 0.3027777671813965 0.00572916679084301 0.02777777798473835
0 0.6997395753860474 0.10092592239379883 0.0026041667442768812 0.011111111380159855
0 0.5375000238418579 0.4087963104248047 0.0052083334885537624 0.03611111268401146
0 0.45651042461395264 0.13055555522441864 0.0015625000232830644 0.012962962500751019
0 0.35546875 0.7023147940635681 0.01197916641831398 0.05648148059844971
0 0.3747395873069763 0.3046296238899231 0.00572916679084301 0.02777777798473835
1 0.1354166716337204 0.26851850748062134 0.04062499850988388 0.025925925001502037
4 0.4736979305744171 0.7958333492279053 0.4859375059604645 0.40833333134651184
4 0.03307291492819786 0.23749999701976776 0.06614582985639572 0.1379629671573639
4 0.7098958492279053 0.20694445073604584 0.18541666865348816 0.0416666679084301
