1 0.10364583134651184 0.29305556416511536 0.04479166492819786 0.028703704476356506
4 0.01796874962747097 0.25925925374031067 0.03593749925494194 0.15555556118488312
4 0.7247396111488342 0.22268518805503845 0.19843749701976776 0.04537037014961243
8 0.692187488079071 0.09861110895872116 0.0062500000931322575 0.010185184888541698
2 0.550000011920929 0.09259258955717087 0.02291666716337204 0.02777777798473835
1 0.41223958134651184 0.647685170173645 0.04114583507180214 0.10462962836027145
2 0.8263021111488342 0.06805555522441864 0.0234375 0.021296296268701553
7 0.49036458134651184 0.09907407313585281 0.006770833395421505 0.009259259328246117
2 0.5960937738418579 0.09259258955717087 0.02447916753590107 0.02777777798473835
1 0.5723958611488342 0.10138888657093048 0.015625 0.010185184888541698
7 0.96875 0.2953703701496124 0.02708333358168602 0.031481482088565826
1 0.5263020992279053 0.10185185074806213 0.015104166232049465 0.009259259328246117
0 0.3265624940395355 0.6574074029922485 0.014583333395421505 0.035185184329748154
0 0.5135416388511658 0.25740739703178406 0.0031250000465661287 0.024074073880910873
0 0.45130208134651184 0.1736111044883728 0.0026041667442768812 0.017592592164874077
0 0.07369791716337204 0.18518517911434174 0.00572916679084301 0.012962962500751019
0 0.9255208373069763 0.30601853132247925 0.01145833358168602 0.028703704476356506
0 0.4611979126930237 0.11527777463197708 0.0015625000232830644 0.012037036940455437
0 0.46692708134651184 0.11712963134050369 0.0015625000232830644 0.012037036940455437
0 0.4572916626930237 0.12222222238779068 0.0020833334419876337 0.007407407276332378
0 0.7914062738418579 0.15138888359069824 0.004687500186264515 0.015740741044282913
0 0.4104166626930237 0.36574074625968933 0.0052083334885537624 0.03333333507180214
0 0.46171873807907104 0.11064814776182175 0.0015625000232830644 0.012037036940455437
0 0.6968749761581421 0.12824073433876038 0.0031250000465661287 0.013888888992369175
0 0.7632812261581421 0.13564814627170563 0.0036458333488553762 0.013888888992369175
0 0.3895833194255829 0.4263888895511627 0.0062500000931322575 0.026851851493120193
0 0.5036458373069763 0.12731482088565826 0.0010416667209938169 0.008333333767950535
0 0.8348958492279053 0.19953703880310059 0.0062500000931322575 0.01944444514811039
0 0.507031261920929 0.09583333134651184 0.0015625000232830644 0.010185184888541698
0 0.5171874761581421 0.2796296179294586 0.0031250000465661287 0.025925925001502037
0 0.4476562440395355 0.10370370000600815 0.0015625000232830644 0.011111111380159855
0 0.7359374761581421 0.10185185074806213 0.0031250000465661287 0.011111111380159855
0 0.7466145753860474 0.17916665971279144 0.004687500186264515 0.010185184888541698
0 0.5049479007720947 0.0962962955236435 0.0015625000232830644 0.011111111380159855
0 0.9138020873069763 0.2967592477798462 0.00989583320915699 0.017592592164874077
0 0.45911458134651184 0.12129629403352737 0.0015625000232830644 0.012962962500751019
0 0.9984375238418579 0.35972222685813904 0.0031250000465661287 0.032407406717538834
0 0.4596354067325592 0.1111111119389534 0.0015625000232830644 0.011111111380159855
0 0.5078125 0.09490741044282913 0.0010416667209938169 0.010185184888541698
0 0.37161457538604736 0.3333333432674408 0.006770833395421505 0.031481482088565826
0 0.7065104246139526 0.10462962836027145 0.0026041667442768812 0.011111111380159855
0 0.542187511920929 0.46157407760620117 0.0062500000931322575 0.03981481492519379
0 0.4546875059604645 0.13657407462596893 0.0020833334419876337 0.013888888992369175
0 0.3174479305744171 0.9009259343147278 0.01822916604578495 0.06666667014360428
0 0.36328125 0.33657407760620117 0.006770833395421505 0.03055555559694767
1 0.10364583134651184 0.29305556416511536 0.04479166492819786 0.028703704476356506
4 0.01796874962747097 0.25925925374031067 0.03593749925494194 0.15555556118488312
4 0.7247396111488342 0.22268518805503845 0.19843749701976776 0.04537037014961243
