1 0.06796874850988388 0.3203703761100769 0.05052083358168602 0.031481482088565826
4 0.514843761920929 0.5 0.3005208373069763 1.0
4 0.7411458492279053 0.23981481790542603 0.2135416716337204 0.04814814776182175
8 0.6934896111488342 0.10138888657093048 0.006770833395421505 0.010185184888541698
2 0.5513020753860474 0.0962962955236435 0.0234375 0.029629629105329514
1 0.38984376192092896 0.8171296119689941 0.05572916567325592 0.14907407760620117
2 0.8377603888511658 0.07037036865949631 0.02447916753590107 0.02222222276031971
7 0.4854166805744171 0.10277777910232544 0.0072916666977107525 0.009259259328246117
2 0.5992187261581421 0.09583333134651184 0.02552083320915699 0.028703704476356506
1 0.5747395753860474 0.1050925925374031 0.01614583283662796 0.010185184888541698
1 0.5270833373069763 0.1050925925374031 0.015625 0.010185184888541698
0 0.28567707538604736 0.8143518567085266 0.01927083358168602 0.043518517166376114
0 0.5145833492279053 0.2768518626689911 0.0031250000465661287 0.025925925001502037
0 0.44869792461395264 0.18425926566123962 0.0026041667442768812 0.018518518656492233
0 0.05104166641831398 0.19583334028720856 0.0062500000931322575 0.013888888992369175
0 0.9690104126930237 0.3384259343147278 0.01406249962747097 0.03055555559694767
0 0.4596354067325592 0.12037037312984467 0.0015625000232830644 0.012962962500751019
0 0.4658854305744171 0.12129629403352737 0.0015625000232830644 0.012962962500751019
0 0.45625001192092896 0.1268518567085266 0.0020833334419876337 0.007407407276332378
0 0.8041666746139526 0.15833333134651184 0.0052083334885537624 0.01666666753590107
0 0.4000000059604645 0.4115740656852722 0.0062500000931322575 0.03611111268401146
0 0.4606770873069763 0.11527777463197708 0.0015625000232830644 0.012037036940455437
0 0.7046874761581421 0.13472221791744232 0.0031250000465661287 0.013888888992369175
0 0.7734375 0.14166666567325592 0.004166666883975267 0.014814814552664757
0 0.37552082538604736 0.48148149251937866 0.0072916666977107525 0.029629629105329514
0 0.50390625 0.13240741193294525 0.0015625000232830644 0.009259259328246117
0 0.8567708134651184 0.21203704178333282 0.0072916666977107525 0.020370369777083397
0 0.5083333253860474 0.09907407313585281 0.0010416667209938169 0.011111111380159855
0 0.5184895992279053 0.3027777671813965 0.0036458333488553762 0.02777777798473835
0 0.44713541865348816 0.10740740597248077 0.0015625000232830644 0.011111111380159855
0 0.7421875 0.10555555671453476 0.0031250000465661287 0.011111111380159855
0 0.760937511920929 0.18981482088565826 0.0052083334885537624 0.011111111380159855
0 0.50390625 0.09953703731298447 0.0015625000232830644 0.010185184888541698
0 0.22291666269302368 0.10601852089166641 0.0031250000465661287 0.012037036940455437
0 0.953906238079071 0.32685184478759766 0.01197916641831398 0.018518518656492233
0 0.45755207538604736 0.1268518567085266 0.0015625000232830644 0.012962962500751019
0 0.4585937559604645 0.11527777463197708 0.0015625000232830644 0.012037036940455437
0 0.5072916746139526 0.09814814478158951 0.0010416667209938169 0.011111111380159855
0 0.3544270694255829 0.36851853132247925 0.0078125 0.03333333507180214
0 0.7138020992279053 0.10925926268100739 0.0026041667442768812 0.011111111380159855
0 0.547656238079071 0.5259259343147278 0.006770833395421505 0.04444444552063942
0 0.453125 0.14212962985038757 0.0020833334419876337 0.013888888992369175
0 0.35104167461395264 0.3722222149372101 0.0072916666977107525 0.03333333507180214
1 0.06796874850988388 0.3203703761100769 0.05052083358168602 0.031481482088565826
4 0.514843761920929 0.5 0.3005208373069763 1.0
4 0.7411458492279053 0.23981481790542603 0.2135416716337204 0.04814814776182175
