1 0.07864583283662796 0.3115740716457367 0.04895833507180214 0.03055555559694767
4 0.5213541388511658 0.5 0.4260416626930237 1.0
4 0.0065104165114462376 0.27638888359069824 0.013020833022892475 0.16944444179534912
4 0.7361978888511658 0.23472222685813904 0.20885416865348816 0.04722222313284874
8 0.6929687261581421 0.10046296566724777 0.006770833395421505 0.010185184888541698
2 0.55078125 0.09490741044282913 0.0234375 0.028703704476356506
1 0.3971354067325592 0.760185182094574 0.05052083358168602 0.13333334028720856
2 0.8346354365348816 0.0694444477558136 0.02447916753590107 0.02222222276031971
7 0.4867187440395355 0.10185185074806213 0.006770833395421505 0.009259259328246117
2 0.598437488079071 0.09490741044282913 0.02500000037252903 0.028703704476356506
1 0.57421875 0.1041666641831398 0.01614583283662796 0.010185184888541698
7 0.995312511920929 0.3194444477558136 0.00937500037252903 0.035185184329748154
1 0.5270833373069763 0.1041666641831398 0.015625 0.010185184888541698
0 0.29895833134651184 0.7629629373550415 0.01770833320915699 0.040740739554166794
0 0.5140625238418579 0.27129629254341125 0.0031250000465661287 0.025925925001502037
0 0.44921875 0.18101851642131805 0.0026041667442768812 0.017592592164874077
0 0.05781250074505806 0.192592591047287 0.0062500000931322575 0.012962962500751019
0 0.9557291865348816 0.32870370149612427 0.01354166679084301 0.029629629105329514
0 0.46015626192092896 0.11898148059844971 0.0015625000232830644 0.012037036940455437
0 0.4664062559604645 0.12037037312984467 0.0015625000232830644 0.012962962500751019
0 0.45651042461395264 0.12546296417713165 0.0026041667442768812 0.008333333767950535
0 0.8005208373069763 0.15601852536201477 0.0052083334885537624 0.015740741044282913
0 0.40312498807907104 0.39722222089767456 0.0062500000931322575 0.035185184329748154
0 0.4606770873069763 0.11435185372829437 0.0015625000232830644 0.012037036940455437
0 0.7026041746139526 0.1328703761100769 0.0031250000465661287 0.013888888992369175
0 0.770312488079071 0.1398148089647293 0.004166666883975267 0.014814814552664757
0 0.37968748807907104 0.4643518626689911 0.0072916666977107525 0.028703704476356506
0 0.50390625 0.13055555522441864 0.0015625000232830644 0.009259259328246117
0 0.8505208492279053 0.2083333283662796 0.0072916666977107525 0.020370369777083397
0 0.5078125 0.09814814478158951 0.0010416667209938169 0.011111111380159855
0 0.5179687738418579 0.29629629850387573 0.0036458333488553762 0.02777777798473835
0 0.4476562440395355 0.10648148506879807 0.0015625000232830644 0.011111111380159855
0 0.7403646111488342 0.10462962836027145 0.0026041667442768812 0.011111111380159855
0 0.7567708492279053 0.18703703582286835 0.0052083334885537624 0.011111111380159855
0 0.5041666626930237 0.09861110895872116 0.0010416667209938169 0.010185184888541698
0 0.2252604216337204 0.1050925925374031 0.0036458333488553762 0.012037036940455437
0 0.9416666626930237 0.317592591047287 0.01145833358168602 0.018518518656492233
0 0.4580729305744171 0.125 0.0015625000232830644 0.012962962500751019
0 0.4585937559604645 0.11388888955116272 0.0015625000232830644 0.011111111380159855
0 0.5075520873069763 0.0972222238779068 0.0015625000232830644 0.011111111380159855
0 0.35989582538604736 0.3578703701496124 0.0072916666977107525 0.032407406717538834
0 0.711718738079071 0.10787037014961243 0.0026041667442768812 0.012037036940455437
0 0.546093761920929 0.5055555701255798 0.006770833395421505 0.04259259253740311
0 0.45364582538604736 0.14027777314186096 0.0020833334419876337 0.013888888992369175
0 0.35468751192092896 0.36157408356666565 0.0072916666977107525 0.032407406717538834
1 0.07864583283662796 0.3115740716457367 0.04895833507180214 0.03055555559694767
4 0.5213541388511658 0.5 0.4260416626930237 1.0
4 0.0065104165114462376 0.27638888359069824 0.013020833022892475 0.16944444179534912
4 0.7361978888511658 0.23472222685813904 0.20885416865348816 0.04722222313284874
