1 0.06223958358168602 0.3245370388031006 0.05156249925494194 0.032407406717538834
4 0.5127604007720947 0.5 0.26093751192092896 1.0
4 0.7437499761581421 0.2421296238899231 0.21562500298023224 0.049074072390794754
8 0.6934896111488342 0.10231481492519379 0.006770833395421505 0.010185184888541698
2 0.551562488079071 0.09675925970077515 0.02395833283662796 0.028703704476356506
1 0.3854166567325592 0.8490740656852722 0.05833333358168602 0.15740740299224854
2 0.8395833373069763 0.07037036865949631 0.02500000037252903 0.02222222276031971
7 0.4846354126930237 0.10324074327945709 0.006770833395421505 0.010185184888541698
2 0.5997396111488342 0.0962962955236435 0.02552083320915699 0.029629629105329514
1 0.5752604007720947 0.10601852089166641 0.01614583283662796 0.010185184888541698
1 0.5270833373069763 0.10601852089166641 0.015625 0.010185184888541698
0 0.27786457538604736 0.8439815044403076 0.02031249925494194 0.04537037014961243
0 0.5145833492279053 0.2805555462837219 0.0031250000465661287 0.025925925001502037
0 0.4481770694255829 0.18611110746860504 0.0026041667442768812 0.018518518656492233
0 0.04765624925494194 0.19722221791744232 0.006770833395421505 0.012962962500751019
0 0.9760416746139526 0.34398147463798523 0.014583333395421505 0.03055555559694767
0 0.4596354067325592 0.12129629403352737 0.0015625000232830644 0.012962962500751019
0 0.4658854305744171 0.12222222238779068 0.0015625000232830644 0.012962962500751019
0 0.75390625 0.09814814478158951 0.0026041667442768812 0.011111111380159855
0 0.4559895694255829 0.12777778506278992 0.0026041667442768812 0.007407407276332378
0 0.8062499761581421 0.1597222238779068 0.0052083334885537624 0.015740741044282913
0 0.3984375 0.4194444417953491 0.0062500000931322575 0.03703703731298447
0 0.46015626192092896 0.11620370298624039 0.0015625000232830644 0.012037036940455437
0 0.706250011920929 0.13564814627170563 0.0031250000465661287 0.013888888992369175
0 0.7749999761581421 0.14259259402751923 0.004166666883975267 0.014814814552664757
0 0.37317708134651184 0.49074074625968933 0.0078125 0.029629629105329514
0 0.50390625 0.13333334028720856 0.0015625000232830644 0.009259259328246117
0 0.8604166507720947 0.21388888359069824 0.0072916666977107525 0.020370369777083397
0 0.5083333253860474 0.09953703731298447 0.0010416667209938169 0.010185184888541698
0 0.5184895992279053 0.30694442987442017 0.0036458333488553762 0.028703704476356506
0 0.44713541865348816 0.10787037014961243 0.0015625000232830644 0.012037036940455437
0 0.7432291507720947 0.10648148506879807 0.0031250000465661287 0.011111111380159855
0 0.7630208134651184 0.19166666269302368 0.0052083334885537624 0.011111111380159855
0 0.50390625 0.10000000149011612 0.0015625000232830644 0.011111111380159855
0 0.22161458432674408 0.10648148506879807 0.0036458333488553762 0.011111111380159855
0 0.9604166746139526 0.3314814865589142 0.012500000186264515 0.018518518656492233
0 0.45755207538604736 0.12777778506278992 0.0015625000232830644 0.012962962500751019
0 0.4580729305744171 0.11574073880910873 0.0015625000232830644 0.012962962500751019
0 0.5072916746139526 0.09861110895872116 0.0010416667209938169 0.010185184888541698
0 0.3518229126930237 0.37453705072402954 0.0078125 0.034259259700775146
0 0.7151041626930237 0.10972221940755844 0.0031250000465661287 0.012037036940455437
0 0.5486978888511658 0.5370370149612427 0.006770833395421505 0.04444444552063942
0 0.45260417461395264 0.14305555820465088 0.0020833334419876337 0.013888888992369175
0 0.3486979305744171 0.3787037134170532 0.0078125 0.03333333507180214
1 0.06223958358168602 0.3245370388031006 0.05156249925494194 0.032407406717538834
4 0.5127604007720947 0.5 0.26093751192092896 1.0
4 0.7437499761581421 0.2421296238899231 0.21562500298023224 0.049074072390794754
