1 0.05651041492819786 0.3291666805744171 0.05260416492819786 0.032407406717538834
4 0.74609375 0.244907408952713 0.21822915971279144 0.049074072390794754
8 0.6940104365348816 0.10277777910232544 0.006770833395421505 0.011111111380159855
2 0.5520833134651184 0.0972222238779068 0.02395833283662796 0.029629629105329514
1 0.38072916865348816 0.8837962746620178 0.06145833432674408 0.1675925999879837
2 0.8411458134651184 0.07083333283662796 0.02500000037252903 0.023148147389292717
7 0.48385417461395264 0.1041666641831398 0.0072916666977107525 0.010185184888541698
2 0.6002604365348816 0.0972222238779068 0.02552083320915699 0.029629629105329514
1 0.5755208134651184 0.10601852089166641 0.01666666753590107 0.010185184888541698
1 0.5276041626930237 0.10648148506879807 0.015625 0.011111111380159855
0 0.2697916626930237 0.8754629492759705 0.02187499962747097 0.04722222313284874
0 0.5145833492279053 0.28333333134651184 0.0031250000465661287 0.025925925001502037
0 0.4476562440395355 0.18796296417713165 0.0026041667442768812 0.018518518656492233
0 0.04401041567325592 0.19861111044883728 0.006770833395421505 0.013888888992369175
0 0.9833333492279053 0.34953704476356506 0.014583333395421505 0.032407406717538834
0 0.45911458134651184 0.12222222238779068 0.0015625000232830644 0.012962962500751019
0 0.46536457538604736 0.12314815074205399 0.0015625000232830644 0.012962962500751019
0 0.7549479007720947 0.09861110895872116 0.0026041667442768812 0.010185184888541698
0 0.4557291567325592 0.12824073433876038 0.0020833334419876337 0.008333333767950535
0 0.8083333373069763 0.1606481522321701 0.0052083334885537624 0.015740741044282913
0 0.39661458134651184 0.427314817905426 0.006770833395421505 0.037962961941957474
0 0.46015626192092896 0.11712963134050369 0.0015625000232830644 0.012037036940455437
0 0.7072916626930237 0.13657407462596893 0.0031250000465661287 0.013888888992369175
0 0.776562511920929 0.14351852238178253 0.004166666883975267 0.014814814552664757
0 0.3708333373069763 0.5004629492759705 0.008333333767950535 0.03055555559694767
0 0.50390625 0.13379628956317902 0.0015625000232830644 0.010185184888541698
0 0.8638020753860474 0.21574074029922485 0.0078125 0.020370369777083397
0 0.508593738079071 0.10000000149011612 0.0015625000232830644 0.011111111380159855
0 0.5190104246139526 0.3106481432914734 0.0036458333488553762 0.028703704476356506
0 0.44713541865348816 0.10833333432674408 0.0015625000232830644 0.011111111380159855
0 0.7442708611488342 0.10694444179534912 0.0031250000465661287 0.012037036940455437
0 0.7651041746139526 0.1935185194015503 0.0052083334885537624 0.011111111380159855
0 0.5036458373069763 0.10092592239379883 0.0010416667209938169 0.011111111380159855
0 0.22057291865348816 0.10740740597248077 0.0036458333488553762 0.011111111380159855
0 0.9671875238418579 0.33657407760620117 0.012500000186264515 0.01944444514811039
0 0.4572916626930237 0.12824073433876038 0.0020833334419876337 0.013888888992369175
0 0.4580729305744171 0.11620370298624039 0.0015625000232830644 0.012037036940455437
0 0.5072916746139526 0.09907407313585281 0.0010416667209938169 0.011111111380159855
0 0.3486979305744171 0.38055557012557983 0.0078125 0.03333333507180214
0 0.7161458134651184 0.11064814776182175 0.0031250000465661287 0.012037036940455437
0 0.5494791865348816 0.5481481552124023 0.0072916666977107525 0.046296294778585434
0 0.45260417461395264 0.14398148655891418 0.0020833334419876337 0.013888888992369175
0 0.3466145694255829 0.3847222328186035 0.0078125 0.034259259700775146
1 0.05651041492819786 0.3291666805744171 0.05260416492819786 0.032407406717538834
4 0.74609375 0.244907408952713 0.21822915971279144 0.049074072390794754
