1 0.02708333358168602 0.3532407283782959 0.05416666716337204 0.03611111268401146
4 0.7604166865348816 0.25925925374031067 0.23125000298023224 0.051851850003004074
8 0.6955729126930237 0.10555555671453476 0.006770833395421505 0.011111111380159855
2 0.5533854365348816 0.09953703731298447 0.02447916753590107 0.03055555559694767
2 0.8505208492279053 0.07268518209457397 0.02604166604578495 0.023148147389292717
7 0.4802083373069763 0.10694444179534912 0.0072916666977107525 0.010185184888541698
2 0.6026041507720947 0.09953703731298447 0.02604166604578495 0.03055555559694767
1 0.5776041746139526 0.10925926268100739 0.01666666753590107 0.011111111380159855
1 0.5283854007720947 0.10925926268100739 0.01614583283662796 0.011111111380159855
0 0.5153645873069763 0.30000001192092896 0.0036458333488553762 0.02777777798473835
0 0.44583332538604736 0.19629628956317902 0.0031250000465661287 0.018518518656492233
0 0.02604166604578495 0.2074074000120163 0.0072916666977107525 0.014814814552664757
0 0.4585937559604645 0.1259259283542633 0.0015625000232830644 0.012962962500751019
0 0.46484375 0.1259259283542633 0.0015625000232830644 0.012962962500751019
0 0.7604166865348816 0.10138888657093048 0.0031250000465661287 0.010185184888541698
0 0.45494791865348816 0.1319444477558136 0.0026041667442768812 0.008333333767950535
0 0.8187500238418579 0.1666666716337204 0.0052083334885537624 0.01666666753590107
0 0.38671875 0.4703703820705414 0.0078125 0.040740739554166794
0 0.45911458134651184 0.12037037312984467 0.0015625000232830644 0.012962962500751019
0 0.714062511920929 0.14120370149612427 0.0031250000465661287 0.013888888992369175
0 0.78515625 0.14814814925193787 0.004687500186264515 0.014814814552664757
0 0.35755208134651184 0.5537037253379822 0.008854166604578495 0.03333333507180214
0 0.5044270753860474 0.13750000298023224 0.0015625000232830644 0.010185184888541698
0 0.8822916746139526 0.22592592239379883 0.008333333767950535 0.02222222276031971
0 0.5098958611488342 0.10277777910232544 0.0010416667209938169 0.011111111380159855
0 0.5200520753860474 0.3305555582046509 0.0036458333488553762 0.029629629105329514
0 0.44713541865348816 0.11157407611608505 0.0015625000232830644 0.012037036940455437
0 0.7494791746139526 0.10972221940755844 0.0031250000465661287 0.012037036940455437
0 0.7770833373069763 0.2023148089647293 0.0052083334885537624 0.012037036940455437
0 0.503125011920929 0.10324074327945709 0.0010416667209938169 0.010185184888541698
0 0.21484375 0.10972221940755844 0.0036458333488553762 0.012037036940455437
0 0.9981771111488342 0.3638888895511627 0.0036458333488553762 0.020370369777083397
0 0.45625001192092896 0.1328703761100769 0.0020833334419876337 0.013888888992369175
0 0.45703125 0.11944444477558136 0.0015625000232830644 0.012962962500751019
0 0.507031261920929 0.10185185074806213 0.0015625000232830644 0.011111111380159855
0 0.3330729305744171 0.41296297311782837 0.008854166604578495 0.03703703731298447
0 0.7221354246139526 0.11342592537403107 0.0026041667442768812 0.012037036940455437
0 0.5552083253860474 0.6111111044883728 0.008333333767950535 0.05000000074505806
0 0.4515624940395355 0.14861111342906952 0.0020833334419876337 0.015740741044282913
0 0.3375000059604645 0.41805556416511536 0.008333333767950535 0.03611111268401146
1 0.02708333358168602 0.3532407283782959 0.05416666716337204 0.03611111268401146
4 0.7604166865348816 0.25925925374031067 0.23125000298023224 0.051851850003004074
