1 0.0234375 0.3620370328426361 0.046875 0.03703703731298447
4 0.7705729007720947 0.26620370149612427 0.23802083730697632 0.05277777835726738
8 0.6997395753860474 0.10694444179534912 0.006770833395421505 0.010185184888541698
2 0.5575520992279053 0.10092592239379883 0.02447916753590107 0.029629629105329514
2 0.859375 0.07361111044883728 0.02604166604578495 0.023148147389292717
7 0.48229166865348816 0.10787037014961243 0.0072916666977107525 0.010185184888541698
2 0.6075521111488342 0.10092592239379883 0.02656250074505806 0.029629629105329514
1 0.58203125 0.1101851835846901 0.01718750037252903 0.011111111380159855
1 0.532031238079071 0.11064814776182175 0.01614583283662796 0.010185184888541698
0 0.5184895992279053 0.307407408952713 0.0036458333488553762 0.02777777798473835
0 0.4481770694255829 0.19953703880310059 0.0026041667442768812 0.01944444514811039
0 0.02447916753590107 0.20972222089767456 0.0072916666977107525 0.013888888992369175
0 0.46145832538604736 0.12777778506278992 0.0020833334419876337 0.012962962500751019
0 0.46796876192092896 0.12777778506278992 0.0015625000232830644 0.012962962500751019
0 0.7666666507720947 0.10277777910232544 0.0031250000465661287 0.011111111380159855
0 0.45781248807907104 0.13379628956317902 0.0020833334419876337 0.008333333767950535
0 0.8276041746139526 0.16944444179534912 0.0052083334885537624 0.01666666753590107
0 0.3854166567325592 0.4893518388271332 0.008333333767950535 0.0416666679084301
0 0.4622395932674408 0.12222222238779068 0.0015625000232830644 0.012962962500751019
0 0.7208333611488342 0.14351852238178253 0.0031250000465661287 0.014814814552664757
0 0.79296875 0.15046297013759613 0.004687500186264515 0.015740741044282913
0 0.3544270694255829 0.5773147940635681 0.00989583320915699 0.034259259700775146
0 0.5080729126930237 0.13935184478759766 0.0015625000232830644 0.010185184888541698
0 0.895312488079071 0.23148147761821747 0.008333333767950535 0.02222222276031971
0 0.5138021111488342 0.10370370000600815 0.0015625000232830644 0.011111111380159855
0 0.5234375 0.3393518626689911 0.004166666883975267 0.03055555559694767
0 0.4505208432674408 0.11249999701976776 0.0010416667209938169 0.012037036940455437
0 0.7557291388511658 0.11157407611608505 0.0031250000465661287 0.012037036940455437
0 0.7861979007720947 0.20694445073604584 0.00572916679084301 0.012037036940455437
0 0.5065104365348816 0.10462962836027145 0.0015625000232830644 0.011111111380159855
0 0.21692708134651184 0.11064814776182175 0.0036458333488553762 0.012037036940455437
0 0.4593749940395355 0.13472221791744232 0.0020833334419876337 0.013888888992369175
0 0.46015626192092896 0.12083332985639572 0.0015625000232830644 0.012037036940455437
0 0.5104166865348816 0.10277777910232544 0.0010416667209938169 0.011111111380159855
0 0.3291666805744171 0.4268518388271332 0.00937500037252903 0.03703703731298447
0 0.7286458611488342 0.11527777463197708 0.0031250000465661287 0.012037036940455437
0 0.5606771111488342 0.6412037014961243 0.008854166604578495 0.05092592537403107
0 0.4541666805744171 0.15046297013759613 0.0020833334419876337 0.015740741044282913
0 0.33645832538604736 0.43194442987442017 0.00937500037252903 0.037962961941957474
1 0.0234375 0.3620370328426361 0.046875 0.03703703731298447
4 0.7705729007720947 0.26620370149612427 0.23802083730697632 0.05277777835726738
