1 0.05026041716337204 0.3342592716217041 0.05364583432674408 0.03333333507180214
4 0.7489583492279053 0.2481481432914734 0.22083333134651184 0.05000000074505806
8 0.6940104365348816 0.10324074327945709 0.006770833395421505 0.010185184888541698
2 0.5520833134651184 0.09768518805503845 0.02395833283662796 0.028703704476356506
1 0.37578123807907104 0.9162036776542664 0.0651041641831398 0.1675925999879837
2 0.842968761920929 0.07129629701375961 0.02552083320915699 0.02222222276031971
7 0.4830729067325592 0.10462962836027145 0.006770833395421505 0.009259259328246117
2 0.6005208492279053 0.0972222238779068 0.02604166604578495 0.029629629105329514
7 0.0716145858168602 0.10833333432674408 0.00989583320915699 0.011111111380159855
1 0.5757812261581421 0.10694444179534912 0.01614583283662796 0.010185184888541698
1 0.5276041626930237 0.10694444179534912 0.015625 0.010185184888541698
0 0.26093751192092896 0.9092592597007751 0.02291666716337204 0.04814814776182175
0 0.5145833492279053 0.2865740656852722 0.0031250000465661287 0.026851851493120193
0 0.44713541865348816 0.1893518567085266 0.0026041667442768812 0.01944444514811039
0 0.0403645820915699 0.2004629671573639 0.006770833395421505 0.013888888992369175
0 0.9908854365348816 0.3550925850868225 0.015104166232049465 0.032407406717538834
0 0.45911458134651184 0.12314815074205399 0.0015625000232830644 0.012962962500751019
0 0.46536457538604736 0.12314815074205399 0.0015625000232830644 0.012962962500751019
0 0.7557291388511658 0.09907407313585281 0.0031250000465661287 0.011111111380159855
0 0.4554687440395355 0.12916666269302368 0.0026041667442768812 0.008333333767950535
0 0.8104166388511658 0.1615740805864334 0.0052083334885537624 0.015740741044282913
0 0.39453125 0.43518519401550293 0.006770833395421505 0.03888889029622078
0 0.4596354067325592 0.11759259551763535 0.0015625000232830644 0.012962962500751019
0 0.7085937261581421 0.13750000298023224 0.0036458333488553762 0.013888888992369175
0 0.7783854007720947 0.14444445073604584 0.004687500186264515 0.014814814552664757
0 0.3682291805744171 0.5106481313705444 0.008333333767950535 0.03055555559694767
0 0.50390625 0.13472221791744232 0.0015625000232830644 0.010185184888541698
0 0.8674479126930237 0.21805556118488312 0.0078125 0.021296296268701553
0 0.5088541507720947 0.10046296566724777 0.0010416667209938169 0.010185184888541698
0 0.5190104246139526 0.3143518567085266 0.0036458333488553762 0.028703704476356506
0 0.44713541865348816 0.10925926268100739 0.0015625000232830644 0.011111111380159855
0 0.745312511920929 0.10740740597248077 0.0031250000465661287 0.011111111380159855
0 0.7674478888511658 0.1953703761100769 0.00572916679084301 0.011111111380159855
0 0.5033854246139526 0.10092592239379883 0.0015625000232830644 0.011111111380159855
0 0.21927084028720856 0.10787037014961243 0.0031250000465661287 0.012037036940455437
0 0.9739583134651184 0.3421296179294586 0.012500000186264515 0.01944444514811039
0 0.45703125 0.12916666269302368 0.0015625000232830644 0.013888888992369175
0 0.45755207538604736 0.11712963134050369 0.0015625000232830644 0.012037036940455437
0 0.5072916746139526 0.10000000149011612 0.0010416667209938169 0.011111111380159855
0 0.34557291865348816 0.38657405972480774 0.0078125 0.034259259700775146
0 0.7171875238418579 0.1111111119389534 0.0031250000465661287 0.011111111380159855
0 0.55078125 0.5601851940155029 0.0078125 0.046296294778585434
0 0.4520833194255829 0.14444445073604584 0.0020833334419876337 0.014814814552664757
0 0.3447916805744171 0.39120370149612427 0.008333333767950535 0.034259259700775146
1 0.05026041716337204 0.3342592716217041 0.05364583432674408 0.03333333507180214
4 0.7489583492279053 0.2481481432914734 0.22083333134651184 0.05000000074505806
