1 0.014843749813735485 0.38148146867752075 0.02968749962747097 0.03888889029622078
4 0.7914062738418579 0.28148147463798523 0.2526041567325592 0.0555555559694767
8 0.707812488079071 0.10925926268100739 0.0072916666977107525 0.011111111380159855
2 0.5648437738418579 0.10324074327945709 0.02552083320915699 0.03055555559694767
2 0.8763020634651184 0.07500000298023224 0.02760416641831398 0.024074073880910873
7 0.4854166805744171 0.10972221940755844 0.0072916666977107525 0.010185184888541698
2 0.6158854365348816 0.10324074327945709 0.02760416641831398 0.03055555559694767
1 0.58984375 0.11296296119689941 0.01718750037252903 0.011111111380159855
1 0.5390625 0.11296296119689941 0.01666666753590107 0.011111111380159855
0 0.5244791507720947 0.3231481611728668 0.004166666883975267 0.029629629105329514
0 0.45234376192092896 0.2074074000120163 0.0026041667442768812 0.020370369777083397
0 0.01901041716337204 0.21481481194496155 0.0078125 0.014814814552664757
0 0.46666666865348816 0.1310185194015503 0.0020833334419876337 0.013888888992369175
0 0.47317707538604736 0.130092591047287 0.0015625000232830644 0.013888888992369175
0 0.7786458134651184 0.10555555671453476 0.0031250000465661287 0.011111111380159855
0 0.46302083134651184 0.13657407462596893 0.0020833334419876337 0.008333333767950535
0 0.8447916507720947 0.17546296119689941 0.0062500000931322575 0.017592592164874077
0 0.38098958134651184 0.532870352268219 0.008854166604578495 0.04537037014961243
0 0.46796876192092896 0.125 0.0015625000232830644 0.012962962500751019
0 0.733593761920929 0.14861111342906952 0.0036458333488553762 0.015740741044282913
0 0.807812511920929 0.15509259700775146 0.0052083334885537624 0.015740741044282913
0 0.3460937440395355 0.6305555701255798 0.010937499813735485 0.03703703731298447
0 0.5143229365348816 0.14305555820465088 0.0015625000232830644 0.010185184888541698
0 0.9208333492279053 0.2430555522441864 0.00937500037252903 0.023148147389292717
0 0.5210937261581421 0.10555555671453476 0.0015625000232830644 0.011111111380159855
0 0.530468761920929 0.3578703701496124 0.004687500186264515 0.032407406717538834
0 0.45651042461395264 0.11481481790542603 0.0015625000232830644 0.012962962500751019
0 0.7674478888511658 0.11435185372829437 0.0036458333488553762 0.012037036940455437
0 0.8044270873069763 0.21666666865348816 0.006770833395421505 0.012962962500751019
0 0.5119791626930237 0.10648148506879807 0.0010416667209938169 0.011111111380159855
0 0.21953125298023224 0.11249999701976776 0.0036458333488553762 0.012037036940455437
0 0.46432292461395264 0.1379629671573639 0.0015625000232830644 0.014814814552664757
0 0.4658854305744171 0.12314815074205399 0.0015625000232830644 0.012962962500751019
0 0.5161458253860474 0.10462962836027145 0.0010416667209938169 0.011111111380159855
0 0.31953126192092896 0.45787036418914795 0.00989583320915699 0.03981481492519379
0 0.7406250238418579 0.11898148059844971 0.0031250000465661287 0.012037036940455437
0 0.5718749761581421 0.7097222208976746 0.010416666977107525 0.05462963134050369
0 0.4593749940395355 0.15416666865348816 0.0020833334419876337 0.015740741044282913
0 0.3335937559604645 0.4634259343147278 0.00989583320915699 0.03981481492519379
1 0.014843749813735485 0.38148146867752075 0.02968749962747097 0.03888889029622078
4 0.7914062738418579 0.28148147463798523 0.2526041567325592 0.0555555559694767
