4 0.8143228888511658 0.3046296238899231 0.2744791805744171 0.05925925821065903
8 0.7093750238418579 0.11296296119689941 0.0072916666977107525 0.011111111380159855
2 0.56640625 0.10694444179534912 0.02656250074505806 0.032407406717538834
2 0.8890625238418579 0.0773148164153099 0.02812499925494194 0.02500000037252903
7 0.48046875 0.11342592537403107 0.0078125 0.010185184888541698
2 0.6192708611488342 0.10694444179534912 0.02812499925494194 0.032407406717538834
1 0.17421874403953552 0.11388888955116272 0.02135416679084301 0.011111111380159855
1 0.5921875238418579 0.11666666716337204 0.01770833320915699 0.011111111380159855
1 0.539843738079071 0.11666666716337204 0.01718750037252903 0.011111111380159855
0 0.5252603888511658 0.3499999940395355 0.004687500186264515 0.031481482088565826
0 0.4489583373069763 0.22083333134651184 0.0031250000465661287 0.021296296268701553
0 0.4651041626930237 0.13657407462596893 0.0020833334419876337 0.013888888992369175
0 0.47213542461395264 0.13472221791744232 0.0015625000232830644 0.013888888992369175
0 0.7856770753860474 0.10879629850387573 0.0036458333488553762 0.012037036940455437
0 0.46145832538604736 0.14120370149612427 0.0020833334419876337 0.008333333767950535
0 0.36250001192092896 0.6175925731658936 0.01145833358168602 0.05000000074505806
0 0.4664062559604645 0.130092591047287 0.0015625000232830644 0.013888888992369175
0 0.7427083253860474 0.15509259700775146 0.004166666883975267 0.015740741044282913
0 0.8192708492279053 0.1615740805864334 0.0052083334885537624 0.015740741044282913
0 0.31979167461395264 0.7384259104728699 0.01354166679084301 0.0416666679084301
0 0.514843761920929 0.14814814925193787 0.0015625000232830644 0.011111111380159855
0 0.9489583373069763 0.25833332538604736 0.010416666977107525 0.024074073880910873
0 0.5221354365348816 0.10925926268100739 0.0015625000232830644 0.011111111380159855
0 0.5325520634651184 0.3907407522201538 0.004687500186264515 0.035185184329748154
0 0.45625001192092896 0.11851851642131805 0.0020833334419876337 0.012962962500751019
0 0.8765624761581421 0.08055555820465088 0.0031250000465661287 0.009259259328246117
0 0.774218738079071 0.11851851642131805 0.0036458333488553762 0.012962962500751019
0 0.8221353888511658 0.2300925999879837 0.006770833395421505 0.013888888992369175
0 0.5111979246139526 0.1101851835846901 0.0015625000232830644 0.011111111380159855
0 0.21171875298023224 0.11620370298624039 0.0036458333488553762 0.012037036940455437
0 0.46276041865348816 0.14351852238178253 0.0015625000232830644 0.014814814552664757
0 0.46432292461395264 0.12777778506278992 0.0015625000232830644 0.012962962500751019
0 0.515625 0.10833333432674408 0.0010416667209938169 0.011111111380159855
0 0.2914062440395355 0.5171296000480652 0.01197916641831398 0.043518517166376114
0 0.7486979365348816 0.12314815074205399 0.0036458333488553762 0.012962962500751019
0 0.585156261920929 0.8462963104248047 0.013020833022892475 0.06111111119389534
0 0.4572916626930237 0.1606481522321701 0.0020833334419876337 0.015740741044282913
0 0.31692707538604736 0.5245370268821716 0.01197916641831398 0.043518517166376114
4 0.8143228888511658 0.3046296238899231 0.2744791805744171 0.05925925821065903
