1 0.010937499813735485 0.38749998807907104 0.02187499962747097 0.03981481492519379
4 0.7942708134651184 0.28518518805503845 0.2562499940395355 0.0555555559694767
8 0.707812488079071 0.1101851835846901 0.0072916666977107525 0.011111111380159855
2 0.5648437738418579 0.10370370000600815 0.02552083320915699 0.031481482088565826
2 0.8776041865348816 0.07592592388391495 0.02708333358168602 0.024074073880910873
7 0.4841145873069763 0.11064814776182175 0.0078125 0.010185184888541698
2 0.6158854365348816 0.10370370000600815 0.02760416641831398 0.031481482088565826
1 0.58984375 0.11388888955116272 0.01718750037252903 0.011111111380159855
1 0.5388020873069763 0.11388888955116272 0.01718750037252903 0.011111111380159855
0 0.524218738079071 0.3273148238658905 0.004687500186264515 0.03055555559694767
0 0.45130208134651184 0.2092592567205429 0.0026041667442768812 0.020370369777083397
0 0.014322916977107525 0.21666666865348816 0.0078125 0.014814814552664757
0 0.16380208730697632 0.1476851850748062 0.004687500186264515 0.008333333767950535
0 0.4661458432674408 0.1319444477558136 0.0020833334419876337 0.013888888992369175
0 0.47265625 0.1310185194015503 0.0015625000232830644 0.013888888992369175
0 0.7791666388511658 0.10601852089166641 0.0031250000465661287 0.012037036940455437
0 0.4625000059604645 0.13750000298023224 0.0020833334419876337 0.008333333767950535
0 0.8466145992279053 0.17638888955116272 0.00572916679084301 0.017592592164874077
0 0.37812501192092896 0.5449073910713196 0.00937500037252903 0.04537037014961243
0 0.46692708134651184 0.1259259283542633 0.0015625000232830644 0.012962962500751019
0 0.7346354126930237 0.14953704178333282 0.0036458333488553762 0.015740741044282913
0 0.8091145753860474 0.15601852536201477 0.004687500186264515 0.015740741044282913
0 0.34192708134651184 0.6458333134651184 0.010937499813735485 0.037962961941957474
0 0.5143229365348816 0.14398148655891418 0.0015625000232830644 0.010185184888541698
0 0.9244791865348816 0.244907408952713 0.00937500037252903 0.023148147389292717
0 0.5208333134651184 0.10648148506879807 0.0010416667209938169 0.011111111380159855
0 0.530468761920929 0.3629629611968994 0.004687500186264515 0.03333333507180214
0 0.45625001192092896 0.11527777463197708 0.0020833334419876337 0.012037036940455437
0 0.7679687738418579 0.11527777463197708 0.0036458333488553762 0.012037036940455437
0 0.8067708611488342 0.21851852536201477 0.0062500000931322575 0.012962962500751019
0 0.5114583373069763 0.10740740597248077 0.0010416667209938169 0.011111111380159855
0 0.21796874701976776 0.11342592537403107 0.0036458333488553762 0.012037036940455437
0 0.4638020694255829 0.1388888955116272 0.0015625000232830644 0.014814814552664757
0 0.4651041626930237 0.1240740716457367 0.0020833334419876337 0.012962962500751019
0 0.515625 0.10555555671453476 0.0010416667209938169 0.011111111380159855
0 0.3151041567325592 0.4662036895751953 0.010416666977107525 0.03981481492519379
0 0.7416666746139526 0.11944444477558136 0.0031250000465661287 0.012962962500751019
0 0.5731770992279053 0.7287036776542664 0.010937499813735485 0.0555555559694767
0 0.4583333432674408 0.15509259700775146 0.0020833334419876337 0.015740741044282913
0 0.3307291567325592 0.47268518805503845 0.010416666977107525 0.03981481492519379
1 0.010937499813735485 0.38749998807907104 0.02187499962747097 0.03981481492519379
4 0.7942708134651184 0.28518518805503845 0.2562499940395355 0.0555555559694767
