4 0.8226562738418579 0.31296294927597046 0.28177082538604736 0.06111111119389534
8 0.7098958492279053 0.11435185372829437 0.0072916666977107525 0.012037036940455437
2 0.5674479007720947 0.10787037014961243 0.02656250074505806 0.032407406717538834
2 0.8934895992279053 0.07824073731899261 0.02864583395421505 0.02500000037252903
7 0.4789062440395355 0.11481481790542603 0.0078125 0.011111111380159855
2 0.6205729246139526 0.10787037014961243 0.02864583395421505 0.032407406717538834
1 0.17031249403953552 0.11481481790542603 0.02187499962747097 0.011111111380159855
1 0.5932291746139526 0.1180555522441864 0.01770833320915699 0.012037036940455437
1 0.5403645634651184 0.1180555522441864 0.01718750037252903 0.012037036940455437
0 0.5255208611488342 0.3592592477798462 0.0052083334885537624 0.03333333507180214
0 0.4479166567325592 0.22546295821666718 0.0031250000465661287 0.021296296268701553
0 0.4645833373069763 0.13842593133449554 0.0020833334419876337 0.013888888992369175
0 0.4716145694255829 0.13657407462596893 0.0015625000232830644 0.013888888992369175
0 0.7877604365348816 0.1101851835846901 0.0036458333488553762 0.011111111380159855
0 0.4609375 0.14305555820465088 0.0020833334419876337 0.008333333767950535
0 0.15312500298023224 0.10925926268100739 0.004166666883975267 0.011111111380159855
0 0.35546875 0.6509259343147278 0.01197916641831398 0.051851850003004074
0 0.4658854305744171 0.13148148357868195 0.0015625000232830644 0.012962962500751019
0 0.7463541626930237 0.1578703671693802 0.004166666883975267 0.015740741044282913
0 0.823437511920929 0.16388888657093048 0.0052083334885537624 0.01666666753590107
0 0.30937498807907104 0.7814815044403076 0.014583333395421505 0.04444444552063942
0 0.5151041746139526 0.15000000596046448 0.0020833334419876337 0.011111111380159855
0 0.9591146111488342 0.2638888955116272 0.010937499813735485 0.025925925001502037
0 0.522656261920929 0.11064814776182175 0.0015625000232830644 0.012037036940455437
0 0.5333333611488342 0.4027777910232544 0.0052083334885537624 0.035185184329748154
0 0.45651042461395264 0.11990740895271301 0.0015625000232830644 0.012037036940455437
0 0.8791666626930237 0.08148147910833359 0.0031250000465661287 0.009259259328246117
0 0.7763020992279053 0.11990740895271301 0.0036458333488553762 0.012037036940455437
0 0.8286458253860474 0.23472222685813904 0.0072916666977107525 0.013888888992369175
0 0.5106770992279053 0.11157407611608505 0.0015625000232830644 0.012037036940455437
0 0.20911458134651184 0.11759259551763535 0.0036458333488553762 0.012962962500751019
0 0.4622395932674408 0.14629629254341125 0.0015625000232830644 0.014814814552664757
0 0.46406251192092896 0.12870369851589203 0.0020833334419876337 0.012962962500751019
0 0.2614583373069763 0.10833333432674408 0.0031250000465661287 0.011111111380159855
0 0.5153645873069763 0.10972221940755844 0.0015625000232830644 0.012037036940455437
0 0.2809895873069763 0.5393518805503845 0.013020833022892475 0.04537037014961243
0 0.7513020634651184 0.125 0.0036458333488553762 0.012962962500751019
0 0.590624988079071 0.9013888835906982 0.014583333395421505 0.06388889253139496
0 0.4567708373069763 0.16296295821666718 0.0020833334419876337 0.01666666753590107
0 0.3109374940395355 0.5476852059364319 0.012500000186264515 0.04537037014961243
4 0.8226562738418579 0.31296294927597046 0.28177082538604736 0.06111111119389534
