4 0.8104166388511658 0.3004629611968994 0.2708333432674408 0.05833333358168602
8 0.7091146111488342 0.11249999701976776 0.0078125 0.012037036940455437
2 0.56640625 0.10601852089166641 0.02656250074505806 0.032407406717538834
2 0.8869791626930237 0.07685185223817825 0.02812499925494194 0.024074073880910873
7 0.48098957538604736 0.11296296119689941 0.0078125 0.011111111380159855
2 0.6187499761581421 0.10648148506879807 0.02812499925494194 0.031481482088565826
1 0.17630209028720856 0.11296296119689941 0.02135416679084301 0.011111111380159855
1 0.5919271111488342 0.11574073880910873 0.01822916604578495 0.011111111380159855
1 0.539843738079071 0.11620370298624039 0.01718750037252903 0.012037036940455437
0 0.5249999761581421 0.3453703820705414 0.0052083334885537624 0.031481482088565826
0 0.4494791626930237 0.21851852536201477 0.0031250000465661287 0.020370369777083397
0 0.0007812500116415322 0.22499999403953552 0.0015625000232830644 0.014814814552664757
0 0.46536457538604736 0.13564814627170563 0.0015625000232830644 0.013888888992369175
0 0.47213542461395264 0.13379628956317902 0.0015625000232830644 0.013888888992369175
0 0.784375011920929 0.10833333432674408 0.0031250000465661287 0.011111111380159855
0 0.4619791805744171 0.14074073731899261 0.0020833334419876337 0.009259259328246117
0 0.3658854067325592 0.602314829826355 0.010937499813735485 0.049074072390794754
0 0.4664062559604645 0.12916666269302368 0.0015625000232830644 0.013888888992369175
0 0.7411458492279053 0.15416666865348816 0.004166666883975267 0.015740741044282913
0 0.817187488079071 0.1606481522321701 0.0052083334885537624 0.015740741044282913
0 0.3244791626930237 0.7189815044403076 0.01354166679084301 0.0416666679084301
0 0.514843761920929 0.14722222089767456 0.0015625000232830644 0.011111111380159855
0 0.9442708492279053 0.25555557012557983 0.010416666977107525 0.024074073880910873
0 0.5221354365348816 0.10879629850387573 0.0015625000232830644 0.012037036940455437
0 0.532031238079071 0.3856481611728668 0.004687500186264515 0.034259259700775146
0 0.45625001192092896 0.1180555522441864 0.0020833334419876337 0.012037036940455437
0 0.772656261920929 0.1180555522441864 0.0036458333488553762 0.012037036940455437
0 0.8190104365348816 0.22777777910232544 0.006770833395421505 0.012962962500751019
0 0.5111979246139526 0.10972221940755844 0.0015625000232830644 0.012037036940455437
0 0.21276041865348816 0.11620370298624039 0.0036458333488553762 0.012037036940455437
0 0.46302083134651184 0.14259259402751923 0.0020833334419876337 0.014814814552664757
0 0.4645833373069763 0.1268518567085266 0.0020833334419876337 0.012962962500751019
0 0.515625 0.10787037014961243 0.0010416667209938169 0.012037036940455437
0 0.29635417461395264 0.5064814686775208 0.01145833358168602 0.04259259253740311
0 0.7471354007720947 0.12268518656492233 0.0036458333488553762 0.012037036940455437
0 0.5822916626930237 0.8208333253860474 0.012500000186264515 0.06018518656492233
0 0.45781248807907104 0.1597222238779068 0.0020833334419876337 0.015740741044282913
0 0.31979167461395264 0.5134259462356567 0.01145833358168602 0.043518517166376114
4 0.8104166388511658 0.3004629611968994 0.2708333432674408 0.05833333358168602
