1 0.02526041679084301 0.2856481373310089 0.05052083358168602 0.02500000037252903
4 0.8533853888511658 0.35972222685813904 0.2932291626930237 0.0694444477558136
8 0.7132812738418579 0.12083332985639572 0.0078125 0.012037036940455437
2 0.5708333253860474 0.11388888955116272 0.02812499925494194 0.03333333507180214
2 0.9166666865348816 0.08148147910833359 0.03020833246409893 0.025925925001502037
7 0.4713541567325592 0.12129629403352737 0.008333333767950535 0.011111111380159855
2 0.6265624761581421 0.11388888955116272 0.03020833246409893 0.03333333507180214
1 0.1510416716337204 0.12083332985639572 0.02291666716337204 0.012037036940455437
1 0.5979166626930237 0.12453703582286835 0.01875000074505806 0.012037036940455437
1 0.5424479246139526 0.12453703582286835 0.01822916604578495 0.012037036940455437
0 0.5286458134651184 0.41435185074806213 0.0052083334885537624 0.03611111268401146
0 0.4427083432674408 0.25 0.0031250000465661287 0.024074073880910873
0 0.12916666269302368 0.16435185074806213 0.0052083334885537624 0.010185184888541698
0 0.4625000059604645 0.14814814925193787 0.0020833334419876337 0.014814814552664757
0 0.4700520932674408 0.14444445073604584 0.0015625000232830644 0.014814814552664757
0 0.8002604246139526 0.11620370298624039 0.0036458333488553762 0.012037036940455437
0 0.45885416865348816 0.1518518477678299 0.0020833334419876337 0.009259259328246117
0 0.8919270634651184 0.2013888955116272 0.0078125 0.01944444514811039
0 0.30651041865348816 0.8773148059844971 0.01927083358168602 0.06388889253139496
0 0.4638020694255829 0.14027777314186096 0.0015625000232830644 0.013888888992369175
0 0.7632812261581421 0.17037037014961243 0.004687500186264515 0.01666666753590107
0 0.8442708253860474 0.17546296119689941 0.0062500000931322575 0.017592592164874077
0 0.5161458253860474 0.15925925970077515 0.0020833334419876337 0.011111111380159855
0 0.5252603888511658 0.11620370298624039 0.0015625000232830644 0.012037036940455437
0 0.5385416746139526 0.4712963104248047 0.0062500000931322575 0.040740739554166794
0 0.45625001192092896 0.1268518567085266 0.0020833334419876337 0.012962962500751019
0 0.8932291865348816 0.08472222089767456 0.0031250000465661287 0.010185184888541698
0 0.7885416746139526 0.1268518567085266 0.004166666883975267 0.012962962500751019
0 0.862500011920929 0.260185182094574 0.008333333767950535 0.014814814552664757
0 0.5098958611488342 0.11712963134050369 0.0010416667209938169 0.012037036940455437
0 0.19583334028720856 0.1240740716457367 0.004166666883975267 0.012962962500751019
0 0.4598958194255829 0.15601852536201477 0.0020833334419876337 0.015740741044282913
0 0.4622395932674408 0.13657407462596893 0.0015625000232830644 0.013888888992369175
0 0.12395833432674408 0.16111111640930176 0.0062500000931322575 0.01666666753590107
0 0.2515625059604645 0.11435185372829437 0.0031250000465661287 0.012037036940455437
0 0.514843761920929 0.11527777463197708 0.0015625000232830644 0.012037036940455437
0 0.2174479216337204 0.6796296238899231 0.01927083358168602 0.05370370298624039
0 0.765625 0.1328703761100769 0.004166666883975267 0.013888888992369175
0 0.45390623807907104 0.17407406866550446 0.0026041667442768812 0.01666666753590107
0 0.2710937559604645 0.6925926208496094 0.01718750037252903 0.05370370298624039
1 0.02552083320915699 0.2856481373310089 0.05104166641831398 0.02500000037252903
4 0.8533853888511658 0.35972222685813904 0.2932291626930237 0.0694444477558136
