1 0.05000000074505806 0.2689814865589142 0.04895833507180214 0.023148147389292717
4 0.8432291746139526 0.3333333432674408 0.3010416626930237 0.06481481343507767
8 0.711718738079071 0.11712963134050369 0.0078125 0.012037036940455437
2 0.5687500238418579 0.11064814776182175 0.02708333358168602 0.032407406717538834
2 0.9041666388511658 0.07916666567325592 0.02916666679084301 0.02500000037252903
7 0.4755208194255829 0.11759259551763535 0.008333333767950535 0.011111111380159855
2 0.6231771111488342 0.11064814776182175 0.02968749962747097 0.032407406717538834
1 0.1614583283662796 0.11759259551763535 0.02187499962747097 0.011111111380159855
1 0.5953124761581421 0.12083332985639572 0.01875000074505806 0.012037036940455437
1 0.5411458611488342 0.12083332985639572 0.01770833320915699 0.012037036940455437
0 0.5263020992279053 0.38333332538604736 0.00572916679084301 0.035185184329748154
0 0.44583332538604736 0.2361111044883728 0.0031250000465661287 0.02222222276031971
0 0.14010415971279144 0.15925925970077515 0.0052083334885537624 0.009259259328246117
0 0.4635416567325592 0.14259259402751923 0.0020833334419876337 0.014814814552664757
0 0.4710937440395355 0.14027777314186096 0.0015625000232830644 0.013888888992369175
0 0.7934895753860474 0.11249999701976776 0.0036458333488553762 0.012037036940455437
0 0.46015626192092896 0.14722222089767456 0.0026041667442768812 0.009259259328246117
0 0.8773437738418579 0.1935185194015503 0.006770833395421505 0.018518518656492233
0 0.3356770873069763 0.7416666746139526 0.015104166232049465 0.05740740895271301
0 0.4651041626930237 0.13564814627170563 0.0020833334419876337 0.013888888992369175
0 0.75390625 0.16342592239379883 0.004687500186264515 0.015740741044282913
0 0.8330729007720947 0.16898147761821747 0.00572916679084301 0.017592592164874077
0 0.28046876192092896 0.9009259343147278 0.01822916604578495 0.04814814776182175
0 0.515625 0.1546296328306198 0.0020833334419876337 0.011111111380159855
0 0.9833333492279053 0.27731481194496155 0.01145833358168602 0.026851851493120193
0 0.524218738079071 0.11342592537403107 0.0015625000232830644 0.012037036940455437
0 0.5356770753860474 0.43287035822868347 0.00572916679084301 0.037962961941957474
0 0.45625001192092896 0.12314815074205399 0.0020833334419876337 0.012962962500751019
0 0.885937511920929 0.0833333358168602 0.0031250000465661287 0.009259259328246117
0 0.782031238079071 0.12314815074205399 0.0036458333488553762 0.012962962500751019
0 0.84375 0.24629630148410797 0.0072916666977107525 0.014814814552664757
0 0.5106770992279053 0.11435185372829437 0.0015625000232830644 0.012037036940455437
0 0.20286458730697632 0.12037037312984467 0.0036458333488553762 0.012962962500751019
0 0.4609375 0.1509259194135666 0.0020833334419876337 0.014814814552664757
0 0.4632812440395355 0.13240741193294525 0.0015625000232830644 0.012962962500751019
0 0.1354166716337204 0.15601852536201477 0.0052083334885537624 0.015740741044282913
0 0.2567708194255829 0.11064814776182175 0.0031250000465661287 0.012037036940455437
0 0.5151041746139526 0.11249999701976776 0.0010416667209938169 0.012037036940455437
0 0.2554687559604645 0.5981481671333313 0.015104166232049465 0.04814814776182175
0 0.7580729126930237 0.12870369851589203 0.0036458333488553762 0.012962962500751019
0 0.4554687440395355 0.16805554926395416 0.0026041667442768812 0.017592592164874077
0 0.2940104305744171 0.6078703999519348 0.01406249962747097 0.049074072390794754
1 0.05052083358168602 0.2689814865589142 0.04895833507180214 0.023148147389292717
4 0.8432291746139526 0.3333333432674408 0.3010416626930237 0.06481481343507767
