1 0.02265625074505806 0.2888889014720917 0.04531250149011612 0.025925925001502037
4 0.8549479246139526 0.3652777671813965 0.2901041805744171 0.07129629701375961
8 0.7138020992279053 0.12083332985639572 0.0078125 0.012037036940455437
2 0.571093738079071 0.11435185372829437 0.02864583395421505 0.034259259700775146
2 0.9192708134651184 0.08148147910833359 0.03020833246409893 0.025925925001502037
7 0.4703125059604645 0.12175925821065903 0.008333333767950535 0.012037036940455437
2 0.6270833611488342 0.11481481790542603 0.03020833246409893 0.03333333507180214
1 0.14895834028720856 0.12175925821065903 0.02291666716337204 0.012037036940455437
1 0.598437488079071 0.12546296417713165 0.01875000074505806 0.012037036940455437
1 0.5424479246139526 0.12546296417713165 0.01822916604578495 0.012037036940455437
0 0.5291666388511658 0.42129629850387573 0.0052083334885537624 0.03703703731298447
0 0.44192707538604736 0.2527777850627899 0.0036458333488553762 0.024074073880910873
0 0.12682291865348816 0.16527777910232544 0.00572916679084301 0.010185184888541698
0 0.4622395932674408 0.14907407760620117 0.0015625000232830644 0.014814814552664757
0 0.4697916805744171 0.14537036418914795 0.0020833334419876337 0.014814814552664757
0 0.8018229007720947 0.11620370298624039 0.0036458333488553762 0.012037036940455437
0 0.4585937559604645 0.1527777761220932 0.0026041667442768812 0.009259259328246117
0 0.8950520753860474 0.20324073731899261 0.0078125 0.01944444514811039
0 0.2992187440395355 0.9115740656852722 0.02031249925494194 0.06574074178934097
0 0.4635416567325592 0.14120370149612427 0.0020833334419876337 0.013888888992369175
0 0.7653645873069763 0.17175926268100739 0.004687500186264515 0.017592592164874077
0 0.8466145992279053 0.17638888955116272 0.00572916679084301 0.017592592164874077
0 0.516406238079071 0.1606481522321701 0.0015625000232830644 0.012037036940455437
0 0.5257812738418579 0.11712963134050369 0.0015625000232830644 0.012037036940455437
0 0.5390625 0.47962963581085205 0.0062500000931322575 0.040740739554166794
0 0.45625001192092896 0.12777778506278992 0.0020833334419876337 0.012962962500751019
0 0.8947916626930237 0.08518518507480621 0.0031250000465661287 0.009259259328246117
0 0.7901041507720947 0.12777778506278992 0.004166666883975267 0.012962962500751019
0 0.8666666746139526 0.26342591643333435 0.008333333767950535 0.015740741044282913
0 0.5096353888511658 0.1180555522441864 0.0015625000232830644 0.012037036940455437
0 0.19427083432674408 0.125 0.004166666883975267 0.012962962500751019
0 0.4593749940395355 0.1578703671693802 0.0020833334419876337 0.015740741044282913
0 0.4619791805744171 0.13703703880310059 0.0020833334419876337 0.014814814552664757
0 0.12161458283662796 0.16203702986240387 0.00572916679084301 0.01666666753590107
0 0.25052082538604736 0.11527777463197708 0.0031250000465661287 0.012037036940455437
0 0.514843761920929 0.11620370298624039 0.0015625000232830644 0.012037036940455437
0 0.2083333283662796 0.6990740895271301 0.02083333395421505 0.05370370298624039
0 0.7671874761581421 0.13379628956317902 0.004166666883975267 0.013888888992369175
0 0.45364582538604736 0.17546296119689941 0.0020833334419876337 0.017592592164874077
0 0.2653645873069763 0.7129629850387573 0.01822916604578495 0.0555555559694767
1 0.02291666716337204 0.2888889014720917 0.04583333432674408 0.025925925001502037
4 0.8549479246139526 0.3652777671813965 0.2901041805744171 0.07129629701375961
