1 0.008854166604578495 0.30787035822868347 0.01770833320915699 0.026851851493120193
4 0.8635416626930237 0.3976851999759674 0.27291667461395264 0.07685185223817825
8 0.715624988079071 0.12453703582286835 0.008333333767950535 0.012037036940455437
2 0.5729166865348816 0.11851851642131805 0.02916666679084301 0.035185184329748154
2 0.9322916865348816 0.0833333358168602 0.03125 0.025925925001502037
7 0.46536457538604736 0.12546296417713165 0.008854166604578495 0.012037036940455437
2 0.6307291388511658 0.11851851642131805 0.03125 0.035185184329748154
1 0.13750000298023224 0.12546296417713165 0.02395833283662796 0.012037036940455437
1 0.6010416746139526 0.12916666269302368 0.01979166641831398 0.012037036940455437
1 0.543749988079071 0.12916666269302368 0.01875000074505806 0.012037036940455437
0 0.5317708253860474 0.4583333432674408 0.0052083334885537624 0.03888889029622078
0 0.4385416805744171 0.26851850748062134 0.004166666883975267 0.025925925001502037
0 0.11432291567325592 0.17175926268100739 0.00572916679084301 0.010185184888541698
0 0.4609375 0.15509259700775146 0.0020833334419876337 0.015740741044282913
0 0.46875 0.15000000596046448 0.0020833334419876337 0.014814814552664757
0 0.8088541626930237 0.11990740895271301 0.004166666883975267 0.012037036940455437
0 0.4572916626930237 0.1578703671693802 0.0020833334419876337 0.010185184888541698
0 0.9114583134651184 0.21203704178333282 0.008333333767950535 0.020370369777083397
0 0.4625000059604645 0.14629629254341125 0.0020833334419876337 0.014814814552664757
0 0.7757812738418579 0.17916665971279144 0.004687500186264515 0.017592592164874077
0 0.8591145873069763 0.18333333730697632 0.006770833395421505 0.018518518656492233
0 0.5171874761581421 0.16620370745658875 0.0020833334419876337 0.012037036940455437
0 0.52734375 0.12037037312984467 0.0015625000232830644 0.012962962500751019
0 0.54296875 0.5282407402992249 0.006770833395421505 0.043518517166376114
0 0.45625001192092896 0.1319444477558136 0.0020833334419876337 0.013888888992369175
0 0.9026041626930237 0.08703703433275223 0.0031250000465661287 0.009259259328246117
0 0.796875 0.1319444477558136 0.004166666883975267 0.013888888992369175
0 0.8885416388511658 0.28009259700775146 0.00937500037252903 0.015740741044282913
0 0.5091145634651184 0.12129629403352737 0.0015625000232830644 0.012962962500751019
0 0.18645833432674408 0.12824073433876038 0.004166666883975267 0.013888888992369175
0 0.45781248807907104 0.16388888657093048 0.0020833334419876337 0.01666666753590107
0 0.4609375 0.14166666567325592 0.0020833334419876337 0.014814814552664757
0 0.10885416716337204 0.1675925999879837 0.0062500000931322575 0.01666666753590107
0 0.24505208432674408 0.11851851642131805 0.0036458333488553762 0.012962962500751019
0 0.5143229365348816 0.11944444477558136 0.0015625000232830644 0.012962962500751019
0 0.15520833432674408 0.8143518567085266 0.02604166604578495 0.06018518656492233
0 0.7755208611488342 0.13842593133449554 0.004166666883975267 0.013888888992369175
0 0.4520833194255829 0.182407408952713 0.0020833334419876337 0.018518518656492233
0 0.23072916269302368 0.8342592716217041 0.02291666716337204 0.06111111119389534
1 0.009114583022892475 0.30787035822868347 0.01822916604578495 0.026851851493120193
4 0.8635416626930237 0.3976851999759674 0.27291667461395264 0.07685185223817825
