4 0.875781238079071 0.4435185194015503 0.24843749403953552 0.08518518507480621
8 0.717968761920929 0.12962962687015533 0.008854166604578495 0.012962962500751019
2 0.5755208134651184 0.12268518656492233 0.03020833246409893 0.03611111268401146
2 0.9486979246139526 0.08564814925193787 0.03281249850988388 0.026851851493120193
7 0.45911458134651184 0.130092591047287 0.008854166604578495 0.012037036940455437
2 0.6351562738418579 0.12268518656492233 0.03281249850988388 0.03611111268401146
1 0.12343750149011612 0.130092591047287 0.02500000037252903 0.012037036940455437
1 0.6044270992279053 0.13425925374031067 0.02031249925494194 0.012962962500751019
1 0.5453125238418579 0.13425925374031067 0.01979166641831398 0.012962962500751019
0 0.5348958373069763 0.5115740895271301 0.0062500000931322575 0.043518517166376114
0 0.4338541626930237 0.2898148000240326 0.004166666883975267 0.02777777798473835
0 0.0989583358168602 0.17916665971279144 0.0062500000931322575 0.010185184888541698
0 0.4593749940395355 0.16203702986240387 0.0020833334419876337 0.01666666753590107
0 0.4677083194255829 0.15601852536201477 0.0020833334419876337 0.015740741044282913
0 0.8177083134651184 0.1240740716457367 0.004166666883975267 0.012962962500751019
0 0.4554687440395355 0.16435185074806213 0.0026041667442768812 0.010185184888541698
0 0.9325520992279053 0.2240740805864334 0.008854166604578495 0.02222222276031971
0 0.4609375 0.15324074029922485 0.0020833334419876337 0.015740741044282913
0 0.7893229126930237 0.18888889253139496 0.00572916679084301 0.018518518656492233
0 0.8752604126930237 0.19212962687015533 0.006770833395421505 0.01944444514811039
0 0.5179687738418579 0.1736111044883728 0.0015625000232830644 0.012037036940455437
0 0.5294271111488342 0.1240740716457367 0.0015625000232830644 0.012962962500751019
0 0.5484374761581421 0.6000000238418579 0.008333333767950535 0.04814814776182175
0 0.4554687440395355 0.13703703880310059 0.0026041667442768812 0.014814814552664757
0 0.8059895634651184 0.13703703880310059 0.004687500186264515 0.014814814552664757
0 0.9182291626930237 0.302314817905426 0.010416666977107525 0.017592592164874077
0 0.508593738079071 0.1259259283542633 0.0015625000232830644 0.012962962500751019
0 0.4559895694255829 0.17222222685813904 0.0026041667442768812 0.01666666753590107
0 0.4593749940395355 0.14722222089767456 0.0020833334419876337 0.014814814552664757
0 0.09296874701976776 0.17546296119689941 0.006770833395421505 0.017592592164874077
0 0.23776040971279144 0.12314815074205399 0.0036458333488553762 0.012962962500751019
0 0.5138021111488342 0.12361110746860504 0.0015625000232830644 0.012037036940455437
0 0.06354166567325592 0.9888888597488403 0.03854166716337204 0.02222222276031971
0 0.7864583134651184 0.14444445073604584 0.004166666883975267 0.014814814552664757
0 0.44973957538604736 0.19074073433876038 0.0026041667442768812 0.018518518656492233
4 0.875781238079071 0.4435185194015503 0.24843749403953552 0.08518518507480621
