1 0.014583333395421505 0.30000001192092896 0.02916666679084301 0.025925925001502037
4 0.8598958253860474 0.38425925374031067 0.2802083194255829 0.07407407462596893
8 0.71484375 0.12361110746860504 0.0078125 0.012037036940455437
2 0.5721353888511658 0.11666666716337204 0.02864583395421505 0.035185184329748154
2 0.9273437261581421 0.08287037163972855 0.03072916716337204 0.02500000037252903
7 0.4671874940395355 0.1240740716457367 0.008333333767950535 0.011111111380159855
2 0.6291666626930237 0.11712963134050369 0.03125 0.034259259700775146
1 0.1419270783662796 0.12361110746860504 0.0234375 0.012037036940455437
1 0.6000000238418579 0.12731482088565826 0.01979166641831398 0.012037036940455437
1 0.5432291626930237 0.12731482088565826 0.01875000074505806 0.012037036940455437
0 0.5307291746139526 0.44305557012557983 0.0052083334885537624 0.037962961941957474
0 0.4398437440395355 0.2620370388031006 0.0036458333488553762 0.024074073880910873
0 0.11953125149011612 0.16898147761821747 0.00572916679084301 0.010185184888541698
0 0.46145832538604736 0.15231481194496155 0.0020833334419876337 0.015740741044282913
0 0.46927082538604736 0.14814814925193787 0.0020833334419876337 0.014814814552664757
0 0.8059895634651184 0.11851851642131805 0.0036458333488553762 0.012962962500751019
0 0.45781248807907104 0.15555556118488312 0.0020833334419876337 0.009259259328246117
0 0.9046875238418579 0.2083333283662796 0.008333333767950535 0.020370369777083397
0 0.12838540971279144 0.1180555522441864 0.004687500186264515 0.012037036940455437
0 0.46302083134651184 0.14444445073604584 0.0020833334419876337 0.014814814552664757
0 0.7713541388511658 0.17638888955116272 0.0052083334885537624 0.017592592164874077
0 0.8541666865348816 0.1805555522441864 0.0062500000931322575 0.018518518656492233
0 0.5166666507720947 0.16388888657093048 0.0020833334419876337 0.011111111380159855
0 0.5268229246139526 0.11898148059844971 0.0015625000232830644 0.012037036940455437
0 0.5414062738418579 0.5078703761100769 0.006770833395421505 0.043518517166376114
0 0.45625001192092896 0.130092591047287 0.0020833334419876337 0.013888888992369175
0 0.8994791507720947 0.08611111342906952 0.0031250000465661287 0.009259259328246117
0 0.7942708134651184 0.130092591047287 0.004166666883975267 0.013888888992369175
0 0.8794270753860474 0.27314814925193787 0.008854166604578495 0.01666666753590107
0 0.5096353888511658 0.11990740895271301 0.0015625000232830644 0.012037036940455437
0 0.18958333134651184 0.1268518567085266 0.004166666883975267 0.012962962500751019
0 0.4585937559604645 0.1615740805864334 0.0026041667442768812 0.015740741044282913
0 0.4611979126930237 0.1398148089647293 0.0015625000232830644 0.014814814552664757
0 0.11406250298023224 0.1657407432794571 0.0062500000931322575 0.01666666753590107
0 0.24713541567325592 0.11712963134050369 0.0036458333488553762 0.012037036940455437
0 0.5143229365348816 0.1180555522441864 0.0015625000232830644 0.012037036940455437
0 0.17812499403953552 0.7643518447875977 0.02395833283662796 0.05833333358168602
0 0.7721354365348816 0.13657407462596893 0.0036458333488553762 0.013888888992369175
0 0.4528645873069763 0.1796296238899231 0.0026041667442768812 0.018518518656492233
0 0.24687500298023224 0.7814815044403076 0.02083333395421505 0.05925925821065903
1 0.014843749813735485 0.30000001192092896 0.02968749962747097 0.025925925001502037
4 0.8598958253860474 0.38425925374031067 0.2802083194255829 0.07407407462596893
