1 0.01718750037252903 0.29629629850387573 0.03437500074505806 0.025925925001502037
4 0.8583333492279053 0.37731480598449707 0.28333333134651184 0.07314814627170563
8 0.7145833373069763 0.12268518656492233 0.008333333767950535 0.012037036940455437
2 0.5716145634651184 0.11620370298624039 0.02864583395421505 0.034259259700775146
2 0.9247395992279053 0.0824074074625969 0.03072916716337204 0.025925925001502037
7 0.46822917461395264 0.12314815074205399 0.008333333767950535 0.011111111380159855
2 0.6283854246139526 0.11620370298624039 0.03072916716337204 0.034259259700775146
1 0.14453125 0.12314815074205399 0.0234375 0.011111111380159855
1 0.5994791388511658 0.1268518567085266 0.01979166641831398 0.012962962500751019
1 0.54296875 0.1268518567085266 0.01822916604578495 0.012962962500751019
0 0.5302083492279053 0.4356481432914734 0.0052083334885537624 0.037962961941957474
0 0.44062501192092896 0.2587963044643402 0.004166666883975267 0.02500000037252903
0 0.12161458283662796 0.16805554926395416 0.00572916679084301 0.010185184888541698
0 0.46145832538604736 0.15138888359069824 0.0020833334419876337 0.015740741044282913
0 0.46953123807907104 0.14722222089767456 0.0015625000232830644 0.014814814552664757
0 0.8044270873069763 0.1180555522441864 0.0036458333488553762 0.012037036940455437
0 0.4580729305744171 0.1546296328306198 0.0026041667442768812 0.009259259328246117
0 0.9013020992279053 0.20648148655891418 0.0078125 0.020370369777083397
0 0.1302083283662796 0.11712963134050369 0.004166666883975267 0.012037036940455437
0 0.2828125059604645 0.9763888716697693 0.02291666716337204 0.04722222313284874
0 0.46302083134651184 0.14351852238178253 0.0020833334419876337 0.014814814552664757
0 0.76953125 0.1745370328426361 0.004687500186264515 0.017592592164874077
0 0.8515625 0.17916665971279144 0.0062500000931322575 0.017592592164874077
0 0.5166666507720947 0.16296295821666718 0.0020833334419876337 0.011111111380159855
0 0.5263020992279053 0.1180555522441864 0.0015625000232830644 0.012037036940455437
0 0.5406249761581421 0.4981481432914734 0.0062500000931322575 0.04259259253740311
0 0.45625001192092896 0.12916666269302368 0.0020833334419876337 0.013888888992369175
0 0.8979166746139526 0.08611111342906952 0.0031250000465661287 0.009259259328246117
0 0.7927083373069763 0.12962962687015533 0.004166666883975267 0.012962962500751019
0 0.8752604126930237 0.2699074149131775 0.008854166604578495 0.015740741044282913
0 0.5096353888511658 0.11944444477558136 0.0015625000232830644 0.012962962500751019
0 0.19114583730697632 0.1259259283542633 0.004166666883975267 0.012962962500751019
0 0.45885416865348816 0.16018518805503845 0.0020833334419876337 0.01666666753590107
0 0.46145832538604736 0.1388888955116272 0.0020833334419876337 0.014814814552664757
0 0.11666666716337204 0.16435185074806213 0.0062500000931322575 0.015740741044282913
0 0.24817708134651184 0.11666666716337204 0.0036458333488553762 0.012962962500751019
0 0.5145833492279053 0.11712963134050369 0.0010416667209938169 0.012037036940455437
0 0.1888020783662796 0.7412037253379822 0.02239583246409893 0.05648148059844971
0 0.7705729007720947 0.13564814627170563 0.0036458333488553762 0.013888888992369175
0 0.4528645873069763 0.17824074625968933 0.0026041667442768812 0.017592592164874077
0 0.25338542461395264 0.7574074268341064 0.02031249925494194 0.05740740895271301
1 0.01744791679084301 0.29629629850387573 0.03489583358168602 0.025925925001502037
4 0.8583333492279053 0.37731480598449707 0.28333333134651184 0.07314814627170563
