1 0.00572916679084301 0.31203705072402954 0.01145833358168602 0.02777777798473835
4 0.8653646111488342 0.40416666865348816 0.2692708373069763 0.07870370149612427
8 0.7161458134651184 0.12546296417713165 0.008333333767950535 0.012037036940455437
2 0.573437511920929 0.11851851642131805 0.02916666679084301 0.035185184329748154
2 0.9351562261581421 0.08379629999399185 0.03177083283662796 0.026851851493120193
7 0.46432292461395264 0.1259259283542633 0.008854166604578495 0.011111111380159855
2 0.6312500238418579 0.11944444477558136 0.03125 0.035185184329748154
1 0.1354166716337204 0.12638889253139496 0.02395833283662796 0.012037036940455437
1 0.6015625 0.130092591047287 0.01979166641831398 0.012037036940455437
1 0.5440104007720947 0.12962962687015533 0.01927083358168602 0.012962962500751019
0 0.532031238079071 0.4662036895751953 0.00572916679084301 0.03981481492519379
0 0.4377604126930237 0.2717592716217041 0.0036458333488553762 0.02500000037252903
0 0.1119791641831398 0.1726851910352707 0.0062500000931322575 0.010185184888541698
0 0.46041667461395264 0.15601852536201477 0.0020833334419876337 0.015740741044282913
0 0.46875 0.1509259194135666 0.0020833334419876337 0.014814814552664757
0 0.8101562261581421 0.12037037312984467 0.0036458333488553762 0.012962962500751019
0 0.45703125 0.1587962955236435 0.0026041667442768812 0.010185184888541698
0 0.9145833253860474 0.21388888359069824 0.008333333767950535 0.020370369777083397
0 0.4622395932674408 0.14722222089767456 0.0015625000232830644 0.014814814552664757
0 0.7778645753860474 0.18101851642131805 0.004687500186264515 0.017592592164874077
0 0.8617187738418579 0.18472221493721008 0.006770833395421505 0.017592592164874077
0 0.5171874761581421 0.16712963581085205 0.0020833334419876337 0.012037036940455437
0 0.5278645753860474 0.12083332985639572 0.0015625000232830644 0.012037036940455437
0 0.543749988079071 0.5388888716697693 0.0072916666977107525 0.04444444552063942
0 0.4559895694255829 0.1328703761100769 0.0026041667442768812 0.013888888992369175
0 0.7984374761581421 0.1328703761100769 0.004166666883975267 0.013888888992369175
0 0.8932291865348816 0.28333333134651184 0.00937500037252903 0.01666666753590107
0 0.5091145634651184 0.12222222238779068 0.0015625000232830644 0.012962962500751019
0 0.1848958283662796 0.12870369851589203 0.004166666883975267 0.012962962500751019
0 0.45781248807907104 0.16527777910232544 0.0020833334419876337 0.015740741044282913
0 0.4606770873069763 0.14259259402751923 0.0015625000232830644 0.014814814552664757
0 0.10625000298023224 0.16898147761821747 0.0062500000931322575 0.017592592164874077
0 0.24375000596046448 0.11944444477558136 0.0031250000465661287 0.012962962500751019
0 0.5143229365348816 0.11990740895271301 0.0015625000232830644 0.012037036940455437
0 0.14270833134651184 0.8412036895751953 0.02812499925494194 0.06203703582286835
0 0.77734375 0.1398148089647293 0.0036458333488553762 0.014814814552664757
0 0.4518229067325592 0.18379630148410797 0.0026041667442768812 0.017592592164874077
0 0.22317709028720856 0.8620370626449585 0.0234375 0.06296296417713165
1 0.00598958320915699 0.31203705072402954 0.01197916641831398 0.02777777798473835
4 0.8653646111488342 0.40416666865348816 0.2692708373069763 0.07870370149612427
