4 0.8804687261581421 0.4611110985279083 0.23906250298023224 0.08888889104127884
8 0.71875 0.1310185194015503 0.008333333767950535 0.012037036940455437
2 0.5763021111488342 0.1240740716457367 0.03072916716337204 0.03703703731298447
2 0.9541666507720947 0.08657407760620117 0.03333333507180214 0.026851851493120193
7 0.4572916626930237 0.1310185194015503 0.00937500037252903 0.012037036940455437
2 0.6364583373069763 0.1240740716457367 0.03333333507180214 0.03703703731298447
1 0.1184895858168602 0.13148148357868195 0.02552083320915699 0.012962962500751019
1 0.6057291626930237 0.13518518209457397 0.02083333395421505 0.012962962500751019
1 0.5458333492279053 0.13564814627170563 0.01979166641831398 0.013888888992369175
0 0.535937488079071 0.5324074029922485 0.0072916666977107525 0.04444444552063942
0 0.4320312440395355 0.29722222685813904 0.004687500186264515 0.02777777798473835
0 0.09375 0.1814814805984497 0.0062500000931322575 0.011111111380159855
0 0.45885416865348816 0.1648148149251938 0.0020833334419876337 0.01666666753590107
0 0.4671874940395355 0.1578703671693802 0.0020833334419876337 0.015740741044282913
0 0.8208333253860474 0.1259259283542633 0.004166666883975267 0.012962962500751019
0 0.45494791865348816 0.16620370745658875 0.0026041667442768812 0.010185184888541698
0 0.9401041865348816 0.2282407432794571 0.00937500037252903 0.021296296268701553
0 0.10729166865348816 0.125 0.0052083334885537624 0.012962962500751019
0 0.46041667461395264 0.15509259700775146 0.0020833334419876337 0.015740741044282913
0 0.7940104007720947 0.192592591047287 0.00572916679084301 0.018518518656492233
0 0.8807291388511658 0.1953703761100769 0.0072916666977107525 0.018518518656492233
0 0.5182291865348816 0.17546296119689941 0.0020833334419876337 0.012037036940455437
0 0.5299479365348816 0.1259259283542633 0.0015625000232830644 0.012962962500751019
0 0.5505208373069763 0.6277777552604675 0.008333333767950535 0.05000000074505806
0 0.45520833134651184 0.1388888955116272 0.0020833334419876337 0.014814814552664757
0 0.8091145753860474 0.1388888955116272 0.004687500186264515 0.014814814552664757
0 0.928906261920929 0.3106481432914734 0.010937499813735485 0.017592592164874077
0 0.5080729126930237 0.12731482088565826 0.0015625000232830644 0.013888888992369175
0 0.4554687440395355 0.17499999701976776 0.0026041667442768812 0.01666666753590107
0 0.45885416865348816 0.14861111342906952 0.0020833334419876337 0.015740741044282913
0 0.0872395858168602 0.17824074625968933 0.006770833395421505 0.017592592164874077
0 0.23515625298023224 0.12453703582286835 0.0036458333488553762 0.013888888992369175
0 0.5135416388511658 0.125 0.0010416667209938169 0.012962962500751019
0 0.7901041507720947 0.1467592567205429 0.004166666883975267 0.015740741044282913
0 0.44921875 0.19398148357868195 0.0026041667442768812 0.01944444514811039
4 0.8804687261581421 0.4611110985279083 0.23906250298023224 0.08888889104127884
