4 0.8966146111488342 0.522685170173645 0.20677083730697632 0.10092592239379883
8 0.7210937738418579 0.13611111044883728 0.008854166604578495 0.012962962500751019
2 0.578906238079071 0.12916666269302368 0.03177083283662796 0.037962961941957474
2 0.9713541865348816 0.08935185521841049 0.03437500074505806 0.026851851493120193
7 0.4505208432674408 0.13657407462596893 0.00937500037252903 0.012037036940455437
2 0.641406238079071 0.12916666269302368 0.03489583358168602 0.037962961941957474
1 0.1028645858168602 0.13611111044883728 0.02656250074505806 0.012962962500751019
1 0.609375 0.14074073731899261 0.02187499962747097 0.012962962500751019
1 0.5473958253860474 0.14074073731899261 0.02083333395421505 0.012962962500751019
0 0.538281261920929 0.6050925850868225 0.008854166604578495 0.05092592537403107
0 0.42630207538604736 0.3236111104488373 0.004687500186264515 0.028703704476356506
0 0.07656250149011612 0.19027778506278992 0.0072916666977107525 0.012037036940455437
0 0.4567708373069763 0.17314815521240234 0.0020833334419876337 0.01666666753590107
0 0.46562498807907104 0.16388888657093048 0.0020833334419876337 0.01666666753590107
0 0.8304687738418579 0.13055555522441864 0.004687500186264515 0.012962962500751019
0 0.45364582538604736 0.1736111044883728 0.0031250000465661287 0.010185184888541698
0 0.9645833373069763 0.24120371043682098 0.010416666977107525 0.023148147389292717
0 0.09375 0.12962962687015533 0.0052083334885537624 0.012962962500751019
0 0.45885416865348816 0.16249999403953552 0.0020833334419876337 0.015740741044282913
0 0.809374988079071 0.20370370149612427 0.0062500000931322575 0.020370369777083397
0 0.8986979126930237 0.20509259402751923 0.0078125 0.01944444514811039
0 0.5192708373069763 0.18333333730697632 0.0020833334419876337 0.012962962500751019
0 0.532031238079071 0.13055555522441864 0.0015625000232830644 0.012962962500751019
0 0.5583333373069763 0.7300925850868225 0.010416666977107525 0.05648148059844971
0 0.4544270932674408 0.1449074000120163 0.0026041667442768812 0.015740741044282913
0 0.9270833134651184 0.09305555373430252 0.004166666883975267 0.010185184888541698
0 0.8190104365348816 0.14444445073604584 0.004687500186264515 0.014814814552664757
0 0.9651041626930237 0.3375000059604645 0.012500000186264515 0.01944444514811039
0 0.5072916746139526 0.1319444477558136 0.0020833334419876337 0.013888888992369175
0 0.16302083432674408 0.13935184478759766 0.0052083334885537624 0.013888888992369175
0 0.4533854126930237 0.18425926566123962 0.0026041667442768812 0.018518518656492233
0 0.4572916626930237 0.1546296328306198 0.0020833334419876337 0.014814814552664757
0 0.06979166716337204 0.18611110746860504 0.0072916666977107525 0.018518518656492233
0 0.22760416567325592 0.12916666269302368 0.004166666883975267 0.013888888992369175
0 0.5127604007720947 0.12962962687015533 0.0015625000232830644 0.012962962500751019
0 0.8023437261581421 0.15324074029922485 0.004687500186264515 0.015740741044282913
0 0.4466145932674408 0.20370370149612427 0.0026041667442768812 0.020370369777083397
4 0.8966146111488342 0.522685170173645 0.20677083730697632 0.10092592239379883
