4 0.878125011920929 0.45185184478759766 0.24375000596046448 0.08703703433275223
8 0.7182291746139526 0.130092591047287 0.008333333767950535 0.012037036940455437
2 0.5760416388511658 0.12361110746860504 0.03020833246409893 0.03611111268401146
2 0.9513021111488342 0.08657407760620117 0.03281249850988388 0.026851851493120193
7 0.4583333432674408 0.1310185194015503 0.00937500037252903 0.012037036940455437
2 0.6356770992279053 0.12361110746860504 0.03281249850988388 0.03611111268401146
1 0.12083332985639572 0.13055555522441864 0.02500000037252903 0.012962962500751019
1 0.6052083373069763 0.13518518209457397 0.02083333395421505 0.012962962500751019
1 0.5455729365348816 0.13472221791744232 0.01927083358168602 0.013888888992369175
0 0.53515625 0.5222222208976746 0.006770833395421505 0.04444444552063942
0 0.43281251192092896 0.2935185134410858 0.004166666883975267 0.02777777798473835
0 0.0963541641831398 0.1805555522441864 0.0062500000931322575 0.011111111380159855
0 0.45885416865348816 0.16388888657093048 0.0020833334419876337 0.01666666753590107
0 0.4671874940395355 0.15694443881511688 0.0020833334419876337 0.015740741044282913
0 0.8192708492279053 0.125 0.004166666883975267 0.012962962500751019
0 0.4554687440395355 0.16527777910232544 0.0026041667442768812 0.010185184888541698
0 0.9364583492279053 0.22592592239379883 0.00937500037252903 0.02222222276031971
0 0.10963542014360428 0.1240740716457367 0.004687500186264515 0.012962962500751019
0 0.46041667461395264 0.15416666865348816 0.0020833334419876337 0.015740741044282913
0 0.7916666865348816 0.19074073433876038 0.0052083334885537624 0.018518518656492233
0 0.8778645992279053 0.1935185194015503 0.006770833395421505 0.018518518656492233
0 0.5182291865348816 0.1745370328426361 0.0020833334419876337 0.012037036940455437
0 0.5296875238418579 0.125 0.0020833334419876337 0.012962962500751019
0 0.5494791865348816 0.6138888597488403 0.008333333767950535 0.05000000074505806
0 0.4554687440395355 0.1379629671573639 0.0026041667442768812 0.014814814552664757
0 0.8075520992279053 0.1379629671573639 0.004687500186264515 0.014814814552664757
0 0.9234374761581421 0.30601853132247925 0.010416666977107525 0.017592592164874077
0 0.5080729126930237 0.1268518567085266 0.0015625000232830644 0.012962962500751019
0 0.4557291567325592 0.1736111044883728 0.0020833334419876337 0.017592592164874077
0 0.4593749940395355 0.14814814925193787 0.0020833334419876337 0.014814814552664757
0 0.09010417014360428 0.17638888955116272 0.0072916666977107525 0.017592592164874077
0 0.23645833134651184 0.1240740716457367 0.004166666883975267 0.012962962500751019
0 0.5138021111488342 0.1240740716457367 0.0015625000232830644 0.012962962500751019
0 0.788281261920929 0.14537036418914795 0.004687500186264515 0.014814814552664757
0 0.4494791626930237 0.192592591047287 0.0031250000465661287 0.018518518656492233
4 0.878125011920929 0.45185184478759766 0.24375000596046448 0.08703703433275223
