4 0.90625 0.5597222447395325 0.1875 0.10833333432674408
8 0.7223958373069763 0.13842593133449554 0.00937500037252903 0.013888888992369175
2 0.5804687738418579 0.13148148357868195 0.03281249850988388 0.03888889029622078
2 0.9799479246139526 0.09074074029922485 0.03489583358168602 0.02777777798473835
7 0.44713541865348816 0.1388888955116272 0.00989583320915699 0.012962962500751019
2 0.6440104246139526 0.13148148357868195 0.03489583358168602 0.03888889029622078
1 0.09479166567325592 0.1388888955116272 0.02708333358168602 0.012962962500751019
1 0.6114583611488342 0.14351852238178253 0.02187499962747097 0.012962962500751019
1 0.5484374761581421 0.14398148655891418 0.02083333395421505 0.013888888992369175
0 0.5393229126930237 0.6490740776062012 0.00989583320915699 0.05370370298624039
0 0.4229166805744171 0.3384259343147278 0.0052083334885537624 0.03055555559694767
0 0.0677083358168602 0.1944444477558136 0.0072916666977107525 0.011111111380159855
0 0.4557291567325592 0.17731481790542603 0.0020833334419876337 0.017592592164874077
0 0.4651041626930237 0.1675925999879837 0.0020833334419876337 0.01666666753590107
0 0.8356770873069763 0.1328703761100769 0.004687500186264515 0.013888888992369175
0 0.45260417461395264 0.17731481790542603 0.0031250000465661287 0.010185184888541698
0 0.9776041507720947 0.24861110746860504 0.010416666977107525 0.023148147389292717
0 0.08645833283662796 0.1319444477558136 0.0052083334885537624 0.013888888992369175
0 0.45781248807907104 0.1666666716337204 0.0020833334419876337 0.01666666753590107
0 0.8177083134651184 0.2101851850748062 0.0062500000931322575 0.020370369777083397
0 0.9080728888511658 0.2101851850748062 0.0078125 0.020370369777083397
0 0.5197916626930237 0.18796296417713165 0.0020833334419876337 0.012962962500751019
0 0.5333333611488342 0.1328703761100769 0.0020833334419876337 0.013888888992369175
0 0.5630208253860474 0.7935185432434082 0.01145833358168602 0.05925925821065903
0 0.45390623807907104 0.14814814925193787 0.0026041667442768812 0.014814814552664757
0 0.8239583373069763 0.14722222089767456 0.0052083334885537624 0.014814814552664757
0 0.9854166507720947 0.35277777910232544 0.01354166679084301 0.020370369777083397
0 0.5067708492279053 0.13472221791744232 0.0020833334419876337 0.013888888992369175
0 0.1575520783662796 0.14166666567325592 0.004687500186264515 0.014814814552664757
0 0.4518229067325592 0.18888889253139496 0.0026041667442768812 0.018518518656492233
0 0.4567708373069763 0.1578703671693802 0.0020833334419876337 0.015740741044282913
0 0.06041666492819786 0.19027778506278992 0.0072916666977107525 0.01944444514811039
0 0.22343750298023224 0.1319444477558136 0.004166666883975267 0.013888888992369175
0 0.5127604007720947 0.1319444477558136 0.0015625000232830644 0.013888888992369175
0 0.8083333373069763 0.15694443881511688 0.0052083334885537624 0.015740741044282913
0 0.07395832985639572 0.14629629254341125 0.0062500000931322575 0.014814814552664757
0 0.4453125 0.2092592567205429 0.0031250000465661287 0.020370369777083397
4 0.90625 0.5597222447395325 0.1875 0.10833333432674408
