4 0.9174479246139526 0.6037036776542664 0.16510416567325592 0.11666666716337204
8 0.7239583134651184 0.14120370149612427 0.00937500037252903 0.013888888992369175
2 0.58203125 0.13425925374031067 0.03281249850988388 0.03888889029622078
2 0.9854166507720947 0.09212963283061981 0.02916666679084301 0.028703704476356506
7 0.44348958134651184 0.14166666567325592 0.00989583320915699 0.012962962500751019
2 0.6466146111488342 0.13425925374031067 0.03593749925494194 0.03888889029622078
1 0.08619792014360428 0.14166666567325592 0.02760416641831398 0.012962962500751019
1 0.61328125 0.1467592567205429 0.02239583246409893 0.013888888992369175
1 0.5492187738418579 0.1467592567205429 0.02135416679084301 0.013888888992369175
0 0.5393229126930237 0.7027778029441833 0.010937499813735485 0.05740740895271301
0 0.4192708432674408 0.35462963581085205 0.0052083334885537624 0.031481482088565826
0 0.05781250074505806 0.19953703880310059 0.0072916666977107525 0.012037036940455437
0 0.4546875059604645 0.182407408952713 0.0020833334419876337 0.018518518656492233
0 0.46406251192092896 0.17129629850387573 0.0020833334419876337 0.01666666753590107
0 0.8408854007720947 0.13564814627170563 0.004687500186264515 0.013888888992369175
0 0.4515624940395355 0.18101851642131805 0.0031250000465661287 0.010185184888541698
0 0.9919270873069763 0.25648146867752075 0.010937499813735485 0.024074073880910873
0 0.07890625298023224 0.13425925374031067 0.00572916679084301 0.012962962500751019
0 0.4567708373069763 0.17037037014961243 0.0020833334419876337 0.01666666753590107
0 0.8268229365348816 0.2162037044763565 0.006770833395421505 0.021296296268701553
0 0.9184895753860474 0.21574074029922485 0.008854166604578495 0.020370369777083397
0 0.520312488079071 0.19212962687015533 0.0020833334419876337 0.013888888992369175
0 0.5341145992279053 0.13564814627170563 0.0015625000232830644 0.013888888992369175
0 0.5687500238418579 0.8722222447395325 0.012500000186264515 0.06296296417713165
0 0.4533854126930237 0.15138888359069824 0.0026041667442768812 0.015740741044282913
0 0.8296874761581421 0.15046297013759613 0.0052083334885537624 0.015740741044282913
0 0.5062500238418579 0.13750000298023224 0.0020833334419876337 0.013888888992369175
0 0.15156249701976776 0.14444445073604584 0.0052083334885537624 0.014814814552664757
0 0.4507812559604645 0.1944444477558136 0.0026041667442768812 0.018518518656492233
0 0.4557291567325592 0.16111111640930176 0.0020833334419876337 0.01666666753590107
0 0.05026041716337204 0.19490741193294525 0.0078125 0.01944444514811039
0 0.21927084028720856 0.13425925374031067 0.004166666883975267 0.012962962500751019
0 0.5122395753860474 0.13472221791744232 0.0015625000232830644 0.013888888992369175
0 0.8151041865348816 0.16111111640930176 0.0052083334885537624 0.01666666753590107
0 0.4440104067325592 0.21481481194496155 0.0026041667442768812 0.020370369777083397
4 0.9174479246139526 0.6037036776542664 0.16510416567325592 0.11666666716337204
