4 0.9260416626930237 0.6365740895271301 0.14791665971279144 0.12314815074205399
8 0.7250000238418579 0.14305555820465088 0.00937500037252903 0.013888888992369175
2 0.5830729007720947 0.13657407462596893 0.0338541679084301 0.03981481492519379
2 0.9885416626930237 0.09305555373430252 0.02291666716337204 0.028703704476356506
7 0.44088542461395264 0.14351852238178253 0.00989583320915699 0.012962962500751019
2 0.6484375 0.13657407462596893 0.0364583320915699 0.03981481492519379
1 0.08020833134651184 0.14398148655891418 0.02812499925494194 0.013888888992369175
1 0.6148437261581421 0.14861111342906952 0.02239583246409893 0.013888888992369175
1 0.5497395992279053 0.14861111342906952 0.02135416679084301 0.013888888992369175
0 0.5393229126930237 0.7430555820465088 0.01197916641831398 0.06018518656492233
0 0.4169270694255829 0.3662036955356598 0.00572916679084301 0.032407406717538834
0 0.05104166641831398 0.2023148089647293 0.0072916666977107525 0.012037036940455437
0 0.45390623807907104 0.1856481432914734 0.0026041667442768812 0.017592592164874077
0 0.4635416567325592 0.1736111044883728 0.0020833334419876337 0.017592592164874077
0 0.8447916507720947 0.13703703880310059 0.0052083334885537624 0.014814814552664757
0 0.45104166865348816 0.18379630148410797 0.0031250000465661287 0.010185184888541698
0 0.9981771111488342 0.2620370388031006 0.0036458333488553762 0.024074073880910873
0 0.07369791716337204 0.13564814627170563 0.00572916679084301 0.013888888992369175
0 0.4559895694255829 0.1736111044883728 0.0026041667442768812 0.017592592164874077
0 0.8330729007720947 0.22083333134651184 0.006770833395421505 0.021296296268701553
0 0.92578125 0.21990740299224854 0.008854166604578495 0.021296296268701553
0 0.5208333134651184 0.1953703761100769 0.0020833334419876337 0.012962962500751019
0 0.5348958373069763 0.13750000298023224 0.0020833334419876337 0.013888888992369175
0 0.5736979246139526 0.9328703880310059 0.01406249962747097 0.06574074178934097
0 0.4528645873069763 0.15324074029922485 0.0026041667442768812 0.015740741044282913
0 0.9427083134651184 0.09768518805503845 0.004166666883975267 0.010185184888541698
0 0.8333333134651184 0.1527777761220932 0.0052083334885537624 0.014814814552664757
0 0.5059896111488342 0.13935184478759766 0.0015625000232830644 0.013888888992369175
0 0.14791665971279144 0.14629629254341125 0.0052083334885537624 0.014814814552664757
0 0.44973957538604736 0.19861111044883728 0.0026041667442768812 0.01944444514811039
0 0.45520833134651184 0.16342592239379883 0.0020833334419876337 0.015740741044282913
0 0.04322916641831398 0.19861111044883728 0.008333333767950535 0.01944444514811039
0 0.2161458283662796 0.13564814627170563 0.004166666883975267 0.013888888992369175
0 0.5122395753860474 0.13657407462596893 0.0015625000232830644 0.013888888992369175
0 0.8197916746139526 0.16342592239379883 0.0052083334885537624 0.015740741044282913
0 0.44322916865348816 0.21851852536201477 0.0031250000465661287 0.020370369777083397
4 0.9260416626930237 0.6365740895271301 0.14791665971279144 0.12314815074205399
