4 0.9453125 0.7134259343147278 0.109375 0.1379629671573639
8 0.7268229126930237 0.1467592567205429 0.00989583320915699 0.013888888992369175
2 0.585156261920929 0.1398148089647293 0.03489583358168602 0.040740739554166794
7 0.4359374940395355 0.14722222089767456 0.010416666977107525 0.012962962500751019
2 0.6520833373069763 0.1398148089647293 0.03750000149011612 0.040740739554166794
1 0.06822916865348816 0.1476851850748062 0.02916666679084301 0.013888888992369175
1 0.617968738079071 0.1527777761220932 0.0234375 0.014814814552664757
1 0.5510416626930237 0.1527777761220932 0.02187499962747097 0.014814814552664757
7 0.03932291641831398 0.14722222089767456 0.013020833022892475 0.012962962500751019
0 0.5385416746139526 0.8393518328666687 0.012500000186264515 0.06574074178934097
0 0.41093748807907104 0.3916666805744171 0.0062500000931322575 0.035185184329748154
0 0.03723958507180214 0.2092592567205429 0.0078125 0.012962962500751019
0 0.45234376192092896 0.192592591047287 0.0026041667442768812 0.018518518656492233
0 0.4625000059604645 0.17824074625968933 0.0020833334419876337 0.017592592164874077
0 0.8520833253860474 0.14074073731899261 0.0052083334885537624 0.014814814552664757
0 0.4494791626930237 0.1893518567085266 0.0031250000465661287 0.012037036940455437
0 0.06328125298023224 0.13935184478759766 0.00572916679084301 0.013888888992369175
0 0.4544270932674408 0.17916665971279144 0.0026041667442768812 0.017592592164874077
0 0.8458333611488342 0.23055554926395416 0.0072916666977107525 0.02222222276031971
0 0.9403645992279053 0.22777777910232544 0.008854166604578495 0.02222222276031971
0 0.5213541388511658 0.2013888955116272 0.0020833334419876337 0.013888888992369175
0 0.5361979007720947 0.14074073731899261 0.0026041667442768812 0.014814814552664757
0 0.4528645873069763 0.1578703671693802 0.0026041667442768812 0.015740741044282913
0 0.9510416388511658 0.09953703731298447 0.004166666883975267 0.010185184888541698
0 0.8414062261581421 0.15694443881511688 0.00572916679084301 0.015740741044282913
0 0.5052083134651184 0.14259259402751923 0.0020833334419876337 0.014814814552664757
0 0.13958333432674408 0.15000000596046448 0.0052083334885537624 0.014814814552664757
0 0.4479166567325592 0.20601852238178253 0.0031250000465661287 0.01944444514811039
0 0.4541666805744171 0.1675925999879837 0.0020833334419876337 0.01666666753590107
0 0.02890625037252903 0.20462962985038757 0.008854166604578495 0.020370369777083397
0 0.21041665971279144 0.1398148089647293 0.004166666883975267 0.014814814552664757
0 0.51171875 0.1398148089647293 0.0015625000232830644 0.014814814552664757
0 0.8294270634651184 0.16898147761821747 0.00572916679084301 0.017592592164874077
0 0.05052083358168602 0.15601852536201477 0.0062500000931322575 0.015740741044282913
0 0.4411458373069763 0.22685185074806213 0.0031250000465661287 0.02222222276031971
4 0.9453125 0.7134259343147278 0.109375 0.1379629671573639
