4 0.9135416746139526 0.5884259343147278 0.17291666567325592 0.11388888955116272
8 0.723437488079071 0.14027777314186096 0.00937500037252903 0.013888888992369175
2 0.5815104246139526 0.13333334028720856 0.03281249850988388 0.03888889029622078
2 0.9841145873069763 0.09166666865348816 0.03177083283662796 0.02777777798473835
7 0.44479167461395264 0.14074073731899261 0.00937500037252903 0.012962962500751019
2 0.6458333134651184 0.13333334028720856 0.03541666641831398 0.03888889029622078
1 0.08932291716337204 0.14074073731899261 0.02760416641831398 0.012962962500751019
1 0.6127604246139526 0.1458333283662796 0.02239583246409893 0.013888888992369175
1 0.5486978888511658 0.1458333283662796 0.02135416679084301 0.013888888992369175
0 0.5393229126930237 0.6837962865829468 0.010937499813735485 0.05648148059844971
0 0.4205729067325592 0.3490740656852722 0.00572916679084301 0.031481482088565826
0 0.06093750149011612 0.19768518209457397 0.0072916666977107525 0.012037036940455437
0 0.45494791865348816 0.18101851642131805 0.0026041667442768812 0.017592592164874077
0 0.4645833373069763 0.16990740597248077 0.0020833334419876337 0.017592592164874077
0 0.8393229246139526 0.13472221791744232 0.004687500186264515 0.013888888992369175
0 0.4520833194255829 0.1796296238899231 0.0031250000465661287 0.011111111380159855
0 0.9872395992279053 0.2537037134170532 0.010937499813735485 0.024074073880910873
0 0.08151041716337204 0.13379628956317902 0.00572916679084301 0.013888888992369175
0 0.45703125 0.16944444179534912 0.0026041667442768812 0.01666666753590107
0 0.8236979246139526 0.2143518477678299 0.006770833395421505 0.021296296268701553
0 0.9151041507720947 0.21388888359069824 0.008333333767950535 0.020370369777083397
0 0.5200520753860474 0.19074073433876038 0.0026041667442768812 0.012962962500751019
0 0.5341145992279053 0.13472221791744232 0.0015625000232830644 0.013888888992369175
0 0.5666666626930237 0.8439815044403076 0.012500000186264515 0.06203703582286835
0 0.45364582538604736 0.15000000596046448 0.0020833334419876337 0.014814814552664757
0 0.8276041746139526 0.14953704178333282 0.0052083334885537624 0.015740741044282913
0 0.9966145753860474 0.3638888895511627 0.006770833395421505 0.020370369777083397
0 0.5065104365348816 0.13657407462596893 0.0015625000232830644 0.013888888992369175
0 0.1536458283662796 0.14351852238178253 0.0052083334885537624 0.014814814552664757
0 0.45130208134651184 0.192592591047287 0.0026041667442768812 0.018518518656492233
0 0.45625001192092896 0.1597222238779068 0.0020833334419876337 0.015740741044282913
0 0.05390625074505806 0.1935185194015503 0.0078125 0.018518518656492233
0 0.22083333134651184 0.13333334028720856 0.004166666883975267 0.012962962500751019
0 0.5122395753860474 0.13379628956317902 0.0015625000232830644 0.013888888992369175
0 0.8127604126930237 0.1597222238779068 0.004687500186264515 0.015740741044282913
0 0.06875000149011612 0.14861111342906952 0.0062500000931322575 0.015740741044282913
0 0.44453126192092896 0.21296297013759613 0.0026041667442768812 0.020370369777083397
4 0.9135416746139526 0.5884259343147278 0.17291666567325592 0.11388888955116272
