8 0.73046875 0.1546296328306198 0.00989583320915699 0.014814814552664757
2 0.589062511920929 0.14722222089767456 0.0364583320915699 0.04259259253740311
7 0.42630207538604736 0.15509259700775146 0.010937499813735485 0.013888888992369175
2 0.659375011920929 0.14722222089767456 0.03958333283662796 0.04259259253740311
1 0.0455729179084301 0.1546296328306198 0.03072916716337204 0.014814814552664757
1 0.6231771111488342 0.16018518805503845 0.02447916753590107 0.014814814552664757
1 0.5533854365348816 0.1606481522321701 0.0234375 0.015740741044282913
7 0.01796874962747097 0.15416666865348816 0.01406249962747097 0.013888888992369175
0 0.39895832538604736 0.4462963044643402 0.0072916666977107525 0.03888889029622078
0 0.010416666977107525 0.22268518805503845 0.008333333767950535 0.013888888992369175
0 0.4494791626930237 0.20601852238178253 0.0031250000465661287 0.01944444514811039
0 0.46041667461395264 0.18796296417713165 0.0020833334419876337 0.018518518656492233
0 0.8669270873069763 0.14722222089767456 0.00572916679084301 0.014814814552664757
0 0.4468750059604645 0.20000000298023224 0.0031250000465661287 0.011111111380159855
0 0.04322916641831398 0.14629629254341125 0.0062500000931322575 0.014814814552664757
0 0.4518229067325592 0.19074073433876038 0.0026041667442768812 0.018518518656492233
0 0.871874988079071 0.2490740716457367 0.008333333767950535 0.024074073880910873
0 0.9692708253860474 0.2439814805984497 0.010416666977107525 0.023148147389292717
0 0.5229166746139526 0.21388888359069824 0.0020833334419876337 0.014814814552664757
0 0.5361979007720947 0.1476851850748062 0.0026041667442768812 0.015740741044282913
0 0.4520833194255829 0.1666666716337204 0.0031250000465661287 0.01666666753590107
0 0.85546875 0.1657407432794571 0.00572916679084301 0.01666666753590107
0 0.5041666626930237 0.15000000596046448 0.0020833334419876337 0.014814814552664757
0 0.12421874701976776 0.15740740299224854 0.00572916679084301 0.01666666753590107
0 0.4442708194255829 0.22083333134651184 0.0031250000465661287 0.021296296268701553
0 0.4518229067325592 0.17685185372829437 0.0026041667442768812 0.01666666753590107
0 0.0031250000465661287 0.21759259700775146 0.0062500000931322575 0.020370369777083397
0 0.5106770992279053 0.14629629254341125 0.0015625000232830644 0.014814814552664757
0 0.8479166626930237 0.17916665971279144 0.0062500000931322575 0.017592592164874077
0 0.02994791604578495 0.16435185074806213 0.006770833395421505 0.015740741044282913
0 0.4372395873069763 0.24259258806705475 0.0036458333488553762 0.02222222276031971
