4 0.95703125 0.7597222328186035 0.0859375 0.14722222089767456
8 0.7278645634651184 0.14907407760620117 0.00989583320915699 0.014814814552664757
2 0.5861979126930237 0.14212962985038757 0.03489583358168602 0.0416666679084301
7 0.4333333373069763 0.14953704178333282 0.010416666977107525 0.013888888992369175
2 0.6544271111488342 0.14212962985038757 0.03802083432674408 0.0416666679084301
7 0.9432291388511658 0.10462962836027145 0.010416666977107525 0.009259259328246117
1 0.06223958358168602 0.14953704178333282 0.02968749962747097 0.013888888992369175
1 0.6192708611488342 0.1546296328306198 0.02395833283662796 0.014814814552664757
1 0.5518229007720947 0.1546296328306198 0.02239583246409893 0.014814814552664757
7 0.03333333507180214 0.14907407760620117 0.01354166679084301 0.012962962500751019
0 0.5385416746139526 0.8981481194496155 0.01354166679084301 0.06851851940155029
0 0.40807291865348816 0.40601852536201477 0.006770833395421505 0.03611111268401146
0 0.02994791604578495 0.21296297013759613 0.0078125 0.012962962500751019
0 0.4518229067325592 0.19583334028720856 0.0026041667442768812 0.01944444514811039
0 0.4619791805744171 0.18101851642131805 0.0020833334419876337 0.017592592164874077
0 0.856249988079071 0.14259259402751923 0.0052083334885537624 0.014814814552664757
0 0.44869792461395264 0.19212962687015533 0.0026041667442768812 0.012037036940455437
0 0.05781250074505806 0.14120370149612427 0.0062500000931322575 0.013888888992369175
0 0.45390623807907104 0.182407408952713 0.0026041667442768812 0.018518518656492233
0 0.8528645634651184 0.23564815521240234 0.0078125 0.023148147389292717
0 0.948437511920929 0.23240740597248077 0.00937500037252903 0.02222222276031971
0 0.5218750238418579 0.20509259402751923 0.0020833334419876337 0.013888888992369175
0 0.5361979007720947 0.14259259402751923 0.0015625000232830644 0.014814814552664757
0 0.45260417461395264 0.16018518805503845 0.0031250000465661287 0.01666666753590107
0 0.9552083611488342 0.10046296566724777 0.004166666883975267 0.010185184888541698
0 0.8453124761581421 0.1597222238779068 0.0052083334885537624 0.015740741044282913
0 0.5049479007720947 0.14444445073604584 0.0015625000232830644 0.014814814552664757
0 0.1354166716337204 0.15231481194496155 0.0052083334885537624 0.015740741044282913
0 0.4468750059604645 0.2101851850748062 0.0031250000465661287 0.020370369777083397
0 0.45364582538604736 0.17037037014961243 0.0020833334419876337 0.01666666753590107
0 0.02161458320915699 0.2083333283662796 0.008854166604578495 0.020370369777083397
0 0.20703125 0.14166666567325592 0.004687500186264515 0.014814814552664757
0 0.5111979246139526 0.14166666567325592 0.0015625000232830644 0.014814814552664757
0 0.8346354365348816 0.17175926268100739 0.00572916679084301 0.017592592164874077
0 0.04505208507180214 0.15833333134651184 0.006770833395421505 0.01666666753590107
0 0.4401041567325592 0.23101851344108582 0.0031250000465661287 0.021296296268701553
4 0.95703125 0.7597222328186035 0.0859375 0.14722222089767456
