4 0.9697916507720947 0.8111110925674438 0.06041666492819786 0.15740740299224854
8 0.7289062738418579 0.1509259194135666 0.00989583320915699 0.014814814552664757
2 0.5874999761581421 0.14398148655891418 0.03541666641831398 0.0416666679084301
7 0.43046873807907104 0.15138888359069824 0.010937499813735485 0.013888888992369175
2 0.65625 0.14398148655891418 0.03854166716337204 0.0416666679084301
7 0.9494791626930237 0.10555555671453476 0.010416666977107525 0.009259259328246117
1 0.05572916567325592 0.1518518477678299 0.03020833246409893 0.014814814552664757
1 0.6208333373069763 0.15694443881511688 0.02395833283662796 0.015740741044282913
1 0.5523437261581421 0.15694443881511688 0.02239583246409893 0.015740741044282913
7 0.02760416641831398 0.15138888359069824 0.01354166679084301 0.013888888992369175
0 0.5380208492279053 0.9638888835906982 0.014583333395421505 0.07222222536802292
0 0.4046874940395355 0.42129629850387573 0.0072916666977107525 0.03703703731298447
0 0.02239583246409893 0.21666666865348816 0.008333333767950535 0.012962962500751019
0 0.4507812559604645 0.19953703880310059 0.0026041667442768812 0.01944444514811039
0 0.46145832538604736 0.18379630148410797 0.0020833334419876337 0.017592592164874077
0 0.860156238079071 0.14444445073604584 0.00572916679084301 0.014814814552664757
0 0.4479166567325592 0.1953703761100769 0.0031250000465661287 0.011111111380159855
0 0.0520833320915699 0.14351852238178253 0.0062500000931322575 0.014814814552664757
0 0.4528645873069763 0.1856481432914734 0.0026041667442768812 0.017592592164874077
0 0.860156238079071 0.24074074625968933 0.0078125 0.024074073880910873
0 0.956250011920929 0.23657406866550446 0.00937500037252903 0.023148147389292717
0 0.5221354365348816 0.2083333283662796 0.0026041667442768812 0.014814814552664757
0 0.5361979007720947 0.14444445073604584 0.0026041667442768812 0.014814814552664757
0 0.45234376192092896 0.16296295821666718 0.0026041667442768812 0.01666666753590107
0 0.9593750238418579 0.10185185074806213 0.004166666883975267 0.011111111380159855
0 0.8492187261581421 0.1615740805864334 0.00572916679084301 0.015740741044282913
0 0.504687488079071 0.1467592567205429 0.0020833334419876337 0.015740741044282913
0 0.13124999403953552 0.15416666865348816 0.0052083334885537624 0.015740741044282913
0 0.44583332538604736 0.2143518477678299 0.0031250000465661287 0.021296296268701553
0 0.4528645873069763 0.1726851910352707 0.0026041667442768812 0.017592592164874077
0 0.01380208320915699 0.21203704178333282 0.008854166604578495 0.020370369777083397
0 0.20390625298023224 0.14351852238178253 0.004687500186264515 0.014814814552664757
0 0.5111979246139526 0.14351852238178253 0.0015625000232830644 0.014814814552664757
0 0.8395833373069763 0.1745370328426361 0.0062500000931322575 0.017592592164874077
0 0.03932291641831398 0.1606481522321701 0.006770833395421505 0.015740741044282913
0 0.4388020932674408 0.2351851910352707 0.0036458333488553762 0.02222222276031971
4 0.9697916507720947 0.8111110925674438 0.06041666492819786 0.15740740299224854
