8 0.7322916388511658 0.15740740299224854 0.010416666977107525 0.014814814552664757
2 0.5908854007720947 0.15046297013759613 0.03697916492819786 0.043518517166376114
7 0.421875 0.1578703671693802 0.01145833358168602 0.013888888992369175
2 0.6630208492279053 0.15046297013759613 0.04062499850988388 0.043518517166376114
1 0.03515625 0.1578703671693802 0.03177083283662796 0.015740741044282913
1 0.625781238079071 0.16342592239379883 0.02552083320915699 0.015740741044282913
1 0.5544270873069763 0.16388888657093048 0.0234375 0.01666666753590107
7 0.008854166604578495 0.1578703671693802 0.014583333395421505 0.013888888992369175
0 0.39270833134651184 0.4749999940395355 0.008333333767950535 0.040740739554166794
0 0.4479166567325592 0.21203704178333282 0.0031250000465661287 0.020370369777083397
0 0.4593749940395355 0.192592591047287 0.0020833334419876337 0.018518518656492233
0 0.8731771111488342 0.15046297013759613 0.00572916679084301 0.015740741044282913
0 0.4455729126930237 0.20509259402751923 0.0036458333488553762 0.012037036940455437
0 0.4505208432674408 0.19629628956317902 0.0031250000465661287 0.018518518656492233
0 0.8841145634651184 0.25833332538604736 0.008854166604578495 0.024074073880910873
0 0.9830729365348816 0.2509259283542633 0.010937499813735485 0.024074073880910873
0 0.5236979126930237 0.21944443881511688 0.0026041667442768812 0.014814814552664757
0 0.535937488079071 0.15046297013759613 0.0020833334419876337 0.015740741044282913
0 0.4515624940395355 0.17083333432674408 0.0031250000465661287 0.017592592164874077
0 0.9731770753860474 0.10462962836027145 0.004687500186264515 0.011111111380159855
0 0.8619791865348816 0.16944444179534912 0.0062500000931322575 0.01666666753590107
0 0.5033854246139526 0.15324074029922485 0.0015625000232830644 0.015740741044282913
0 0.11744792014360428 0.1606481522321701 0.00572916679084301 0.015740741044282913
0 0.4427083432674408 0.2282407432794571 0.0031250000465661287 0.021296296268701553
0 0.4507812559604645 0.18101851642131805 0.0026041667442768812 0.017592592164874077
0 0.19374999403953552 0.14953704178333282 0.0052083334885537624 0.015740741044282913
0 0.5101562738418579 0.14953704178333282 0.0015625000232830644 0.015740741044282913
0 0.856249988079071 0.18425926566123962 0.0062500000931322575 0.018518518656492233
0 0.02083333395421505 0.16805554926395416 0.0072916666977107525 0.017592592164874077
0 0.4351562559604645 0.25 0.0036458333488553762 0.024074073880910873
