8 0.73828125 0.16944444179534912 0.010937499813735485 0.01666666753590107
2 0.59765625 0.16249999403953552 0.04010416567325592 0.04722222313284874
7 0.4059895873069763 0.17037037014961243 0.01197916641831398 0.014814814552664757
2 0.6747395992279053 0.16249999403953552 0.0442708320915699 0.04722222313284874
1 0.0078125 0.17037037014961243 0.015625 0.01666666753590107
1 0.6348958611488342 0.17685185372829437 0.02708333358168602 0.01666666753590107
1 0.55859375 0.17685185372829437 0.02552083320915699 0.01666666753590107
0 0.36510416865348816 0.5990740656852722 0.01145833358168602 0.04814814776182175
0 0.4427083432674408 0.23564815521240234 0.0031250000465661287 0.023148147389292717
0 0.4557291567325592 0.2092592567205429 0.0031250000465661287 0.020370369777083397
0 0.4411458373069763 0.2231481522321701 0.0031250000465661287 0.012962962500751019
0 0.0026041667442768812 0.16018518805503845 0.0052083334885537624 0.01666666753590107
0 0.44583332538604736 0.2162037044763565 0.0031250000465661287 0.021296296268701553
0 0.932812511920929 0.2935185134410858 0.01145833358168602 0.02777777798473835
0 0.5263020992279053 0.24027778208255768 0.0026041667442768812 0.015740741044282913
0 0.535937488079071 0.16203702986240387 0.0020833334419876337 0.01666666753590107
0 0.4489583373069763 0.18611110746860504 0.0031250000465661287 0.018518518656492233
0 0.9971354007720947 0.11064814776182175 0.004687500186264515 0.012037036940455437
0 0.88671875 0.18333333730697632 0.006770833395421505 0.018518518656492233
0 0.5013020634651184 0.1648148149251938 0.0015625000232830644 0.01666666753590107
0 0.09218750149011612 0.1726851910352707 0.0062500000931322575 0.017592592164874077
0 0.4361979067325592 0.25555557012557983 0.0036458333488553762 0.024074073880910873
0 0.44713541865348816 0.19583334028720856 0.0026041667442768812 0.01944444514811039
0 0.17526040971279144 0.16111111640930176 0.00572916679084301 0.01666666753590107
0 0.508593738079071 0.1606481522321701 0.0015625000232830644 0.015740741044282913
0 0.8880208134651184 0.20185184478759766 0.0072916666977107525 0.020370369777083397
0 0.4281249940395355 0.2787036895751953 0.004166666883975267 0.025925925001502037
