8 0.7328125238418579 0.1587962955236435 0.010416666977107525 0.015740741044282913
2 0.5916666388511658 0.1518518477678299 0.03750000149011612 0.04444444552063942
7 0.4203124940395355 0.15925925970077515 0.01145833358168602 0.014814814552664757
2 0.6638020873069763 0.1518518477678299 0.04114583507180214 0.04444444552063942
1 0.03177083283662796 0.15925925970077515 0.03229166567325592 0.014814814552664757
1 0.6268228888511658 0.16527777910232544 0.02552083320915699 0.015740741044282913
1 0.5546875 0.16527777910232544 0.02395833283662796 0.015740741044282913
7 0.0062500000931322575 0.1587962955236435 0.012500000186264515 0.013888888992369175
0 0.390625 0.48472222685813904 0.008333333767950535 0.0416666679084301
0 0.4476562440395355 0.2143518477678299 0.0026041667442768812 0.021296296268701553
0 0.45911458134651184 0.19398148357868195 0.0026041667442768812 0.01944444514811039
0 0.8755208253860474 0.1518518477678299 0.0052083334885537624 0.014814814552664757
0 0.4453125 0.20694445073604584 0.0031250000465661287 0.012037036940455437
0 0.4502604305744171 0.19768518209457397 0.0026041667442768812 0.01944444514811039
0 0.8885416388511658 0.26157405972480774 0.00937500037252903 0.02500000037252903
0 0.9877604246139526 0.2537037134170532 0.010937499813735485 0.024074073880910873
0 0.5236979126930237 0.2212962955236435 0.0026041667442768812 0.014814814552664757
0 0.535937488079071 0.1518518477678299 0.0020833334419876337 0.014814814552664757
0 0.4515624940395355 0.17222222685813904 0.0031250000465661287 0.01666666753590107
0 0.9755208492279053 0.10555555671453476 0.004166666883975267 0.011111111380159855
0 0.8643229007720947 0.17037037014961243 0.00572916679084301 0.01666666753590107
0 0.503125011920929 0.15416666865348816 0.0020833334419876337 0.015740741044282913
0 0.11510416865348816 0.1615740805864334 0.0062500000931322575 0.015740741044282913
0 0.44218748807907104 0.23055554926395416 0.0031250000465661287 0.02222222276031971
0 0.4507812559604645 0.182407408952713 0.0026041667442768812 0.018518518656492233
0 0.5101562738418579 0.15046297013759613 0.0015625000232830644 0.015740741044282913
0 0.859375 0.18611110746860504 0.0062500000931322575 0.018518518656492233
0 0.01770833320915699 0.16944444179534912 0.0072916666977107525 0.01666666753590107
0 0.4346354305744171 0.2527777850627899 0.0036458333488553762 0.024074073880910873
