8 0.7372395992279053 0.16712963581085205 0.010937499813735485 0.015740741044282913
2 0.5963541865348816 0.16018518805503845 0.03958333283662796 0.046296294778585434
7 0.40937501192092896 0.1675925999879837 0.012500000186264515 0.014814814552664757
2 0.6721354126930237 0.16018518805503845 0.04322916641831398 0.046296294778585434
7 0.995312511920929 0.11435185372829437 0.00937500037252903 0.010185184888541698
1 0.01145833358168602 0.1675925999879837 0.02291666716337204 0.01666666753590107
1 0.6330729126930237 0.17407406866550446 0.02656250074505806 0.01666666753590107
1 0.557812511920929 0.17407406866550446 0.02500000037252903 0.01666666753590107
0 0.37187498807907104 0.5689814686775208 0.010416666977107525 0.04722222313284874
0 0.4437499940395355 0.23055554926395416 0.0031250000465661287 0.02222222276031971
0 0.45651042461395264 0.20555555820465088 0.0026041667442768812 0.020370369777083397
0 0.44192707538604736 0.21944443881511688 0.0036458333488553762 0.012962962500751019
0 0.4468750059604645 0.21203704178333282 0.0031250000465661287 0.020370369777083397
0 0.9221354126930237 0.2856481373310089 0.010937499813735485 0.026851851493120193
0 0.5257812738418579 0.23564815521240234 0.0026041667442768812 0.015740741044282913
0 0.535937488079071 0.1597222238779068 0.0020833334419876337 0.015740741044282913
0 0.44973957538604736 0.182407408952713 0.0026041667442768812 0.018518518656492233
0 0.9921875 0.10925926268100739 0.004166666883975267 0.011111111380159855
0 0.8815104365348816 0.1805555522441864 0.006770833395421505 0.018518518656492233
0 0.5018228888511658 0.16203702986240387 0.0015625000232830644 0.01666666753590107
0 0.09765625 0.16990740597248077 0.006770833395421505 0.017592592164874077
0 0.4377604126930237 0.24953703582286835 0.0036458333488553762 0.023148147389292717
0 0.4481770694255829 0.192592591047287 0.0026041667442768812 0.018518518656492233
0 0.17916665971279144 0.1587962955236435 0.0052083334885537624 0.015740741044282913
0 0.5091145634651184 0.1578703671693802 0.0015625000232830644 0.015740741044282913
0 0.8812500238418579 0.19768518209457397 0.0072916666977107525 0.01944444514811039
0 0.4296875 0.27222222089767456 0.004166666883975267 0.025925925001502037
