8 0.7333333492279053 0.1597222238779068 0.010416666977107525 0.015740741044282913
2 0.5921875238418579 0.1527777761220932 0.03750000149011612 0.04444444552063942
7 0.41874998807907104 0.16018518805503845 0.01145833358168602 0.014814814552664757
2 0.6651041507720947 0.1527777761220932 0.0416666679084301 0.04444444552063942
1 0.02812499925494194 0.1606481522321701 0.03229166567325592 0.015740741044282913
1 0.6273437738418579 0.16620370745658875 0.02552083320915699 0.015740741044282913
1 0.5552083253860474 0.16620370745658875 0.02395833283662796 0.015740741044282913
7 0.004687500186264515 0.16018518805503845 0.00937500037252903 0.014814814552664757
0 0.3882812559604645 0.49537035822868347 0.008854166604578495 0.04259259253740311
0 0.44713541865348816 0.2162037044763565 0.0026041667442768812 0.021296296268701553
0 0.4585937559604645 0.19583334028720856 0.0026041667442768812 0.01944444514811039
0 0.8778645992279053 0.1527777761220932 0.00572916679084301 0.014814814552664757
0 0.44479167461395264 0.2083333283662796 0.0031250000465661287 0.012962962500751019
0 0.02812499925494194 0.15138888359069824 0.0062500000931322575 0.015740741044282913
0 0.44973957538604736 0.20000000298023224 0.0026041667442768812 0.020370369777083397
0 0.8932291865348816 0.2648148238658905 0.00937500037252903 0.025925925001502037
0 0.9924479126930237 0.25648146867752075 0.010937499813735485 0.024074073880910873
0 0.524218738079071 0.2231481522321701 0.0026041667442768812 0.014814814552664757
0 0.535937488079071 0.1527777761220932 0.0020833334419876337 0.014814814552664757
0 0.45104166865348816 0.1736111044883728 0.0031250000465661287 0.017592592164874077
0 0.8666666746139526 0.17175926268100739 0.0062500000931322575 0.017592592164874077
0 0.503125011920929 0.15509259700775146 0.0020833334419876337 0.015740741044282913
0 0.11249999701976776 0.16296295821666718 0.0062500000931322575 0.01666666753590107
0 0.4416666626930237 0.23333333432674408 0.0031250000465661287 0.02222222276031971
0 0.4502604305744171 0.18379630148410797 0.0026041667442768812 0.017592592164874077
0 0.19036458432674408 0.1518518477678299 0.004687500186264515 0.014814814552664757
0 0.5098958611488342 0.15138888359069824 0.0020833334419876337 0.015740741044282913
0 0.8619791865348816 0.18703703582286835 0.0062500000931322575 0.018518518656492233
0 0.014583333395421505 0.17083333432674408 0.0072916666977107525 0.017592592164874077
0 0.43411457538604736 0.25555557012557983 0.0036458333488553762 0.024074073880910873
