8 0.7338541746139526 0.16111111640930176 0.010416666977107525 0.014814814552664757
2 0.592968761920929 0.1537037044763565 0.03802083432674408 0.04444444552063942
7 0.41718751192092896 0.1615740805864334 0.01145833358168602 0.013888888992369175
2 0.6661458611488342 0.1537037044763565 0.0416666679084301 0.04444444552063942
1 0.02473958395421505 0.1615740805864334 0.03281249850988388 0.015740741044282913
1 0.6283854246139526 0.1675925999879837 0.02552083320915699 0.01666666753590107
1 0.5557291507720947 0.1675925999879837 0.02395833283662796 0.01666666753590107
7 0.0031250000465661287 0.16111111640930176 0.0062500000931322575 0.014814814552664757
0 0.3856770694255829 0.5060185194015503 0.008854166604578495 0.043518517166376114
0 0.4466145932674408 0.21898147463798523 0.0026041667442768812 0.021296296268701553
0 0.4585937559604645 0.19722221791744232 0.0026041667442768812 0.018518518656492233
0 0.4442708194255829 0.2101851850748062 0.0031250000465661287 0.012962962500751019
0 0.02500000037252903 0.15231481194496155 0.0062500000931322575 0.015740741044282913
0 0.44921875 0.20185184478759766 0.0026041667442768812 0.020370369777083397
0 0.8973958492279053 0.2680555582046509 0.00937500037252903 0.02500000037252903
0 0.9955729246139526 0.2587963044643402 0.008854166604578495 0.02500000037252903
0 0.524218738079071 0.22499999403953552 0.0026041667442768812 0.014814814552664757
0 0.535937488079071 0.15416666865348816 0.0020833334419876337 0.015740741044282913
0 0.45104166865348816 0.1745370328426361 0.0031250000465661287 0.017592592164874077
0 0.8687499761581421 0.17314815521240234 0.0062500000931322575 0.01666666753590107
0 0.5028645992279053 0.15601852536201477 0.0015625000232830644 0.015740741044282913
0 0.11041666567325592 0.16388888657093048 0.0062500000931322575 0.01666666753590107
0 0.44088542461395264 0.23564815521240234 0.0036458333488553762 0.023148147389292717
0 0.44973957538604736 0.18518517911434174 0.0026041667442768812 0.018518518656492233
0 0.18854166567325592 0.1527777761220932 0.0052083334885537624 0.014814814552664757
0 0.5096353888511658 0.1527777761220932 0.0015625000232830644 0.014814814552664757
0 0.8651041388511658 0.18888889253139496 0.0062500000931322575 0.018518518656492233
0 0.011197916232049465 0.17175926268100739 0.0078125 0.017592592164874077
0 0.4333333373069763 0.2578703761100769 0.004166666883975267 0.02500000037252903
