8 0.7411458492279053 0.17499999701976776 0.01145833358168602 0.01666666753590107
2 0.6005208492279053 0.1675925999879837 0.0416666679084301 0.04814814776182175
7 0.39895832538604736 0.17546296119689941 0.012500000186264515 0.015740741044282913
2 0.6802083253860474 0.1675925999879837 0.04583333432674408 0.04814814776182175
1 0.6390625238418579 0.18194444477558136 0.02812499925494194 0.017592592164874077
1 0.5601562261581421 0.182407408952713 0.02656250074505806 0.018518518656492233
0 0.34947916865348816 0.6689814925193787 0.01354166679084301 0.05277777835726738
0 0.4403645694255829 0.24675926566123962 0.0036458333488553762 0.023148147389292717
0 0.4541666805744171 0.2162037044763565 0.0031250000465661287 0.021296296268701553
0 0.4390625059604645 0.23148147761821747 0.004166666883975267 0.012962962500751019
0 0.4437499940395355 0.22546295821666718 0.0031250000465661287 0.021296296268701553
0 0.956250011920929 0.3106481432914734 0.012500000186264515 0.028703704476356506
0 0.52734375 0.24953703582286835 0.0026041667442768812 0.017592592164874077
0 0.535937488079071 0.1666666716337204 0.0020833334419876337 0.01666666753590107
0 0.4479166567325592 0.192592591047287 0.0031250000465661287 0.018518518656492233
0 0.8979166746139526 0.18981482088565826 0.0072916666977107525 0.018518518656492233
0 0.5005208253860474 0.16990740597248077 0.0020833334419876337 0.017592592164874077
0 0.08124999701976776 0.17731481790542603 0.0072916666977107525 0.017592592164874077
0 0.43359375 0.2680555582046509 0.0036458333488553762 0.02500000037252903
0 0.4455729126930237 0.2023148089647293 0.0026041667442768812 0.01944444514811039
0 0.16692708432674408 0.1657407432794571 0.00572916679084301 0.01666666753590107
0 0.5080729126930237 0.1657407432794571 0.0015625000232830644 0.01666666753590107
0 0.90234375 0.2101851850748062 0.0078125 0.020370369777083397
0 0.42500001192092896 0.29120370745658875 0.004166666883975267 0.026851851493120193
