1 0.25468748807907104 0.23333333432674408 0.01770833320915699 0.02222222276031971
8 0.7424479126930237 0.17777778208255768 0.01197916641831398 0.01666666753590107
2 0.602343738079071 0.17083333432674408 0.04218750074505806 0.049074072390794754
7 0.39531248807907104 0.17824074625968933 0.012500000186264515 0.015740741044282913
2 0.682812511920929 0.17083333432674408 0.046875 0.049074072390794754
1 0.6411458253860474 0.18518517911434174 0.02812499925494194 0.018518518656492233
1 0.5611979365348816 0.18518517911434174 0.02656250074505806 0.018518518656492233
0 0.34062498807907104 0.7092592716217041 0.014583333395421505 0.0555555559694767
0 0.4388020932674408 0.25231480598449707 0.0036458333488553762 0.023148147389292717
0 0.453125 0.21990740299224854 0.0031250000465661287 0.021296296268701553
0 0.43802082538604736 0.23564815521240234 0.004166666883975267 0.013888888992369175
0 0.4427083432674408 0.2300925999879837 0.0031250000465661287 0.021296296268701553
0 0.9690104126930237 0.3194444477558136 0.013020833022892475 0.029629629105329514
0 0.528124988079071 0.25462964177131653 0.0031250000465661287 0.01666666753590107
0 0.535937488079071 0.16944444179534912 0.0020833334419876337 0.01666666753590107
0 0.4468750059604645 0.19583334028720856 0.0031250000465661287 0.01944444514811039
0 0.9041666388511658 0.19305555522441864 0.0072916666977107525 0.01944444514811039
0 0.5 0.1726851910352707 0.0020833334419876337 0.017592592164874077
0 0.0755208358168602 0.18009258806705475 0.0072916666977107525 0.017592592164874077
0 0.4320312440395355 0.2750000059604645 0.0036458333488553762 0.025925925001502037
0 0.44479167461395264 0.20555555820465088 0.0031250000465661287 0.020370369777083397
0 0.1627604216337204 0.16851851344108582 0.00572916679084301 0.01666666753590107
0 0.5078125 0.1675925999879837 0.0020833334419876337 0.01666666753590107
0 0.91015625 0.2143518477678299 0.0078125 0.021296296268701553
0 0.4231770932674408 0.29814815521240234 0.004687500186264515 0.02777777798473835
1 0.25468748807907104 0.23333333432674408 0.01770833320915699 0.02222222276031971
