1 0.24505208432674408 0.2430555522441864 0.01822916604578495 0.023148147389292717
8 0.745312511920929 0.18333333730697632 0.012500000186264515 0.01666666753590107
2 0.60546875 0.17638888955116272 0.0442708320915699 0.05092592537403107
7 0.38749998807907104 0.18379630148410797 0.01354166679084301 0.015740741044282913
2 0.6888020634651184 0.17638888955116272 0.04843749850988388 0.05092592537403107
1 0.6455729007720947 0.19166666269302368 0.02968749962747097 0.018518518656492233
1 0.563281238079071 0.19166666269302368 0.02760416641831398 0.018518518656492233
0 0.3187499940395355 0.8078703880310059 0.01770833320915699 0.06018518656492233
0 0.4361979067325592 0.26435184478759766 0.0036458333488553762 0.02500000037252903
0 0.45130208134651184 0.22777777910232544 0.0026041667442768812 0.02222222276031971
0 0.9234374761581421 0.1745370328426361 0.0072916666977107525 0.017592592164874077
0 0.4359374940395355 0.244907408952713 0.004166666883975267 0.013888888992369175
0 0.4403645694255829 0.24027778208255768 0.0036458333488553762 0.023148147389292717
0 0.9947916865348816 0.3393518626689911 0.010416666977107525 0.03055555559694767
0 0.5291666388511658 0.26527777314186096 0.0031250000465661287 0.017592592164874077
0 0.535937488079071 0.1745370328426361 0.0020833334419876337 0.017592592164874077
0 0.4453125 0.20324073731899261 0.0031250000465661287 0.01944444514811039
0 0.9169270992279053 0.2004629671573639 0.0078125 0.01944444514811039
0 0.4989583194255829 0.17824074625968933 0.0020833334419876337 0.017592592164874077
0 0.06354166567325592 0.18611110746860504 0.0072916666977107525 0.018518518656492233
0 0.4286458194255829 0.28935185074806213 0.004166666883975267 0.026851851493120193
0 0.4427083432674408 0.21296297013759613 0.0031250000465661287 0.020370369777083397
0 0.15390625596046448 0.1736111044883728 0.00572916679084301 0.017592592164874077
0 0.507031261920929 0.17314815521240234 0.0015625000232830644 0.01666666753590107
0 0.92578125 0.2231481522321701 0.008854166604578495 0.02222222276031971
0 0.4195312559604645 0.3134259283542633 0.004687500186264515 0.028703704476356506
1 0.24505208432674408 0.2430555522441864 0.01822916604578495 0.023148147389292717
