1 0.24765625596046448 0.24074074625968933 0.01822916604578495 0.02222222276031971
8 0.7445312738418579 0.18194444477558136 0.01197916641831398 0.017592592164874077
2 0.604687511920929 0.17499999701976776 0.04374999925494194 0.05000000074505806
7 0.3895833194255829 0.182407408952713 0.01354166679084301 0.01666666753590107
2 0.6869791746139526 0.17499999701976776 0.04791666567325592 0.05000000074505806
1 0.6442708373069763 0.18981482088565826 0.02916666679084301 0.018518518656492233
1 0.5625 0.18981482088565826 0.02708333358168602 0.018518518656492233
0 0.32473957538604736 0.7805555462837219 0.01718750037252903 0.05925925821065903
0 0.43671876192092896 0.26157405972480774 0.0036458333488553762 0.02500000037252903
0 0.4518229067325592 0.22592592239379883 0.0026041667442768812 0.02222222276031971
0 0.9205729365348816 0.17314815521240234 0.006770833395421505 0.01666666753590107
0 0.4364583194255829 0.2421296238899231 0.004166666883975267 0.013888888992369175
0 0.4411458373069763 0.23749999701976776 0.0031250000465661287 0.023148147389292717
0 0.9893229007720947 0.33379629254341125 0.01406249962747097 0.03055555559694767
0 0.5289062261581421 0.26249998807907104 0.0026041667442768812 0.017592592164874077
0 0.535937488079071 0.17314815521240234 0.0020833334419876337 0.01666666753590107
0 0.44583332538604736 0.2013888955116272 0.0031250000465661287 0.01944444514811039
0 0.9135416746139526 0.19861111044883728 0.0072916666977107525 0.01944444514811039
0 0.4989583194255829 0.17638888955116272 0.0020833334419876337 0.017592592164874077
0 0.06666667014360428 0.18425926566123962 0.0072916666977107525 0.018518518656492233
0 0.4294270873069763 0.2856481373310089 0.0036458333488553762 0.026851851493120193
0 0.44322916865348816 0.21111111342906952 0.0031250000465661287 0.020370369777083397
0 0.15625 0.17222222685813904 0.0062500000931322575 0.01666666753590107
0 0.5072916746139526 0.17175926268100739 0.0020833334419876337 0.017592592164874077
0 0.921875 0.22083333134651184 0.008333333767950535 0.021296296268701553
0 0.4203124940395355 0.3097222149372101 0.004166666883975267 0.028703704476356506
1 0.24765625596046448 0.24074074625968933 0.01822916604578495 0.02222222276031971
