8 0.7401041388511658 0.1736111044883728 0.01145833358168602 0.015740741044282913
2 0.5997396111488342 0.1666666716337204 0.04114583507180214 0.04814814776182175
7 0.4007812440395355 0.17407406866550446 0.013020833022892475 0.014814814552664757
2 0.678906261920929 0.1666666716337204 0.04531250149011612 0.04814814776182175
1 0.0026041667442768812 0.17407406866550446 0.0052083334885537624 0.01666666753590107
1 0.6380208134651184 0.18101851642131805 0.02812499925494194 0.017592592164874077
1 0.5598958134651184 0.18101851642131805 0.02604166604578495 0.017592592164874077
0 0.3539062440395355 0.6499999761581421 0.013020833022892475 0.051851850003004074
0 0.44088542461395264 0.2439814805984497 0.0036458333488553762 0.023148147389292717
0 0.4544270932674408 0.2143518477678299 0.0026041667442768812 0.021296296268701553
0 0.43958333134651184 0.2291666716337204 0.004166666883975267 0.013888888992369175
0 0.4442708194255829 0.22268518805503845 0.0031250000465661287 0.021296296268701553
0 0.9502604007720947 0.30601853132247925 0.01197916641831398 0.028703704476356506
0 0.5270833373069763 0.24722221493721008 0.0031250000465661287 0.01666666753590107
0 0.535937488079071 0.1657407432794571 0.0020833334419876337 0.01666666753590107
0 0.4481770694255829 0.19074073433876038 0.0026041667442768812 0.018518518656492233
0 0.8950520753860474 0.18796296417713165 0.006770833395421505 0.018518518656492233
0 0.5005208253860474 0.16851851344108582 0.0020833334419876337 0.01666666753590107
0 0.08411458134651184 0.17638888955116272 0.006770833395421505 0.017592592164874077
0 0.43411457538604736 0.26435184478759766 0.0036458333488553762 0.02500000037252903
0 0.44609373807907104 0.2004629671573639 0.0026041667442768812 0.01944444514811039
0 0.16901041567325592 0.1648148149251938 0.00572916679084301 0.01666666753590107
0 0.5083333253860474 0.16388888657093048 0.0020833334419876337 0.01666666753590107
0 0.8986979126930237 0.2083333283662796 0.0078125 0.020370369777083397
0 0.4260416626930237 0.28842592239379883 0.004166666883975267 0.026851851493120193
