1 0.21692708134651184 0.27129629254341125 0.02135416679084301 0.025925925001502037
8 0.7536458373069763 0.19953703880310059 0.01354166679084301 0.017592592164874077
2 0.6145833134651184 0.192592591047287 0.04791666567325592 0.0555555559694767
7 0.3661458194255829 0.2004629671573639 0.014583333395421505 0.017592592164874077
2 0.7049478888511658 0.192592591047287 0.05364583432674408 0.0555555559694767
1 0.6580728888511658 0.2092592567205429 0.03281249850988388 0.020370369777083397
1 0.5684896111488342 0.2092592567205429 0.02968749962747097 0.020370369777083397
0 0.42760416865348816 0.3018518388271332 0.004166666883975267 0.02777777798473835
0 0.44609373807907104 0.2509259283542633 0.0036458333488553762 0.024074073880910873
0 0.9549478888511658 0.18981482088565826 0.0078125 0.018518518656492233
0 0.4294270873069763 0.2708333432674408 0.004687500186264515 0.015740741044282913
0 0.43359375 0.27037036418914795 0.0036458333488553762 0.025925925001502037
0 0.5330728888511658 0.2958333194255829 0.0036458333488553762 0.01944444514811039
0 0.5361979007720947 0.18981482088565826 0.0026041667442768812 0.018518518656492233
0 0.44088542461395264 0.22453702986240387 0.0036458333488553762 0.021296296268701553
0 0.9541666507720947 0.22175925970077515 0.008333333767950535 0.021296296268701553
0 0.49609375 0.1935185194015503 0.0026041667442768812 0.018518518656492233
0 0.02968749962747097 0.20185184478759766 0.008333333767950535 0.020370369777083397
0 0.4182291626930237 0.3333333432674408 0.0052083334885537624 0.029629629105329514
0 0.4377604126930237 0.23379629850387573 0.0036458333488553762 0.023148147389292717
0 0.12890625 0.18796296417713165 0.006770833395421505 0.018518518656492233
0 0.5052083134651184 0.18796296417713165 0.0020833334419876337 0.018518518656492233
0 0.9723958373069763 0.24953703582286835 0.010416666977107525 0.023148147389292717
0 0.4078125059604645 0.35879629850387573 0.0052083334885537624 0.032407406717538834
1 0.21692708134651184 0.27129629254341125 0.02135416679084301 0.025925925001502037
