1 0.234375 0.2537037134170532 0.01979166641831398 0.024074073880910873
8 0.7484375238418579 0.1893518567085266 0.012500000186264515 0.017592592164874077
2 0.6091145873069763 0.18287037312984467 0.04531250149011612 0.05277777835726738
7 0.37942707538604736 0.18981482088565826 0.01406249962747097 0.01666666753590107
2 0.6947916746139526 0.18287037312984467 0.05000000074505806 0.05277777835726738
1 0.6502603888511658 0.19861111044883728 0.03072916716337204 0.01944444514811039
1 0.5651041865348816 0.19861111044883728 0.02812499925494194 0.01944444514811039
0 0.2893229126930237 0.9402777552604675 0.02239583246409893 0.06574074178934097
0 0.43307292461395264 0.2787036895751953 0.0036458333488553762 0.025925925001502037
0 0.4494791626930237 0.23657406866550446 0.0031250000465661287 0.023148147389292717
0 0.9354166388511658 0.18009258806705475 0.0072916666977107525 0.017592592164874077
0 0.4333333373069763 0.25462964177131653 0.004166666883975267 0.014814814552664757
0 0.4377604126930237 0.2518518567085266 0.0036458333488553762 0.024074073880910873
0 0.5307291746139526 0.2768518626689911 0.0031250000465661287 0.018518518656492233
0 0.5361979007720947 0.18009258806705475 0.0026041667442768812 0.017592592164874077
0 0.4437499940395355 0.21111111342906952 0.0031250000465661287 0.020370369777083397
0 0.9309895634651184 0.2083333283662796 0.0078125 0.020370369777083397
0 0.49791666865348816 0.18425926566123962 0.0020833334419876337 0.018518518656492233
0 0.05078125 0.19212962687015533 0.0078125 0.01944444514811039
0 0.4247395694255829 0.3055555522441864 0.004687500186264515 0.02777777798473835
0 0.4411458373069763 0.22083333134651184 0.0031250000465661287 0.021296296268701553
0 0.14427083730697632 0.17916665971279144 0.0062500000931322575 0.017592592164874077
0 0.5062500238418579 0.17870371043682098 0.0020833334419876337 0.018518518656492233
0 0.9434896111488342 0.23333333432674408 0.008854166604578495 0.02222222276031971
0 0.4151041805744171 0.33009257912635803 0.0052083334885537624 0.03055555559694767
1 0.234375 0.2537037134170532 0.01979166641831398 0.024074073880910873
