1 0.21979166567325592 0.2680555582046509 0.02083333395421505 0.02500000037252903
8 0.7528645992279053 0.19814814627170563 0.013020833022892475 0.018518518656492233
2 0.6135416626930237 0.19120369851589203 0.04791666567325592 0.05462963134050369
7 0.3684895932674408 0.19861111044883728 0.015104166232049465 0.017592592164874077
2 0.703125 0.19120369851589203 0.05312500149011612 0.05462963134050369
1 0.6567708253860474 0.2074074000120163 0.03229166567325592 0.020370369777083397
1 0.5679687261581421 0.2074074000120163 0.02968749962747097 0.020370369777083397
0 0.4286458194255829 0.2976851761341095 0.004166666883975267 0.026851851493120193
0 0.4466145932674408 0.2481481432914734 0.0036458333488553762 0.024074073880910873
0 0.9513021111488342 0.18796296417713165 0.0078125 0.018518518656492233
0 0.43020832538604736 0.2680555582046509 0.004166666883975267 0.015740741044282913
0 0.43437498807907104 0.2671296298503876 0.004166666883975267 0.02500000037252903
0 0.5325520634651184 0.29212963581085205 0.0036458333488553762 0.01944444514811039
0 0.5361979007720947 0.18796296417713165 0.0026041667442768812 0.018518518656492233
0 0.44140625 0.2222222238779068 0.0036458333488553762 0.02222222276031971
0 0.9502604007720947 0.21898147463798523 0.0078125 0.021296296268701553
0 0.4963541626930237 0.19166666269302368 0.0020833334419876337 0.018518518656492233
0 0.03333333507180214 0.20000000298023224 0.008333333767950535 0.020370369777083397
0 0.4195312559604645 0.3282407522201538 0.004687500186264515 0.03055555559694767
0 0.43828123807907104 0.23148147761821747 0.0036458333488553762 0.02222222276031971
0 0.1315104216337204 0.18703703582286835 0.006770833395421505 0.018518518656492233
0 0.5052083134651184 0.18611110746860504 0.0020833334419876337 0.018518518656492233
0 0.9674479365348816 0.24675926566123962 0.00989583320915699 0.023148147389292717
0 0.4091145694255829 0.35370370745658875 0.00572916679084301 0.031481482088565826
1 0.21979166567325592 0.2680555582046509 0.02083333395421505 0.02500000037252903
