1 0.22291666269302368 0.26527777314186096 0.02083333395421505 0.02500000037252903
8 0.7518228888511658 0.19629628956317902 0.013020833022892475 0.018518518656492233
2 0.6127604246139526 0.1893518567085266 0.04739583283662796 0.05462963134050369
7 0.3708333373069763 0.19675925374031067 0.014583333395421505 0.017592592164874077
2 0.7013021111488342 0.1893518567085266 0.05260416492819786 0.05462963134050369
1 0.655468761920929 0.20555555820465088 0.03177083283662796 0.020370369777083397
1 0.5674479007720947 0.20555555820465088 0.02968749962747097 0.020370369777083397
0 0.4296875 0.2935185134410858 0.004166666883975267 0.02777777798473835
0 0.44713541865348816 0.24583333730697632 0.0036458333488553762 0.023148147389292717
0 0.9481770992279053 0.18611110746860504 0.0078125 0.018518518656492233
0 0.4309895932674408 0.2648148238658905 0.004687500186264515 0.014814814552664757
0 0.4351562559604645 0.26342591643333435 0.0036458333488553762 0.02500000037252903
0 0.5322916507720947 0.2888889014720917 0.0031250000465661287 0.018518518656492233
0 0.5361979007720947 0.18611110746860504 0.0026041667442768812 0.018518518656492233
0 0.44192707538604736 0.21990740299224854 0.0036458333488553762 0.021296296268701553
0 0.9463541507720947 0.2171296328306198 0.008333333767950535 0.021296296268701553
0 0.49687498807907104 0.19027778506278992 0.0020833334419876337 0.01944444514811039
0 0.03697916492819786 0.19861111044883728 0.008333333767950535 0.01944444514811039
0 0.4205729067325592 0.3231481611728668 0.004687500186264515 0.029629629105329514
0 0.4388020932674408 0.2291666716337204 0.0036458333488553762 0.021296296268701553
0 0.1341145783662796 0.18518517911434174 0.006770833395421505 0.018518518656492233
0 0.5057291388511658 0.18472221493721008 0.0020833334419876337 0.017592592164874077
0 0.9622395634651184 0.2439814805984497 0.00989583320915699 0.023148147389292717
0 0.4104166626930237 0.3490740656852722 0.0052083334885537624 0.031481482088565826
1 0.22291666269302368 0.26527777314186096 0.02083333395421505 0.02500000037252903
