1 0.22890624403953552 0.25925925374031067 0.02031249925494194 0.024074073880910873
8 0.75 0.19305555522441864 0.012500000186264515 0.017592592164874077
2 0.6106770634651184 0.1856481432914734 0.04635416716337204 0.05277777835726738
7 0.3752604126930237 0.1935185194015503 0.01406249962747097 0.01666666753590107
2 0.6979166865348816 0.18611110746860504 0.05104166641831398 0.05370370298624039
1 0.6526041626930237 0.2013888955116272 0.03125 0.01944444514811039
1 0.5661458373069763 0.20185184478759766 0.02916666679084301 0.020370369777083397
0 0.2710937559604645 0.9935185313224792 0.02552083320915699 0.012962962500751019
0 0.4312500059604645 0.2856481373310089 0.004166666883975267 0.026851851493120193
0 0.44843751192092896 0.24120371043682098 0.0031250000465661287 0.023148147389292717
0 0.9416666626930237 0.18333333730697632 0.0072916666977107525 0.018518518656492233
0 0.4322916567325592 0.25925925374031067 0.004166666883975267 0.014814814552664757
0 0.4364583194255829 0.25740739703178406 0.0031250000465661287 0.024074073880910873
0 0.53125 0.28240740299224854 0.0031250000465661287 0.018518518656492233
0 0.5361979007720947 0.18333333730697632 0.0026041667442768812 0.018518518656492233
0 0.4429687559604645 0.2152777761220932 0.0036458333488553762 0.021296296268701553
0 0.938281238079071 0.21250000596046448 0.0078125 0.021296296268701553
0 0.4973958432674408 0.18703703582286835 0.0020833334419876337 0.018518518656492233
0 0.04401041567325592 0.19490741193294525 0.0078125 0.01944444514811039
0 0.42265623807907104 0.3143518567085266 0.004687500186264515 0.028703704476356506
0 0.4398437440395355 0.22499999403953552 0.0036458333488553762 0.02222222276031971
0 0.1393229216337204 0.18194444477558136 0.006770833395421505 0.017592592164874077
0 0.5059896111488342 0.1814814805984497 0.0015625000232830644 0.018518518656492233
0 0.9526041746139526 0.23842592537403107 0.00937500037252903 0.023148147389292717
0 0.4127604067325592 0.3393518626689911 0.004687500186264515 0.03055555559694767
1 0.22890624403953552 0.25925925374031067 0.02031249925494194 0.024074073880910873
