1 0.20364584028720856 0.2847222089767456 0.02291666716337204 0.026851851493120193
8 0.7572916746139526 0.20694445073604584 0.01354166679084301 0.01944444514811039
2 0.6187499761581421 0.20000000298023224 0.05000000074505806 0.05740740895271301
7 0.3567708432674408 0.2074074000120163 0.015625 0.018518518656492233
2 0.7122395634651184 0.20000000298023224 0.05572916567325592 0.05740740895271301
1 0.6638020873069763 0.2171296328306198 0.0338541679084301 0.021296296268701553
1 0.5708333253860474 0.2171296328306198 0.03125 0.021296296268701553
0 0.42369791865348816 0.31990739703178406 0.004687500186264515 0.028703704476356506
0 0.44348958134651184 0.2611111104488373 0.0036458333488553762 0.024074073880910873
0 0.96875 0.19629628956317902 0.008333333767950535 0.018518518656492233
0 0.42656248807907104 0.28240740299224854 0.0052083334885537624 0.01666666753590107
0 0.43020832538604736 0.28425925970077515 0.004166666883975267 0.025925925001502037
0 0.5346354246139526 0.31018519401550293 0.0036458333488553762 0.020370369777083397
0 0.5361979007720947 0.19629628956317902 0.0026041667442768812 0.018518518656492233
0 0.4388020932674408 0.23425926268100739 0.0036458333488553762 0.02222222276031971
0 0.9710937738418579 0.23101851344108582 0.008854166604578495 0.023148147389292717
0 0.4947916567325592 0.2004629671573639 0.0020833334419876337 0.01944444514811039
0 0.014843749813735485 0.2083333283662796 0.008854166604578495 0.020370369777083397
0 0.41328126192092896 0.35462963581085205 0.00572916679084301 0.031481482088565826
0 0.4351562559604645 0.2430555522441864 0.0036458333488553762 0.023148147389292717
0 0.11770833283662796 0.19490741193294525 0.0072916666977107525 0.01944444514811039
0 0.5041666626930237 0.19398148357868195 0.0020833334419876337 0.01944444514811039
0 0.9940103888511658 0.26157405972480774 0.010937499813735485 0.02500000037252903
0 0.4020833373069763 0.3810185194015503 0.0062500000931322575 0.034259259700775146
1 0.20364584028720856 0.2847222089767456 0.02291666716337204 0.026851851493120193
