1 0.20703125 0.28101852536201477 0.02239583246409893 0.026851851493120193
8 0.7562500238418579 0.20509259402751923 0.01354166679084301 0.01944444514811039
2 0.6177083253860474 0.19814814627170563 0.05000000074505806 0.05740740895271301
7 0.3591145873069763 0.20555555820465088 0.015104166232049465 0.018518518656492233
2 0.7104166746139526 0.19861111044883728 0.05520833283662796 0.05648148059844971
1 0.6622396111488342 0.21481481194496155 0.0338541679084301 0.020370369777083397
1 0.5703125 0.2152777761220932 0.03125 0.021296296268701553
0 0.4247395694255829 0.3152777850627899 0.004687500186264515 0.028703704476356506
0 0.4440104067325592 0.25833332538604736 0.0036458333488553762 0.024074073880910873
0 0.9651041626930237 0.1944444477558136 0.008333333767950535 0.018518518656492233
0 0.4273437559604645 0.27916666865348816 0.004687500186264515 0.015740741044282913
0 0.4312500059604645 0.2805555462837219 0.004166666883975267 0.025925925001502037
0 0.534375011920929 0.3064814805984497 0.0031250000465661287 0.020370369777083397
0 0.5361979007720947 0.1944444477558136 0.0026041667442768812 0.018518518656492233
0 0.43932291865348816 0.23148147761821747 0.0036458333488553762 0.02222222276031971
0 0.9669271111488342 0.22870370745658875 0.008854166604578495 0.02222222276031971
0 0.49531251192092896 0.19861111044883728 0.0020833334419876337 0.01944444514811039
0 0.01848958246409893 0.20694445073604584 0.008854166604578495 0.01944444514811039
0 0.41458332538604736 0.3490740656852722 0.0052083334885537624 0.031481482088565826
0 0.43567708134651184 0.24074074625968933 0.0036458333488553762 0.02222222276031971
0 0.12057291716337204 0.19305555522441864 0.006770833395421505 0.01944444514811039
0 0.504687488079071 0.192592591047287 0.0020833334419876337 0.018518518656492233
0 0.98828125 0.25833332538604736 0.010937499813735485 0.024074073880910873
0 0.4033854305744171 0.375 0.00572916679084301 0.03333333507180214
1 0.20703125 0.28101852536201477 0.02239583246409893 0.026851851493120193
