1 0.18151041865348816 0.3064814805984497 0.02552083320915699 0.029629629105329514
8 0.7632812261581421 0.21851852536201477 0.01406249962747097 0.020370369777083397
2 0.6255208253860474 0.21203704178333282 0.05312500149011612 0.06111111119389534
7 0.3411458432674408 0.21898147463798523 0.01666666753590107 0.01944444514811039
2 0.7242187261581421 0.21250000596046448 0.0598958320915699 0.06018518656492233
1 0.672656238079071 0.22962963581085205 0.03593749925494194 0.02222222276031971
1 0.574999988079071 0.2300925999879837 0.03333333507180214 0.023148147389292717
0 0.4164062440395355 0.35046297311782837 0.00572916679084301 0.032407406717538834
0 0.43958333134651184 0.27824074029922485 0.004166666883975267 0.026851851493120193
0 0.9916666746139526 0.20694445073604584 0.00937500037252903 0.01944444514811039
0 0.421875 0.302314817905426 0.0052083334885537624 0.017592592164874077
0 0.4247395694255829 0.30787035822868347 0.004687500186264515 0.028703704476356506
0 0.5377604365348816 0.33379629254341125 0.0036458333488553762 0.021296296268701553
0 0.5361979007720947 0.2074074000120163 0.0026041667442768812 0.020370369777083397
0 0.4348958432674408 0.25046294927597046 0.0031250000465661287 0.023148147389292717
0 0.9971354007720947 0.24629630148410797 0.00572916679084301 0.024074073880910873
0 0.49296873807907104 0.21203704178333282 0.0026041667442768812 0.020370369777083397
0 0.4046874940395355 0.39259257912635803 0.0062500000931322575 0.035185184329748154
0 0.43177083134651184 0.2587963044643402 0.004166666883975267 0.02500000037252903
0 0.09973958134651184 0.20555555820465088 0.0078125 0.020370369777083397
0 0.503125011920929 0.20462962985038757 0.0020833334419876337 0.020370369777083397
0 0.39244791865348816 0.4185185134410858 0.006770833395421505 0.03703703731298447
1 0.18151041865348816 0.3064814805984497 0.02552083320915699 0.029629629105329514
