1 0.15208333730697632 0.3361110985279083 0.02916666679084301 0.03333333507180214
8 0.7708333134651184 0.23379629850387573 0.015625 0.021296296268701553
2 0.6341145634651184 0.22777777910232544 0.05781250074505806 0.06481481343507767
7 0.3205729126930237 0.23425926268100739 0.01822916604578495 0.020370369777083397
2 0.7398437261581421 0.22777777910232544 0.0651041641831398 0.06481481343507767
1 0.6846354007720947 0.24629630148410797 0.0390625 0.024074073880910873
1 0.5802083611488342 0.24675926566123962 0.03541666641831398 0.02500000037252903
0 0.40677082538604736 0.39351850748062134 0.0062500000931322575 0.035185184329748154
0 0.43437498807907104 0.3004629611968994 0.004166666883975267 0.028703704476356506
0 0.4153645932674408 0.32777777314186096 0.00572916679084301 0.018518518656492233
0 0.41718751192092896 0.3402777910232544 0.0052083334885537624 0.03055555559694767
0 0.5419270992279053 0.3689814805984497 0.004687500186264515 0.023148147389292717
0 0.5364583134651184 0.22083333134651184 0.0031250000465661287 0.021296296268701553
0 0.4296875 0.2717592716217041 0.004166666883975267 0.02500000037252903
0 0.49036458134651184 0.22638888657093048 0.0026041667442768812 0.021296296268701553
0 0.3919270932674408 0.4462963044643402 0.0078125 0.03888889029622078
0 0.4268229305744171 0.2787036895751953 0.004687500186264515 0.025925925001502037
0 0.5013020634651184 0.21805556118488312 0.0026041667442768812 0.021296296268701553
0 0.37890625 0.4722222089767456 0.0078125 0.040740739554166794
1 0.15208333730697632 0.3361110985279083 0.02916666679084301 0.03333333507180214
