1 0.14765624701976776 0.34074074029922485 0.02968749962747097 0.03333333507180214
8 0.7718750238418579 0.23657406866550446 0.015625 0.021296296268701553
2 0.6354166865348816 0.2300925999879837 0.05833333358168602 0.06574074178934097
7 0.3174479305744171 0.2370370328426361 0.01822916604578495 0.020370369777083397
2 0.7424479126930237 0.2300925999879837 0.06614582985639572 0.06574074178934097
1 0.6864583492279053 0.2490740716457367 0.03958333283662796 0.024074073880910873
1 0.5809895992279053 0.24953703582286835 0.03593749925494194 0.02500000037252903
0 0.4049479067325592 0.4009259343147278 0.006770833395421505 0.035185184329748154
0 0.4333333373069763 0.30416667461395264 0.004166666883975267 0.028703704476356506
0 0.4143229126930237 0.33194443583488464 0.00572916679084301 0.01944444514811039
0 0.41614583134651184 0.3453703820705414 0.0052083334885537624 0.031481482088565826
0 0.54296875 0.37546294927597046 0.00572916679084301 0.02500000037252903
0 0.5364583134651184 0.2231481522321701 0.0031250000465661287 0.02222222276031971
0 0.4286458194255829 0.2750000059604645 0.004166666883975267 0.025925925001502037
0 0.4898437559604645 0.22870370745658875 0.0026041667442768812 0.02222222276031971
0 0.38984376192092896 0.45509257912635803 0.0078125 0.03981481492519379
0 0.42630207538604736 0.28148147463798523 0.004687500186264515 0.025925925001502037
0 0.5010416507720947 0.2203703671693802 0.0020833334419876337 0.020370369777083397
0 0.3765625059604645 0.48055556416511536 0.008333333767950535 0.040740739554166794
1 0.14765624701976776 0.34074074029922485 0.02968749962747097 0.03333333507180214
