1 0.16093750298023224 0.32685184478759766 0.02812499925494194 0.031481482088565826
8 0.7684895992279053 0.2291666716337204 0.015104166232049465 0.021296296268701553
2 0.6317708492279053 0.22268518805503845 0.05624999850988388 0.06388889253139496
7 0.3265624940395355 0.2300925999879837 0.01770833320915699 0.01944444514811039
2 0.7354166507720947 0.2231481522321701 0.06354166567325592 0.06296296417713165
1 0.6809895634651184 0.24166665971279144 0.03802083432674408 0.024074073880910873
1 0.5783854126930237 0.24166665971279144 0.03489583358168602 0.024074073880910873
0 0.40963542461395264 0.380092591047287 0.00572916679084301 0.034259259700775146
0 0.4359374940395355 0.29398149251937866 0.004166666883975267 0.026851851493120193
0 0.41718751192092896 0.3203703761100769 0.0052083334885537624 0.018518518656492233
0 0.41979166865348816 0.3305555582046509 0.0052083334885537624 0.029629629105329514
0 0.5406249761581421 0.35740742087364197 0.0052083334885537624 0.024074073880910873
0 0.5364583134651184 0.2171296328306198 0.0031250000465661287 0.021296296268701553
0 0.4312500059604645 0.26527777314186096 0.004166666883975267 0.02500000037252903
0 0.4911458194255829 0.22175925970077515 0.0020833334419876337 0.021296296268701553
0 0.3958333432674408 0.4296296238899231 0.0072916666977107525 0.03703703731298447
0 0.4283854067325592 0.2726851999759674 0.004687500186264515 0.02500000037252903
0 0.08359374850988388 0.2152777761220932 0.008854166604578495 0.021296296268701553
0 0.5018228888511658 0.2143518477678299 0.0026041667442768812 0.021296296268701553
0 0.3830729126930237 0.4555555582046509 0.0078125 0.03888889029622078
1 0.16093750298023224 0.32685184478759766 0.02812499925494194 0.031481482088565826
