1 0.16979166865348816 0.31898146867752075 0.02708333358168602 0.03055555559694767
8 0.766406238079071 0.22499999403953552 0.015104166232049465 0.020370369777083397
2 0.6291666626930237 0.21851852536201477 0.05520833283662796 0.06296296417713165
7 0.33255207538604736 0.22546295821666718 0.01718750037252903 0.01944444514811039
2 0.7309895753860474 0.21898147463798523 0.06197916716337204 0.06203703582286835
1 0.6778646111488342 0.23657406866550446 0.03697916492819786 0.023148147389292717
1 0.5770833492279053 0.2370370328426361 0.03437500074505806 0.024074073880910873
0 0.4124999940395355 0.3680555522441864 0.0062500000931322575 0.032407406717538834
0 0.4372395873069763 0.2874999940395355 0.0036458333488553762 0.026851851493120193
0 0.9994791746139526 0.21296297013759613 0.0010416667209938169 0.020370369777083397
0 0.4190104305744171 0.31296294927597046 0.00572916679084301 0.018518518656492233
0 0.421875 0.3212963044643402 0.0052083334885537624 0.029629629105329514
0 0.5395833253860474 0.3472222089767456 0.004166666883975267 0.02222222276031971
0 0.5364583134651184 0.21296297013759613 0.0031250000465661287 0.020370369777083397
0 0.4325520694255829 0.25925925374031067 0.0036458333488553762 0.024074073880910873
0 0.4919270873069763 0.21805556118488312 0.0026041667442768812 0.021296296268701553
0 0.39921873807907104 0.41435185074806213 0.006770833395421505 0.03611111268401146
0 0.4296875 0.2671296298503876 0.004166666883975267 0.02500000037252903
0 0.09010417014360428 0.21111111342906952 0.008333333767950535 0.020370369777083397
0 0.5023437738418579 0.2101851850748062 0.0026041667442768812 0.020370369777083397
0 0.3869791626930237 0.4402777850627899 0.0072916666977107525 0.037962961941957474
1 0.16979166865348816 0.31898146867752075 0.02708333358168602 0.03055555559694767
