1 0.14270833134651184 0.34583333134651184 0.03020833246409893 0.034259259700775146
8 0.7734375 0.23842592537403107 0.015625 0.021296296268701553
2 0.6372395753860474 0.23240740597248077 0.05885416641831398 0.06666667014360428
7 0.31432291865348816 0.23935185372829437 0.01822916604578495 0.021296296268701553
2 0.7447916865348816 0.23287037014961243 0.06666667014360428 0.06574074178934097
1 0.6885416507720947 0.2518518567085266 0.03958333283662796 0.024074073880910873
1 0.5817708373069763 0.25231480598449707 0.0364583320915699 0.02500000037252903
0 0.4033854305744171 0.4078703820705414 0.006770833395421505 0.03611111268401146
0 0.4325520694255829 0.30787035822868347 0.004687500186264515 0.028703704476356506
0 0.41328126192092896 0.33657407760620117 0.00572916679084301 0.01944444514811039
0 0.41484373807907104 0.35092592239379883 0.00572916679084301 0.031481482088565826
0 0.5434895753860474 0.3819444477558136 0.00572916679084301 0.02500000037252903
0 0.5367187261581421 0.22546295821666718 0.0036458333488553762 0.021296296268701553
0 0.42786458134651184 0.2787036895751953 0.004687500186264515 0.025925925001502037
0 0.4895833432674408 0.23055554926395416 0.0020833334419876337 0.02222222276031971
0 0.3877604305744171 0.4643518626689911 0.0078125 0.03981481492519379
0 0.42526042461395264 0.2847222089767456 0.004687500186264515 0.026851851493120193
0 0.06953124701976776 0.22361111640930176 0.008854166604578495 0.021296296268701553
0 0.500781238079071 0.22268518805503845 0.0026041667442768812 0.021296296268701553
0 0.37421876192092896 0.4902777671813965 0.008854166604578495 0.0416666679084301
1 0.14270833134651184 0.34583333134651184 0.03020833246409893 0.034259259700775146
