1 0.17760416865348816 0.31018519401550293 0.02604166604578495 0.029629629105329514
8 0.7645833492279053 0.22083333134651184 0.014583333395421505 0.01944444514811039
2 0.6268228888511658 0.21388888359069824 0.05364583432674408 0.06111111119389534
7 0.33802083134651184 0.2212962955236435 0.01666666753590107 0.018518518656492233
2 0.7265625 0.21481481194496155 0.06041666492819786 0.06111111119389534
1 0.6744791865348816 0.23194444179534912 0.0364583320915699 0.023148147389292717
1 0.5755208134651184 0.23194444179534912 0.03333333507180214 0.023148147389292717
0 0.4151041805744171 0.3560185134410858 0.0052083334885537624 0.032407406717538834
0 0.4388020932674408 0.28148147463798523 0.0036458333488553762 0.025925925001502037
0 0.9955729246139526 0.2092592567205429 0.008854166604578495 0.020370369777083397
0 0.4208333194255829 0.30601853132247925 0.0052083334885537624 0.017592592164874077
0 0.42369791865348816 0.3125 0.004687500186264515 0.028703704476356506
0 0.538281261920929 0.33796295523643494 0.0036458333488553762 0.02222222276031971
0 0.5364583134651184 0.2092592567205429 0.0031250000465661287 0.020370369777083397
0 0.43411457538604736 0.2532407343387604 0.0036458333488553762 0.023148147389292717
0 0.4924479126930237 0.21388888359069824 0.0026041667442768812 0.020370369777083397
0 0.40286457538604736 0.39907407760620117 0.006770833395421505 0.035185184329748154
0 0.4309895932674408 0.26157405972480774 0.0036458333488553762 0.02500000037252903
0 0.5026041865348816 0.20648148655891418 0.0020833334419876337 0.020370369777083397
0 0.3903645873069763 0.42592594027519226 0.006770833395421505 0.03703703731298447
1 0.17760416865348816 0.31018519401550293 0.02604166604578495 0.029629629105329514
