1 0.17369791865348816 0.3143518567085266 0.02656250074505806 0.03055555559694767
8 0.7653645873069763 0.2231481522321701 0.015104166232049465 0.020370369777083397
2 0.6278645992279053 0.2162037044763565 0.0546875 0.06203703582286835
7 0.33541667461395264 0.22361111640930176 0.01666666753590107 0.01944444514811039
2 0.7286458611488342 0.21666666865348816 0.06145833432674408 0.06111111119389534
1 0.6760416626930237 0.23472222685813904 0.0364583320915699 0.023148147389292717
1 0.5763021111488342 0.23472222685813904 0.0338541679084301 0.023148147389292717
0 0.4138020873069763 0.3620370328426361 0.00572916679084301 0.03333333507180214
0 0.43802082538604736 0.2847222089767456 0.004166666883975267 0.026851851493120193
0 0.9973958134651184 0.21111111342906952 0.0052083334885537624 0.020370369777083397
0 0.41979166865348816 0.3092592656612396 0.0052083334885537624 0.018518518656492233
0 0.42265623807907104 0.3166666626930237 0.004687500186264515 0.029629629105329514
0 0.5388020873069763 0.34259259700775146 0.0036458333488553762 0.02222222276031971
0 0.5364583134651184 0.21111111342906952 0.0031250000465661287 0.020370369777083397
0 0.43359375 0.25648146867752075 0.0036458333488553762 0.024074073880910873
0 0.4921875 0.21574074029922485 0.0020833334419876337 0.020370369777083397
0 0.4013020694255829 0.4069444537162781 0.006770833395421505 0.03611111268401146
0 0.43020832538604736 0.26435184478759766 0.004166666883975267 0.02500000037252903
0 0.09348957985639572 0.2092592567205429 0.0078125 0.020370369777083397
0 0.5026041865348816 0.2083333283662796 0.0020833334419876337 0.020370369777083397
0 0.38854166865348816 0.43287035822868347 0.0072916666977107525 0.037962961941957474
1 0.17369791865348816 0.3143518567085266 0.02656250074505806 0.03055555559694767
