1 0.09140624850988388 0.39722222089767456 0.03802083432674408 0.040740739554166794
2 0.6513020992279053 0.2578703761100769 0.06614582985639572 0.07314814627170563
7 0.2822916805744171 0.26342591643333435 0.02083333395421505 0.023148147389292717
2 0.7700520753860474 0.2578703761100769 0.0755208358168602 0.07314814627170563
1 0.7075520753860474 0.2787036895751953 0.0442708320915699 0.02777777798473835
1 0.58984375 0.2787036895751953 0.04010416567325592 0.02777777798473835
0 0.38463541865348816 0.48842594027519226 0.008854166604578495 0.0416666679084301
0 0.42369791865348816 0.3444444537162781 0.004687500186264515 0.031481482088565826
0 0.40234375 0.380092591047287 0.006770833395421505 0.021296296268701553
0 0.40156251192092896 0.4087963104248047 0.0062500000931322575 0.03611111268401146
0 0.14479166269302368 0.2967592477798462 0.008333333767950535 0.01944444514811039
0 0.5513020753860474 0.4504629671573639 0.00572916679084301 0.028703704476356506
0 0.5372396111488342 0.24768517911434174 0.0036458333488553762 0.023148147389292717
0 0.4195312559604645 0.3134259283542633 0.004687500186264515 0.028703704476356506
0 0.4856770932674408 0.2537037134170532 0.0026041667442768812 0.024074073880910873
0 0.36328125 0.5699074268341064 0.010937499813735485 0.04722222313284874
0 0.4177083373069763 0.317592591047287 0.0052083334885537624 0.029629629105329514
0 0.03281249850988388 0.24583333730697632 0.010416666977107525 0.023148147389292717
0 0.49817708134651184 0.2439814805984497 0.0026041667442768812 0.023148147389292717
0 0.34843748807907104 0.592129647731781 0.01145833358168602 0.049074072390794754
1 0.09140624850988388 0.39722222089767456 0.03802083432674408 0.040740739554166794
