1 0.08489583432674408 0.4037036895751953 0.03854166716337204 0.040740739554166794
2 0.6528645753860474 0.2611111104488373 0.06718750298023224 0.07407407462596893
7 0.2783854305744171 0.26620370149612427 0.02135416679084301 0.023148147389292717
2 0.7731770873069763 0.2611111104488373 0.07656250149011612 0.07407407462596893
1 0.7098958492279053 0.2819444537162781 0.04479166492819786 0.028703704476356506
1 0.5911458134651184 0.2819444537162781 0.04062499850988388 0.028703704476356506
0 0.3825520873069763 0.4990740716457367 0.008854166604578495 0.04259259253740311
0 0.42265623807907104 0.3490740656852722 0.004687500186264515 0.031481482088565826
0 0.4010416567325592 0.385185182094574 0.0072916666977107525 0.02222222276031971
0 0.4000000059604645 0.41620370745658875 0.0072916666977107525 0.03611111268401146
0 0.14140625298023224 0.30000001192092896 0.008854166604578495 0.020370369777083397
0 0.5523437261581421 0.45972222089767456 0.00572916679084301 0.028703704476356506
0 0.5372396111488342 0.25 0.0036458333488553762 0.024074073880910873
0 0.41848957538604736 0.31712964177131653 0.004687500186264515 0.028703704476356506
0 0.48515623807907104 0.25648146867752075 0.0026041667442768812 0.024074073880910873
0 0.36015623807907104 0.5842592716217041 0.010937499813735485 0.04814814776182175
0 0.4166666567325592 0.3222222328186035 0.0052083334885537624 0.029629629105329514
0 0.02864583395421505 0.2481481432914734 0.010416666977107525 0.024074073880910873
0 0.4976562559604645 0.24629630148410797 0.0026041667442768812 0.024074073880910873
0 0.3450520932674408 0.6060185432434082 0.01197916641831398 0.049074072390794754
1 0.08489583432674408 0.4037036895751953 0.03854166716337204 0.040740739554166794
