1 0.13203124701976776 0.35648149251937866 0.03177083283662796 0.035185184329748154
8 0.7757812738418579 0.24351851642131805 0.01614583283662796 0.02222222276031971
2 0.6401041746139526 0.23749999701976776 0.06041666492819786 0.06759259104728699
7 0.3075520694255829 0.2439814805984497 0.01927083358168602 0.021296296268701553
2 0.7502604126930237 0.23842592537403107 0.06822916865348816 0.06759259104728699
1 0.6924479007720947 0.25740739703178406 0.04114583507180214 0.025925925001502037
1 0.5835937261581421 0.25740739703178406 0.03697916492819786 0.025925925001502037
0 0.3994791805744171 0.42407408356666565 0.0072916666977107525 0.03703703731298447
0 0.4307291805744171 0.3152777850627899 0.004166666883975267 0.028703704476356506
0 0.41093748807907104 0.34583333134651184 0.0062500000931322575 0.01944444514811039
0 0.41223958134651184 0.36250001192092896 0.00572916679084301 0.032407406717538834
0 0.5450521111488342 0.39537036418914795 0.00572916679084301 0.025925925001502037
0 0.5369791388511658 0.2300925999879837 0.0031250000465661287 0.021296296268701553
0 0.4260416626930237 0.2856481373310089 0.004166666883975267 0.026851851493120193
0 0.48880207538604736 0.23564815521240234 0.0026041667442768812 0.023148147389292717
0 0.3828125 0.48472222685813904 0.008333333767950535 0.0416666679084301
0 0.42369791865348816 0.29212963581085205 0.004687500186264515 0.026851851493120193
0 0.06171875074505806 0.22870370745658875 0.008854166604578495 0.02222222276031971
0 0.5002604126930237 0.22685185074806213 0.0026041667442768812 0.02222222276031971
0 0.36927083134651184 0.510185182094574 0.00937500037252903 0.04259259253740311
1 0.13203124701976776 0.35648149251937866 0.03177083283662796 0.035185184329748154
