1 0.12135417014360428 0.3671296238899231 0.03333333507180214 0.03611111268401146
8 0.7786458134651184 0.2490740716457367 0.01666666753590107 0.02222222276031971
2 0.6429687738418579 0.2430555522441864 0.06197916716337204 0.0694444477558136
7 0.30078125 0.24953703582286835 0.01927083358168602 0.021296296268701553
2 0.7554687261581421 0.24351851642131805 0.0703125 0.06851851940155029
1 0.6966145634651184 0.2629629671573639 0.04218750074505806 0.025925925001502037
1 0.585156261920929 0.26342591643333435 0.03802083432674408 0.026851851493120193
0 0.3958333432674408 0.4407407343387604 0.0072916666977107525 0.03888889029622078
0 0.42890626192092896 0.3231481611728668 0.004687500186264515 0.029629629105329514
0 0.4088541567325592 0.35462963581085205 0.0062500000931322575 0.020370369777083397
0 0.40963542461395264 0.375 0.00572916679084301 0.03333333507180214
0 0.5466145873069763 0.4097222089767456 0.00572916679084301 0.026851851493120193
0 0.5369791388511658 0.23472222685813904 0.0031250000465661287 0.023148147389292717
0 0.4242187440395355 0.29305556416511536 0.004687500186264515 0.026851851493120193
0 0.48776042461395264 0.24027778208255768 0.0026041667442768812 0.023148147389292717
0 0.3778645694255829 0.5064814686775208 0.008854166604578495 0.04259259253740311
0 0.4221354126930237 0.29907408356666565 0.004687500186264515 0.02777777798473835
0 0.05416666716337204 0.23333333432674408 0.00937500037252903 0.02222222276031971
0 0.49947917461395264 0.23148147761821747 0.0020833334419876337 0.02222222276031971
0 0.36380207538604736 0.5314815044403076 0.00989583320915699 0.04444444552063942
1 0.12135417014360428 0.3671296238899231 0.03333333507180214 0.03611111268401146
