1 0.011197916232049465 0.4939814805984497 0.02239583246409893 0.05277777835726738
8 0.8072916865348816 0.3037036955356598 0.02083333395421505 0.025925925001502037
2 0.6760416626930237 0.30092594027519226 0.07916666567325592 0.08518518507480621
7 0.2291666716337204 0.3037036955356598 0.02500000037252903 0.025925925001502037
2 0.8140624761581421 0.30092594027519226 0.09166666865348816 0.08518518507480621
1 0.7408854365348816 0.3245370388031006 0.05260416492819786 0.032407406717538834
1 0.6049479246139526 0.32407405972480774 0.04739583283662796 0.03333333507180214
0 0.3460937440395355 0.6601851582527161 0.013020833022892475 0.051851850003004074
0 0.4088541567325592 0.4097222089767456 0.0062500000931322575 0.03611111268401146
0 0.38359373807907104 0.45879629254341125 0.008854166604578495 0.02500000037252903
0 0.3765625059604645 0.5217592716217041 0.00937500037252903 0.043518517166376114
0 0.09348957985639572 0.3481481373310089 0.010937499813735485 0.02222222276031971
0 0.5679687261581421 0.5898148417472839 0.0078125 0.035185184329748154
0 0.5388020873069763 0.28425925970077515 0.0036458333488553762 0.025925925001502037
0 0.40572917461395264 0.3731481432914734 0.0052083334885537624 0.03333333507180214
0 0.47968751192092896 0.29212963581085205 0.0031250000465661287 0.026851851493120193
0 0.30859375 0.8138889074325562 0.01718750037252903 0.06111111119389534
0 0.4036458432674408 0.3777777850627899 0.0062500000931322575 0.03333333507180214
0 0.49427083134651184 0.27916666865348816 0.0031250000465661287 0.026851851493120193
0 0.2914062440395355 0.8166666626930237 0.01822916604578495 0.06111111119389534
1 0.011197916232049465 0.4939814805984497 0.02239583246409893 0.05277777835726738
