1 0.04609375074505806 0.4462963044643402 0.04531250149011612 0.046296294778585434
8 0.8018229007720947 0.2865740656852722 0.01927083358168602 0.02500000037252903
2 0.6684895753860474 0.28148147463798523 0.07343749701976776 0.07962962985038757
7 0.25703126192092896 0.2847222089767456 0.0234375 0.02500000037252903
2 0.7984374761581421 0.28240740299224854 0.08437500149011612 0.07962962985038757
1 0.7294270992279053 0.30416667461395264 0.0494791679084301 0.03055555559694767
1 0.6013020873069763 0.30416667461395264 0.0442708320915699 0.03055555559694767
0 0.36796873807907104 0.5754629373550415 0.010937499813735485 0.04722222313284874
0 0.41874998807907104 0.37962964177131653 0.0052083334885537624 0.03333333507180214
0 0.3955729305744171 0.4217592477798462 0.0078125 0.023148147389292717
0 0.39140623807907104 0.4671296179294586 0.0078125 0.03981481492519379
0 0.12187500298023224 0.3231481611728668 0.00937500037252903 0.020370369777083397
0 0.5627604126930237 0.5231481194496155 0.006770833395421505 0.031481482088565826
0 0.5414062738418579 0.2680555582046509 0.0036458333488553762 0.02500000037252903
0 0.4151041805744171 0.3453703820705414 0.0052083334885537624 0.031481482088565826
0 0.4854166805744171 0.2750000059604645 0.0031250000465661287 0.025925925001502037
0 0.3388020694255829 0.6898148059844971 0.01406249962747097 0.05370370298624039
0 0.41328126192092896 0.34953704476356506 0.00572916679084301 0.032407406717538834
0 0.49921876192092896 0.26342591643333435 0.0026041667442768812 0.02500000037252903
0 0.3229166567325592 0.7041666507720947 0.014583333395421505 0.05462963134050369
1 0.04609375074505806 0.4462963044643402 0.04531250149011612 0.046296294778585434
