1 0.004687500186264515 0.5055555701255798 0.00937500037252903 0.05370370298624039
8 0.8062499761581421 0.30694442987442017 0.02083333395421505 0.026851851493120193
2 0.67578125 0.30416667461395264 0.07968749850988388 0.08611111342906952
7 0.2213541716337204 0.3083333373069763 0.02604166604578495 0.025925925001502037
2 0.8148437738418579 0.30416667461395264 0.09218750149011612 0.08611111342906952
1 0.7411458492279053 0.32777777314186096 0.05312500149011612 0.03333333507180214
1 0.6036458611488342 0.3282407522201538 0.04791666567325592 0.034259259700775146
0 0.3395833373069763 0.6800925731658936 0.01354166679084301 0.05277777835726738
0 0.4046874940395355 0.4166666567325592 0.0062500000931322575 0.03703703731298447
0 0.37968748807907104 0.46666666865348816 0.00937500037252903 0.025925925001502037
0 0.37161457538604736 0.5342592597007751 0.00989583320915699 0.04444444552063942
0 0.08515624701976776 0.3541666567325592 0.010937499813735485 0.023148147389292717
0 0.5677083134651184 0.604629635810852 0.008333333767950535 0.035185184329748154
0 0.5364583134651184 0.2874999940395355 0.004166666883975267 0.026851851493120193
0 0.4020833373069763 0.3791666626930237 0.0062500000931322575 0.034259259700775146
0 0.4765625 0.2958333194255829 0.0031250000465661287 0.026851851493120193
0 0.30000001192092896 0.8439815044403076 0.01875000074505806 0.06203703582286835
0 0.3997395932674408 0.3837963044643402 0.006770833395421505 0.034259259700775146
0 0.4911458194255829 0.28240740299224854 0.0031250000465661287 0.025925925001502037
0 0.28307291865348816 0.8435184955596924 0.01927083358168602 0.06296296417713165
1 0.004687500186264515 0.5055555701255798 0.00937500037252903 0.05370370298624039
