8 0.8109375238418579 0.32592591643333435 0.02187499962747097 0.02777777798473835
2 0.68359375 0.3254629671573639 0.0859375 0.09166666865348816
7 0.18776041269302368 0.3314814865589142 0.02864583395421505 0.02777777798473835
2 0.8315104246139526 0.32499998807907104 0.09947916865348816 0.09259258955717087
1 0.7528645992279053 0.35046297311782837 0.05781250074505806 0.03611111268401146
1 0.6067708134651184 0.35185185074806213 0.05104166641831398 0.03703703731298447
0 0.3083333373069763 0.800000011920929 0.01770833320915699 0.05925925821065903
0 0.3921875059604645 0.45277777314186096 0.0072916666977107525 0.03888889029622078
0 0.3645833432674408 0.5115740895271301 0.010416666977107525 0.028703704476356506
0 0.3513020873069763 0.6050925850868225 0.01197916641831398 0.049074072390794754
0 0.05000000074505806 0.38425925374031067 0.012500000186264515 0.024074073880910873
0 0.57421875 0.6935185194015503 0.00989583320915699 0.040740739554166794
0 0.5322916507720947 0.30601853132247925 0.004166666883975267 0.028703704476356506
0 0.3908854126930237 0.41296297311782837 0.0078125 0.03703703731298447
0 0.4684895873069763 0.3152777850627899 0.0036458333488553762 0.028703704476356506
0 0.2541666626930237 0.9986110925674438 0.02604166604578495 0.0027777778450399637
0 0.3869791626930237 0.41712963581085205 0.0072916666977107525 0.03611111268401146
0 0.4846354126930237 0.30000001192092896 0.0036458333488553762 0.02777777798473835
0 0.2369791716337204 0.9851852059364319 0.02604166604578495 0.029629629105329514
