8 0.835156261920929 0.3490740656852722 0.02447916753590107 0.029629629105329514
2 0.7075520753860474 0.34861111640930176 0.09427083283662796 0.09907407313585281
7 0.1770833283662796 0.3453703820705414 0.03020833246409893 0.029629629105329514
2 0.8677083253860474 0.35046297311782837 0.11145833134651184 0.09907407313585281
1 0.7815104126930237 0.3759259283542633 0.06302083283662796 0.03888889029622078
1 0.6244791746139526 0.375 0.05520833283662796 0.03888889029622078
0 0.2880208194255829 0.9203703999519348 0.02187499962747097 0.06481481343507767
0 0.3947916626930237 0.48379629850387573 0.0072916666977107525 0.0416666679084301
0 0.3643229305744171 0.5504629611968994 0.010937499813735485 0.03055555559694767
0 0.3447916805744171 0.6708333492279053 0.01354166679084301 0.05277777835726738
0 0.04270833358168602 0.4027777910232544 0.01354166679084301 0.025925925001502037
0 0.5932291746139526 0.7893518805503845 0.01145833358168602 0.043518517166376114
0 0.5440104007720947 0.3236111104488373 0.004687500186264515 0.03055555559694767
0 0.39531248807907104 0.4416666626930237 0.008333333767950535 0.03888889029622078
0 0.4763020873069763 0.33287036418914795 0.0036458333488553762 0.03055555559694767
0 0.3895833194255829 0.4462963044643402 0.0072916666977107525 0.03888889029622078
0 0.4934895932674408 0.3162037134170532 0.0036458333488553762 0.028703704476356506
