8 0.8057291507720947 0.3097222149372101 0.02083333395421505 0.026851851493120193
2 0.6763020753860474 0.3083333373069763 0.0807291641831398 0.08703703433275223
7 0.21380208432674408 0.31296294927597046 0.02656250074505806 0.025925925001502037
2 0.8169270753860474 0.3083333373069763 0.09322916716337204 0.08703703433275223
1 0.7421875 0.33194443583488464 0.05416666716337204 0.034259259700775146
1 0.6033853888511658 0.33287036418914795 0.04843749850988388 0.034259259700775146
0 0.3333333432674408 0.7013888955116272 0.014583333395421505 0.05462963134050369
0 0.40156251192092896 0.42314815521240234 0.0062500000931322575 0.03703703731298447
0 0.3760416805744171 0.4749999940395355 0.00937500037252903 0.025925925001502037
0 0.3669270873069763 0.5467592477798462 0.00989583320915699 0.04537037014961243
0 0.07708333432674408 0.36064815521240234 0.01145833358168602 0.023148147389292717
0 0.5682291388511658 0.6203703880310059 0.008333333767950535 0.03703703731298447
0 0.5348958373069763 0.29120370745658875 0.004166666883975267 0.026851851493120193
0 0.39921873807907104 0.3856481611728668 0.006770833395421505 0.034259259700775146
0 0.4742187559604645 0.29907408356666565 0.0036458333488553762 0.02777777798473835
0 0.2916666567325592 0.8763889074325562 0.01979166641831398 0.06388889253139496
0 0.39661458134651184 0.39027777314186096 0.006770833395421505 0.034259259700775146
0 0.48906248807907104 0.2856481373310089 0.0031250000465661287 0.026851851493120193
0 0.27421873807907104 0.8722222447395325 0.02031249925494194 0.06481481343507767
