8 0.8158854246139526 0.3314814865589142 0.02239583246409893 0.02777777798473835
2 0.6888020634651184 0.33101850748062134 0.08802083134651184 0.09351851791143417
7 0.18437500298023224 0.33472222089767456 0.02916666679084301 0.028703704476356506
2 0.8395833373069763 0.33101850748062134 0.10208333283662796 0.09351851791143417
1 0.7591145634651184 0.3560185134410858 0.05885416641831398 0.03611111268401146
1 0.6104166507720947 0.3569444417953491 0.0520833320915699 0.037962961941957474
0 0.3036458194255829 0.8273147940635681 0.01875000074505806 0.06018518656492233
0 0.3921875059604645 0.4601851999759674 0.0072916666977107525 0.040740739554166794
0 0.36406248807907104 0.5208333134651184 0.010416666977107525 0.028703704476356506
0 0.34947916865348816 0.6203703880310059 0.012500000186264515 0.05000000074505806
0 0.04713541641831398 0.38935184478759766 0.013020833022892475 0.02500000037252903
0 0.5783854126930237 0.7148148417472839 0.00989583320915699 0.040740739554166794
0 0.5346354246139526 0.3106481432914734 0.004687500186264515 0.028703704476356506
0 0.3916666805744171 0.41990742087364197 0.008333333767950535 0.037962961941957474
0 0.4700520932674408 0.3194444477558136 0.0036458333488553762 0.029629629105329514
0 0.38749998807907104 0.42407408356666565 0.0072916666977107525 0.03703703731298447
0 0.48619791865348816 0.30416667461395264 0.0036458333488553762 0.028703704476356506
