8 0.8080729246139526 0.317592591047287 0.02135416679084301 0.02777777798473835
2 0.6796875 0.3166666626930237 0.0833333358168602 0.08888889104127884
7 0.20078125596046448 0.32175925374031067 0.02760416641831398 0.026851851493120193
2 0.8236979246139526 0.3162037134170532 0.0963541641831398 0.08981481194496155
1 0.7471354007720947 0.34074074029922485 0.05572916567325592 0.035185184329748154
1 0.604687511920929 0.3421296179294586 0.05000000074505806 0.03611111268401146
0 0.32109373807907104 0.7476851940155029 0.01614583283662796 0.05648148059844971
0 0.39661458134651184 0.43796294927597046 0.006770833395421505 0.03888889029622078
0 0.37031251192092896 0.4930555522441864 0.00937500037252903 0.026851851493120193
0 0.3591145873069763 0.5745370388031006 0.010937499813735485 0.04722222313284874
0 0.06328125298023224 0.3722222149372101 0.01197916641831398 0.024074073880910873
0 0.5705729126930237 0.6550925970077515 0.008854166604578495 0.037962961941957474
0 0.5333333611488342 0.29814815521240234 0.004166666883975267 0.02777777798473835
0 0.3947916626930237 0.3986110985279083 0.0072916666977107525 0.03611111268401146
0 0.4710937440395355 0.307407408952713 0.0036458333488553762 0.02777777798473835
0 0.27395832538604736 0.9486111402511597 0.02291666716337204 0.06759259104728699
0 0.3916666805744171 0.4037036895751953 0.0072916666977107525 0.035185184329748154
0 0.4867187440395355 0.29305556416511536 0.0036458333488553762 0.026851851493120193
0 0.2565104067325592 0.9351851940155029 0.02239583246409893 0.06851851940155029
