8 0.8450520634651184 0.37037035822868347 0.02552083320915699 0.031481482088565826
2 0.7197916507720947 0.3712962865829468 0.10104166716337204 0.10555555671453476
7 0.1484375 0.3671296238899231 0.03229166567325592 0.03055555559694767
2 0.8901041746139526 0.3731481432914734 0.12083332985639572 0.10555555671453476
1 0.7981770634651184 0.4000000059604645 0.06822916865348816 0.04259259253740311
1 0.6315104365348816 0.39907407760620117 0.05885416641831398 0.04259259253740311
0 0.38489583134651184 0.5222222208976746 0.008333333767950535 0.04444444552063942
0 0.35208332538604736 0.5986111164093018 0.012500000186264515 0.032407406717538834
0 0.32421875 0.7592592835426331 0.01614583283662796 0.05740740895271301
0 0.012760416604578495 0.43194442987442017 0.015104166232049465 0.026851851493120193
0 0.6070312261581421 0.9111111164093018 0.01406249962747097 0.04814814776182175
0 0.5434895753860474 0.34259259700775146 0.004687500186264515 0.031481482088565826
0 0.38749998807907104 0.4773148000240326 0.00937500037252903 0.0416666679084301
0 0.4723958373069763 0.3523148000240326 0.004166666883975267 0.032407406717538834
0 0.3804687559604645 0.4810185134410858 0.0078125 0.0416666679084301
0 0.49036458134651184 0.33379629254341125 0.0036458333488553762 0.03055555559694767
