8 0.8611978888511658 0.40138888359069824 0.02864583395421505 0.032407406717538834
2 0.7395833134651184 0.4055555462837219 0.11249999701976776 0.11481481790542603
7 0.10859374701976776 0.39722222089767456 0.03593749925494194 0.03333333507180214
2 0.925000011920929 0.40740740299224854 0.1354166716337204 0.11481481790542603
1 0.82421875 0.43611112236976624 0.0755208358168602 0.046296294778585434
1 0.6427083611488342 0.43518519401550293 0.06458333134651184 0.046296294778585434
0 0.37161457538604736 0.5796296000480652 0.00989583320915699 0.04814814776182175
0 0.33385416865348816 0.6740740537643433 0.014583333395421505 0.03703703731298447
0 0.28984373807907104 0.9092592597007751 0.02135416679084301 0.06481481343507767
0 0.5442708134651184 0.36944442987442017 0.0052083334885537624 0.03333333507180214
0 0.3765625059604645 0.5324074029922485 0.010416666977107525 0.046296294778585434
0 0.4674479067325592 0.3810185194015503 0.004687500186264515 0.034259259700775146
0 0.36770832538604736 0.5324074029922485 0.00937500037252903 0.04444444552063942
0 0.48750001192092896 0.35972222685813904 0.004166666883975267 0.032407406717538834
