8 0.8544270992279053 0.38842591643333435 0.02760416641831398 0.032407406717538834
2 0.7309895753860474 0.3907407522201538 0.10781250149011612 0.1111111119389534
7 0.12526041269302368 0.3847222328186035 0.03489583358168602 0.032407406717538834
2 0.91015625 0.39259257912635803 0.12864583730697632 0.1111111119389534
1 0.813281238079071 0.4203703701496124 0.07239583134651184 0.04444444552063942
1 0.6380208134651184 0.41990742087364197 0.0625 0.04537037014961243
0 0.3776041567325592 0.5546296238899231 0.00937500037252903 0.046296294778585434
0 0.34166666865348816 0.6416666507720947 0.01354166679084301 0.035185184329748154
0 0.30520832538604736 0.8416666388511658 0.01875000074505806 0.06111111119389534
0 0.5440104007720947 0.3578703701496124 0.004687500186264515 0.032407406717538834
0 0.3815104067325592 0.5083333253860474 0.00989583320915699 0.04444444552063942
0 0.46953123807907104 0.3689814805984497 0.004687500186264515 0.032407406717538834
0 0.37291666865348816 0.5106481313705444 0.008333333767950535 0.043518517166376114
0 0.48880207538604736 0.3490740656852722 0.0036458333488553762 0.031481482088565826
