8 0.8372395634651184 0.3541666567325592 0.02447916753590107 0.03055555559694767
2 0.7098958492279053 0.3541666567325592 0.09583333134651184 0.10092592239379883
7 0.17005208134651184 0.35092592239379883 0.03072916716337204 0.029629629105329514
2 0.8726562261581421 0.35555556416511536 0.11302082985639572 0.10000000149011612
1 0.78515625 0.3810185194015503 0.06406249850988388 0.03981481492519379
1 0.625781238079071 0.3810185194015503 0.05572916567325592 0.03981481492519379
0 0.27916666865348816 0.957870364189148 0.02291666716337204 0.06574074178934097
0 0.3921875059604645 0.49259260296821594 0.0072916666977107525 0.04259259253740311
0 0.36145833134651184 0.5615741014480591 0.01145833358168602 0.03055555559694767
0 0.33984375 0.6907407641410828 0.01406249962747097 0.05370370298624039
0 0.03515625 0.4097222089767456 0.01406249962747097 0.02500000037252903
0 0.5960937738418579 0.8162037134170532 0.01197916641831398 0.04537037014961243
0 0.5434895753860474 0.3282407522201538 0.004687500186264515 0.03055555559694767
0 0.3934895694255829 0.44999998807907104 0.008854166604578495 0.040740739554166794
0 0.4752604067325592 0.3375000059604645 0.0036458333488553762 0.03055555559694767
0 0.38723957538604736 0.4541666805744171 0.0078125 0.03981481492519379
0 0.4924479126930237 0.3203703761100769 0.0036458333488553762 0.029629629105329514
