8 0.879687488079071 0.43703705072402954 0.03125 0.035185184329748154
2 0.7627604007720947 0.44490739703178406 0.12656250596046448 0.1268518567085266
7 0.06276042014360428 0.43194442987442017 0.04114583507180214 0.03611111268401146
2 0.9447916746139526 0.447685182094574 0.11041666567325592 0.1268518567085266
1 0.854687511920929 0.47777777910232544 0.08437500149011612 0.051851850003004074
1 0.65625 0.47685185074806213 0.07187499850988388 0.051851850003004074
0 0.35546875 0.6495370268821716 0.010937499813735485 0.05277777835726738
0 0.3111979067325592 0.7675926089286804 0.01718750037252903 0.040740739554166794
0 0.5455729365348816 0.4000000059604645 0.00572916679084301 0.035185184329748154
0 0.36328125 0.6004629731178284 0.01197916641831398 0.05092592537403107
0 0.4619791805744171 0.41342592239379883 0.0052083334885537624 0.03611111268401146
0 0.3531250059604645 0.5935184955596924 0.01145833358168602 0.04814814776182175
0 0.48385417461395264 0.38842591643333435 0.004166666883975267 0.034259259700775146
