8 0.8682291507720947 0.4148148000240326 0.02916666679084301 0.03333333507180214
2 0.7484375238418579 0.4203703701496124 0.11770833283662796 0.12037037312984467
7 0.09140624850988388 0.41018518805503845 0.03802083432674408 0.035185184329748154
2 0.9348958134651184 0.4226851761341095 0.1302083283662796 0.11944444477558136
1 0.8356770873069763 0.45185184478759766 0.07864583283662796 0.04814814776182175
1 0.6479166746139526 0.45092591643333435 0.0677083358168602 0.04814814776182175
0 0.3661458194255829 0.6050925850868225 0.010416666977107525 0.049074072390794754
0 0.3255208432674408 0.707870364189148 0.015625 0.037962961941957474
0 0.27265626192092896 0.9754629731178284 0.02447916753590107 0.049074072390794754
0 0.5447916388511658 0.3810185194015503 0.0052083334885537624 0.034259259700775146
0 0.3721354305744171 0.5574073791503906 0.010937499813735485 0.04814814776182175
0 0.46562498807907104 0.3930555582046509 0.0052083334885537624 0.034259259700775146
0 0.3622395694255829 0.5546296238899231 0.00989583320915699 0.046296294778585434
0 0.4859375059604645 0.37037035822868347 0.004166666883975267 0.03333333507180214
