8 0.907031238079071 0.489814817905426 0.03593749925494194 0.03888889029622078
2 0.797656238079071 0.5046296119689941 0.1484375 0.14444445073604584
7 0.00989583320915699 0.4828703701496124 0.01979166641831398 0.03981481492519379
2 0.9684895873069763 0.5078703761100769 0.06302083283662796 0.14351852238178253
1 0.9002603888511658 0.5407407283782959 0.09843750298023224 0.06111111119389534
1 0.676562488079071 0.5393518805503845 0.08229167014360428 0.06018518656492233
0 0.32890623807907104 0.760185182094574 0.01406249962747097 0.05925925821065903
0 0.2734375 0.9231481552124023 0.02187499962747097 0.04814814776182175
0 0.546875 0.44490739703178406 0.0062500000931322575 0.03981481492519379
0 0.34062498807907104 0.7111111283302307 0.01354166679084301 0.05740740895271301
0 0.4541666805744171 0.46064814925193787 0.0062500000931322575 0.03981481492519379
0 0.3307291567325592 0.6870370507240295 0.014583333395421505 0.05370370298624039
0 0.4789062440395355 0.4305555522441864 0.004687500186264515 0.03703703731298447
