8 0.8838541507720947 0.44490739703178406 0.03229166567325592 0.03611111268401146
2 0.7679687738418579 0.4541666805744171 0.12968750298023224 0.12870369851589203
7 0.05260416492819786 0.43981480598449707 0.0416666679084301 0.03703703731298447
2 0.948437511920929 0.4564814865589142 0.10312499850988388 0.12962962687015533
1 0.8614583611488342 0.48750001192092896 0.08645833283662796 0.05277777835726738
1 0.659375011920929 0.4861111044883728 0.0729166641831398 0.05370370298624039
0 0.3515625 0.6657407283782959 0.01145833358168602 0.05370370298624039
0 0.3057291805744171 0.789814829826355 0.01770833320915699 0.04259259253740311
0 0.5455729365348816 0.4069444537162781 0.00572916679084301 0.03611111268401146
0 0.36015623807907104 0.6166666746139526 0.01197916641831398 0.051851850003004074
0 0.4609375 0.4203703701496124 0.0052083334885537624 0.03703703731298447
0 0.34973958134651184 0.6069444417953491 0.01197916641831398 0.049074072390794754
0 0.4830729067325592 0.3949074149131775 0.004687500186264515 0.034259259700775146
