8 0.8973958492279053 0.47083333134651184 0.03437500074505806 0.037962961941957474
2 0.78515625 0.48379629850387573 0.14010415971279144 0.1379629671573639
7 0.02109375037252903 0.46481481194496155 0.04218750074505806 0.03888889029622078
2 0.960156261920929 0.48657408356666565 0.07968749850988388 0.1379629671573639
1 0.8841145634651184 0.5185185074806213 0.09322916716337204 0.05740740895271301
1 0.6692708134651184 0.5175926089286804 0.078125 0.05740740895271301
0 0.3385416567325592 0.7199074029922485 0.01354166679084301 0.05648148059844971
0 0.28723958134651184 0.8657407164573669 0.02031249925494194 0.046296294778585434
0 0.5463541746139526 0.42916667461395264 0.0062500000931322575 0.037962961941957474
0 0.3489583432674408 0.6703703999519348 0.012500000186264515 0.0555555559694767
0 0.45703125 0.44398146867752075 0.00572916679084301 0.037962961941957474
0 0.3385416567325592 0.6527777910232544 0.01354166679084301 0.051851850003004074
0 0.48046875 0.4157407283782959 0.004687500186264515 0.03703703731298447
