8 0.9473958611488342 0.5671296119689941 0.04270833358168602 0.043518517166376114
2 0.8515625 0.5967592597007751 0.18333333730697632 0.17129629850387573
1 0.9544270634651184 0.6365740895271301 0.0911458358168602 0.07500000298023224
1 0.70703125 0.635185182094574 0.09843750298023224 0.07407407462596893
0 0.28437501192092896 0.9449074268341064 0.02083333395421505 0.0694444477558136
0 0.5489583611488342 0.5106481313705444 0.0072916666977107525 0.043518517166376114
0 0.30130207538604736 0.9013888835906982 0.01822916604578495 0.06759259104728699
0 0.4427083432674408 0.5305555462837219 0.0072916666977107525 0.04444444552063942
0 0.2945312559604645 0.8393518328666687 0.02031249925494194 0.06203703582286835
0 0.4713541567325592 0.49074074625968933 0.0062500000931322575 0.040740739554166794
