8 0.9119791388511658 0.49953705072402954 0.0364583320915699 0.03981481492519379
2 0.8041666746139526 0.5162037014961243 0.15208333730697632 0.14722222089767456
7 0.00390625 0.49259260296821594 0.0078125 0.040740739554166794
2 0.9729166626930237 0.5189814567565918 0.05416666716337204 0.14722222089767456
1 0.9088541865348816 0.552314817905426 0.10104166716337204 0.06203703582286835
1 0.6802083253860474 0.5513888597488403 0.08437500149011612 0.06203703582286835
0 0.32369792461395264 0.7814815044403076 0.015104166232049465 0.06111111119389534
0 0.2658854126930237 0.9546296000480652 0.0234375 0.05000000074505806
0 0.5473958253860474 0.4532407522201538 0.0062500000931322575 0.03981481492519379
0 0.3361979126930237 0.7324073910713196 0.01406249962747097 0.05925925821065903
0 0.453125 0.4694444537162781 0.0062500000931322575 0.040740739554166794
0 0.3265624940395355 0.7050926089286804 0.015625 0.05462963134050369
0 0.4781250059604645 0.4375 0.0052083334885537624 0.037962961941957474
