8 0.9346354007720947 0.5425925850868225 0.04010416567325592 0.04259259253740311
2 0.8343750238418579 0.5666666626930237 0.171875 0.16296295821666718
2 0.9927083253860474 0.5708333253860474 0.014583333395421505 0.16203702986240387
1 0.9453125 0.605555534362793 0.109375 0.07037036865949631
1 0.6971353888511658 0.6041666865348816 0.09322916716337204 0.0694444477558136
0 0.2997395694255829 0.8824074268341064 0.01822916604578495 0.06666667014360428
0 0.5486978888511658 0.4893518388271332 0.006770833395421505 0.0416666679084301
0 0.3151041567325592 0.8356481194496155 0.01666666753590107 0.06388889253139496
0 0.4466145932674408 0.5083333253860474 0.006770833395421505 0.04259259253740311
0 0.3070312440395355 0.7879629731178284 0.01822916604578495 0.05925925821065903
0 0.4739583432674408 0.4712963104248047 0.0052083334885537624 0.040740739554166794
