8 0.9411458373069763 0.5550925731658936 0.0416666679084301 0.043518517166376114
2 0.842968761920929 0.5814814567565918 0.17760416865348816 0.1666666716337204
1 0.949999988079071 0.6208333373069763 0.10000000149011612 0.07129629701375961
1 0.7020833492279053 0.6189814805984497 0.09583333134651184 0.07129629701375961
0 0.29244792461395264 0.9125000238418579 0.01927083358168602 0.06759259104728699
0 0.5489583611488342 0.49953705072402954 0.0072916666977107525 0.043518517166376114
0 0.30859375 0.8671296238899231 0.01718750037252903 0.06574074178934097
0 0.44479167461395264 0.5189814567565918 0.0072916666977107525 0.043518517166376114
0 0.3010416626930237 0.8129629492759705 0.01875000074505806 0.06111111119389534
0 0.47265625 0.48055556416511536 0.00572916679084301 0.040740739554166794
