8 0.9281250238418579 0.5310184955596924 0.03958333283662796 0.0416666679084301
2 0.8257812261581421 0.5532407164573669 0.16614583134651184 0.15833333134651184
2 0.9872395992279053 0.5564814805984497 0.02552083320915699 0.15740740299224854
1 0.9369791746139526 0.5912036895751953 0.11041666567325592 0.06759259104728699
1 0.6927083134651184 0.5893518328666687 0.09062500298023224 0.06759259104728699
0 0.30651041865348816 0.854629635810852 0.01718750037252903 0.06481481343507767
0 0.5481770634651184 0.47962963581085205 0.006770833395421505 0.040740739554166794
0 0.32083332538604736 0.8069444298744202 0.015625 0.06203703582286835
0 0.4481770694255829 0.49768519401550293 0.006770833395421505 0.0416666679084301
0 0.3122395873069763 0.7652778029441833 0.01718750037252903 0.05833333358168602
0 0.4749999940395355 0.4625000059604645 0.0052083334885537624 0.03981481492519379
