8 0.9223958253860474 0.519444465637207 0.03854166716337204 0.040740739554166794
2 0.8182291388511658 0.539814829826355 0.1614583283662796 0.1537037044763565
2 0.9822916388511658 0.543055534362793 0.03541666641831398 0.1546296328306198
1 0.9270833134651184 0.5773147940635681 0.10729166865348816 0.06574074178934097
1 0.688281238079071 0.5759259462356567 0.08802083134651184 0.06481481343507767
0 0.3125 0.8287037014961243 0.01666666753590107 0.06296296417713165
0 0.547656238079071 0.4703703820705414 0.006770833395421505 0.040740739554166794
0 0.32630208134651184 0.7805555462837219 0.015104166232049465 0.06111111119389534
0 0.44973957538604736 0.48750001192092896 0.006770833395421505 0.0416666679084301
0 0.31718748807907104 0.7435185313224792 0.01666666753590107 0.05740740895271301
0 0.47604167461395264 0.45370370149612427 0.0052083334885537624 0.03888889029622078
