1 0.014322916977107525 0.45092591643333435 0.02864583395421505 0.07962962985038757
7 0.3005208373069763 0.44675925374031067 0.02187499962747097 0.05092592537403107
7 0.0078125 0.20972222089767456 0.015625 0.01944444514811039
7 0.07187499850988388 0.19120369851589203 0.01875000074505806 0.01944444514811039
1 0.17760416865348816 0.22083333134651184 0.02187499962747097 0.028703704476356506
7 0.17239584028720856 0.21064814925193787 0.010416666977107525 0.021296296268701553
0 0.20286458730697632 0.19861111044883728 0.00572916679084301 0.01944444514811039
0 0.09427083283662796 0.19675925374031067 0.0072916666977107525 0.01944444514811039
0 0.19869790971279144 0.5745370388031006 0.013020833022892475 0.03611111268401146
0 0.20859375596046448 0.17731481790542603 0.004687500186264515 0.017592592164874077
0 0.22578124701976776 0.27037036418914795 0.0078125 0.025925925001502037
0 0.27942708134651184 0.3203703761100769 0.0078125 0.029629629105329514
0 0.832812488079071 0.29629629850387573 0.00937500037252903 0.02777777798473835
0 0.11927083134651184 0.2611111104488373 0.008333333767950535 0.025925925001502037
1 0.014322916977107525 0.45092591643333435 0.02864583395421505 0.07962962985038757
