7 0.21432290971279144 0.45787036418914795 0.02656250074505806 0.05092592537403107
1 0.04088541492819786 0.2439814805984497 0.02864583395421505 0.032407406717538834
7 0.03307291492819786 0.23379629850387573 0.01406249962747097 0.023148147389292717
0 0.06927083432674408 0.21805556118488312 0.008333333767950535 0.021296296268701553
0 0.10833333432674408 0.5870370268821716 0.015625 0.03703703731298447
0 0.707812488079071 0.9611111283302307 0.02291666716337204 0.07222222536802292
0 0.07604166865348816 0.19490741193294525 0.0072916666977107525 0.01944444514811039
0 0.10520832985639572 0.28935185074806213 0.010416666977107525 0.026851851493120193
0 0.1731770783662796 0.3333333432674408 0.00989583320915699 0.031481482088565826
0 0.7817708253860474 0.9115740656852722 0.02500000037252903 0.0694444477558136
0 0.6976562738418579 0.25648146867752075 0.006770833395421505 0.024074073880910873
