7 0.19140625 0.4625000059604645 0.02864583395421505 0.05092592537403107
1 0.008333333767950535 0.2518518567085266 0.01666666753590107 0.03333333507180214
0 0.03098958358168602 0.22499999403953552 0.008854166604578495 0.02222222276031971
0 0.0833333358168602 0.5930555462837219 0.01666666753590107 0.037962961941957474
0 0.68359375 0.9120370149612427 0.02031249925494194 0.07037036865949631
0 0.0377604179084301 0.2013888955116272 0.0078125 0.01944444514811039
0 0.07083333283662796 0.29629629850387573 0.01145833358168602 0.02777777798473835
0 0.14427083730697632 0.33888888359069824 0.010416666977107525 0.031481482088565826
0 0.7518228888511658 0.8611111044883728 0.02135416679084301 0.06666667014360428
0 0.6677083373069763 0.2490740716457367 0.0062500000931322575 0.024074073880910873
