1 0.0036458333488553762 0.7421296238899231 0.0072916666977107525 0.08796296268701553
1 0.19166666269302368 0.4069444537162781 0.04062499850988388 0.0694444477558136
7 0.4333333373069763 0.4574074149131775 0.01666666753590107 0.05370370298624039
7 0.23125000298023224 0.17824074625968933 0.01354166679084301 0.015740741044282913
7 0.2734375 0.16805554926395416 0.01354166679084301 0.015740741044282913
1 0.35885417461395264 0.20601852238178253 0.015625 0.026851851493120193
7 0.35598957538604736 0.19490741193294525 0.006770833395421505 0.01944444514811039
0 0.19166666269302368 0.18703703582286835 0.0052083334885537624 0.018518518656492233
0 0.1145833358168602 0.3134259283542633 0.00937500037252903 0.01944444514811039
0 0.38203126192092896 0.18611110746860504 0.0036458333488553762 0.018518518656492233
0 0.21588541567325592 0.18796296417713165 0.004687500186264515 0.011111111380159855
0 0.2721354067325592 0.16249999403953552 0.004687500186264515 0.015740741044282913
0 0.29635417461395264 0.1736111044883728 0.004166666883975267 0.017592592164874077
0 0.3257812559604645 0.5981481671333313 0.00989583320915699 0.03703703731298447
0 0.38749998807907104 0.1666666716337204 0.0031250000465661287 0.01666666753590107
0 0.3932291567325592 0.26342591643333435 0.0052083334885537624 0.02500000037252903
0 0.13307291269302368 0.3013888895511627 0.00989583320915699 0.028703704476356506
0 0.43411457538604736 0.3263888955116272 0.004687500186264515 0.03055555559694767
0 0.30651041865348816 0.23935185372829437 0.004687500186264515 0.023148147389292717
1 0.19166666269302368 0.4069444537162781 0.04062499850988388 0.0694444477558136
1 0.0036458333488553762 0.7421296238899231 0.0072916666977107525 0.08796296268701553
