1 0.03828125074505806 0.43981480598449707 0.04635416716337204 0.07777778059244156
7 0.3218750059604645 0.4453703761100769 0.02083333395421505 0.051851850003004074
7 0.04713541641831398 0.20277777314186096 0.01822916604578495 0.018518518656492233
7 0.10781250149011612 0.18611110746860504 0.01770833320915699 0.018518518656492233
1 0.20885416865348816 0.2162037044763565 0.02083333395421505 0.028703704476356506
7 0.20416666567325592 0.20648148655891418 0.00937500037252903 0.020370369777083397
0 0.23333333432674408 0.19490741193294525 0.0052083334885537624 0.01944444514811039
0 0.03098958358168602 0.21388888359069824 0.006770833395421505 0.012962962500751019
0 0.09869791567325592 0.1814814805984497 0.006770833395421505 0.018518518656492233
0 0.22057291865348816 0.5736111402511597 0.01197916641831398 0.03611111268401146
0 0.23906250298023224 0.1745370328426361 0.004166666883975267 0.017592592164874077
0 0.2536458373069763 0.2671296298503876 0.0072916666977107525 0.02500000037252903
0 0.3046875 0.31898146867752075 0.0072916666977107525 0.03055555559694767
0 0.8731771111488342 0.3097222149372101 0.010937499813735485 0.028703704476356506
0 0.15234375 0.25555557012557983 0.0078125 0.024074073880910873
1 0.03828125074505806 0.43981480598449707 0.04635416716337204 0.07777778059244156
