1 0.1953125 0.41620370745658875 0.04270833358168602 0.07129629701375961
7 0.4401041567325592 0.46990740299224854 0.01666666753590107 0.05648148059844971
7 0.24166665971279144 0.17916665971279144 0.01354166679084301 0.015740741044282913
1 0.3687500059604645 0.2083333283662796 0.015625 0.02777777798473835
7 0.3658854067325592 0.19768518209457397 0.006770833395421505 0.01944444514811039
0 0.20156249403953552 0.1875 0.0052083334885537624 0.01944444514811039
0 0.1223958358168602 0.3166666626930237 0.00937500037252903 0.018518518656492233
0 0.39244791865348816 0.1884259283542633 0.0036458333488553762 0.01944444514811039
0 0.30677083134651184 0.17546296119689941 0.004166666883975267 0.017592592164874077
0 0.32760417461395264 0.6263889074325562 0.010416666977107525 0.037962961941957474
0 0.3973958194255829 0.16851851344108582 0.0031250000465661287 0.01666666753590107
0 0.40286457538604736 0.26851850748062134 0.004687500186264515 0.025925925001502037
0 0.14140625298023224 0.30509260296821594 0.00989583320915699 0.028703704476356506
0 0.44348958134651184 0.33564814925193787 0.004687500186264515 0.03055555559694767
0 0.3153645694255829 0.2430555522441864 0.004687500186264515 0.023148147389292717
1 0.1953125 0.41620370745658875 0.04270833358168602 0.07129629701375961
