1 0.1028645858168602 0.42129629850387573 0.04322916641831398 0.07222222536802292
7 0.36536458134651184 0.4453703761100769 0.01927083358168602 0.051851850003004074
7 0.12395833432674408 0.19027778506278992 0.015625 0.017592592164874077
7 0.17656250298023224 0.17685185372829437 0.015625 0.01666666753590107
1 0.2692708373069763 0.2101851850748062 0.01770833320915699 0.02777777798473835
7 0.26510417461395264 0.20000000298023224 0.008333333767950535 0.020370369777083397
0 0.08020833134651184 0.2013888955116272 0.0072916666977107525 0.01944444514811039
0 0.0020833334419876337 0.33981481194496155 0.004166666883975267 0.020370369777083397
0 0.2927083373069763 0.1893518567085266 0.004166666883975267 0.01944444514811039
0 0.10859374701976776 0.20092593133449554 0.00572916679084301 0.012962962500751019
0 0.17031249403953552 0.17175926268100739 0.0052083334885537624 0.017592592164874077
0 0.26354166865348816 0.5745370388031006 0.01145833358168602 0.03611111268401146
0 0.2984375059604645 0.16944444179534912 0.004166666883975267 0.01666666753590107
0 0.30937498807907104 0.26249998807907104 0.0062500000931322575 0.02500000037252903
0 0.02005208283662796 0.3245370388031006 0.013020833022892475 0.03055555559694767
0 0.3552083373069763 0.31805557012557983 0.0062500000931322575 0.03055555559694767
0 0.9658854007720947 0.34490740299224854 0.01406249962747097 0.032407406717538834
0 0.21510416269302368 0.24629630148410797 0.0062500000931322575 0.024074073880910873
1 0.1028645858168602 0.42129629850387573 0.04322916641831398 0.07222222536802292
