1 0.4893229305744171 0.11574073880910873 0.015104166232049465 0.011111111380159855
1 0.3161458373069763 0.33472222089767456 0.04895833507180214 0.032407406717538834
4 0.16354165971279144 0.12083332985639572 0.06562499701976776 0.05833333358168602
4 0.4322916567325592 0.21481481194496155 0.02812499925494194 0.12037037312984467
1 0.58984375 0.08287037163972855 0.006770833395421505 0.008333333767950535
1 0.5833333134651184 0.07824073731899261 0.0062500000931322575 0.008333333767950535
2 0.4593749940395355 0.09398148208856583 0.010416666977107525 0.03055555559694767
7 0.03177083283662796 0.0972222238779068 0.00937500037252903 0.009259259328246117
1 0.02812499925494194 0.10740740597248077 0.01979166641831398 0.014814814552664757
0 0.5231770873069763 0.49166667461395264 0.00572916679084301 0.029629629105329514
0 0.42578125 0.08657407760620117 0.0015625000232830644 0.010185184888541698
0 0.04973958432674408 0.10787037014961243 0.004687500186264515 0.012037036940455437
0 0.4270833432674408 0.15138888359069824 0.0020833334419876337 0.015740741044282913
0 0.41484373807907104 0.08657407760620117 0.0015625000232830644 0.010185184888541698
0 0.9927083253860474 0.3231481611728668 0.012500000186264515 0.018518518656492233
0 0.09453125298023224 0.07962962985038757 0.0036458333488553762 0.009259259328246117
0 0.4221354126930237 0.16249999403953552 0.0026041667442768812 0.015740741044282913
1 0.4893229305744171 0.11574073880910873 0.015104166232049465 0.011111111380159855
1 0.3161458373069763 0.33472222089767456 0.04895833507180214 0.032407406717538834
4 0.16354165971279144 0.12083332985639572 0.06562499701976776 0.05833333358168602
4 0.4322916567325592 0.21481481194496155 0.02812499925494194 0.12037037312984467
