1 0.4989583194255829 0.11898148059844971 0.015625 0.012037036940455437
1 0.31328123807907104 0.35740742087364197 0.05260416492819786 0.03333333507180214
4 0.16744790971279144 0.12314815074205399 0.06822916865348816 0.05925925821065903
4 0.43828123807907104 0.22638888657093048 0.03072916716337204 0.12870369851589203
8 0.013020833022892475 0.09814814478158951 0.008333333767950535 0.009259259328246117
1 0.6026041507720947 0.08564814925193787 0.0072916666977107525 0.008333333767950535
1 0.5955728888511658 0.08055555820465088 0.006770833395421505 0.009259259328246117
2 0.4684895873069763 0.0962962955236435 0.00989583320915699 0.031481482088565826
7 0.04192708432674408 0.0972222238779068 0.008854166604578495 0.009259259328246117
1 0.03411458432674408 0.10833333432674408 0.01927083358168602 0.014814814552664757
8 0.5716145634651184 0.13472221791744232 0.006770833395421505 0.012037036940455437
7 0.4377604126930237 0.09351851791143417 0.006770833395421505 0.009259259328246117
0 0.5778645873069763 0.05000000074505806 0.0015625000232830644 0.007407407276332378
0 0.577343761920929 0.05231481418013573 0.0015625000232830644 0.006481481250375509
0 0.5338541865348816 0.5490740537643433 0.0062500000931322575 0.03333333507180214
0 0.03151041641831398 0.11759259551763535 0.004687500186264515 0.007407407276332378
0 0.0559895820915699 0.10879629850387573 0.004687500186264515 0.012037036940455437
0 0.43437498807907104 0.15694443881511688 0.0020833334419876337 0.015740741044282913
0 0.42369791865348816 0.08796296268701553 0.0015625000232830644 0.009259259328246117
0 0.0020833334419876337 0.1240740716457367 0.004166666883975267 0.012962962500751019
0 0.10312499850988388 0.08009259402751923 0.0031250000465661287 0.008333333767950535
1 0.4989583194255829 0.11898148059844971 0.015625 0.012037036940455437
1 0.3127604126930237 0.3578703701496124 0.05260416492819786 0.034259259700775146
4 0.16744790971279144 0.12314815074205399 0.06822916865348816 0.05925925821065903
4 0.43828123807907104 0.22638888657093048 0.03072916716337204 0.12870369851589203
