1 0.503125011920929 0.11990740895271301 0.015625 0.012037036940455437
1 0.31458333134651184 0.36157408356666565 0.05312500149011612 0.034259259700775146
4 0.17109374701976776 0.12361110746860504 0.06822916865348816 0.06018518656492233
4 0.44192707538604736 0.2282407432794571 0.03072916716337204 0.13055555522441864
8 0.01875000074505806 0.0972222238779068 0.008333333767950535 0.009259259328246117
1 0.6075521111488342 0.08611111342906952 0.006770833395421505 0.009259259328246117
1 0.6005208492279053 0.08101851493120193 0.0062500000931322575 0.008333333767950535
2 0.4729166626930237 0.09675925970077515 0.010416666977107525 0.032407406717538834
7 0.04791666567325592 0.0972222238779068 0.00937500037252903 0.009259259328246117
1 0.0390625 0.10833333432674408 0.01979166641831398 0.014814814552664757
7 0.4427083432674408 0.09351851791143417 0.0072916666977107525 0.009259259328246117
0 0.5825520753860474 0.05000000074505806 0.0015625000232830644 0.007407407276332378
0 0.58203125 0.05231481418013573 0.0015625000232830644 0.006481481250375509
0 0.5377604365348816 0.5625 0.006770833395421505 0.034259259700775146
0 0.43802082538604736 0.08888889104127884 0.0010416667209938169 0.009259259328246117
0 0.10572917014360428 0.0824074074625969 0.0031250000465661287 0.009259259328246117
0 0.43828123807907104 0.1578703671693802 0.0026041667442768812 0.015740741044282913
0 0.42786458134651184 0.08842592686414719 0.0015625000232830644 0.010185184888541698
0 0.00598958320915699 0.1240740716457367 0.00572916679084301 0.012962962500751019
0 0.10833333432674408 0.07962962985038757 0.0031250000465661287 0.009259259328246117
1 0.503125011920929 0.11990740895271301 0.015625 0.012037036940455437
1 0.31432291865348816 0.3620370328426361 0.05364583432674408 0.03333333507180214
4 0.17109374701976776 0.12361110746860504 0.06822916865348816 0.06018518656492233
4 0.44192707538604736 0.2282407432794571 0.03072916716337204 0.13055555522441864
