1 0.3205729126930237 0.32592591643333435 0.04739583283662796 0.031481482088565826
4 0.1666666716337204 0.11944444477558136 0.06458333134651184 0.05740740895271301
4 0.4333333373069763 0.21064814925193787 0.02708333358168602 0.11759259551763535
1 0.16640624403953552 0.14351852238178253 0.01718750037252903 0.014814814552664757
1 0.58203125 0.0773148164153099 0.00572916679084301 0.008333333767950535
2 0.4596354067325592 0.09305555373430252 0.00989583320915699 0.03055555559694767
1 0.03151041641831398 0.10601852089166641 0.01927083358168602 0.013888888992369175
0 0.5218750238418579 0.47268518805503845 0.0052083334885537624 0.028703704476356506
0 0.42630207538604736 0.08611111342906952 0.0015625000232830644 0.009259259328246117
0 0.09453125298023224 0.08194444328546524 0.0036458333488553762 0.008333333767950535
0 0.42760416865348816 0.14907407760620117 0.0020833334419876337 0.014814814552664757
0 0.0023437500931322575 0.12129629403352737 0.004687500186264515 0.012962962500751019
0 0.9815104007720947 0.3157407343387604 0.01197916641831398 0.018518518656492233
0 0.0963541641831398 0.07916666567325592 0.0031250000465661287 0.008333333767950535
0 0.4229166805744171 0.16018518805503845 0.0020833334419876337 0.01666666753590107
1 0.3203125 0.3263888955116272 0.04791666567325592 0.03055555559694767
4 0.1666666716337204 0.11944444477558136 0.06458333134651184 0.05740740895271301
4 0.4333333373069763 0.21064814925193787 0.02708333358168602 0.11759259551763535
