1 0.5286458134651184 0.12546296417713165 0.01666666753590107 0.012037036940455437
1 0.3179687559604645 0.4009259343147278 0.05885416641831398 0.03703703731298447
4 0.18984374403953552 0.1259259283542633 0.0703125 0.06111111119389534
4 0.46145832538604736 0.24768517911434174 0.03437500074505806 0.14537036418914795
2 0.0044270833022892475 0.11944444477558136 0.008854166604578495 0.03888889029622078
8 0.23385415971279144 0.11990740895271301 0.0062500000931322575 0.012037036940455437
8 0.04921875149011612 0.0972222238779068 0.0078125 0.009259259328246117
2 0.4971354305744171 0.10046296566724777 0.00989583320915699 0.032407406717538834
1 0.06432291865348816 0.10787037014961243 0.01927083358168602 0.013888888992369175
7 0.4710937440395355 0.09675925970077515 0.006770833395421505 0.008333333767950535
8 0.2278645783662796 0.12222222238779068 0.00572916679084301 0.012962962500751019
0 0.610156238079071 0.05277777835726738 0.0015625000232830644 0.007407407276332378
0 0.610156238079071 0.05462963134050369 0.0015625000232830644 0.007407407276332378
0 0.565625011920929 0.6847222447395325 0.008333333767950535 0.03981481492519379
0 0.2213541716337204 0.06203703582286835 0.0020833334419876337 0.007407407276332378
0 0.02500000037252903 0.12037037312984467 0.0052083334885537624 0.012962962500751019
0 0.05963541567325592 0.11759259551763535 0.004687500186264515 0.007407407276332378
0 0.08645833283662796 0.10833333432674408 0.004166666883975267 0.011111111380159855
0 0.4598958194255829 0.1666666716337204 0.0020833334419876337 0.01666666753590107
0 0.02890625037252903 0.125 0.00572916679084301 0.012962962500751019
0 0.6645833253860474 0.0962962955236435 0.0020833334419876337 0.0055555556900799274
0 0.45390623807907104 0.18009258806705475 0.0026041667442768812 0.017592592164874077
1 0.5286458134651184 0.12546296417713165 0.01666666753590107 0.012037036940455437
1 0.3174479305744171 0.4009259343147278 0.05885416641831398 0.03703703731298447
4 0.18984374403953552 0.1259259283542633 0.0703125 0.06111111119389534
4 0.46145832538604736 0.24768517911434174 0.03437500074505806 0.14537036418914795
