1 0.5294271111488342 0.1268518567085266 0.01614583283662796 0.012962962500751019
1 0.3122395873069763 0.41435185074806213 0.06093750149011612 0.037962961941957474
4 0.18671874701976776 0.12731482088565826 0.07135416567325592 0.06203703582286835
4 0.4606770873069763 0.2541666626930237 0.03593749925494194 0.1509259194135666
2 0.0023437500931322575 0.12083332985639572 0.004687500186264515 0.037962961941957474
8 0.23151041567325592 0.12129629403352737 0.006770833395421505 0.011111111380159855
2 0.4976562559604645 0.10185185074806213 0.00989583320915699 0.03333333507180214
1 0.06067708507180214 0.10925926268100739 0.01927083358168602 0.014814814552664757
7 0.4723958373069763 0.0972222238779068 0.0072916666977107525 0.009259259328246117
0 0.569531261920929 0.7259259223937988 0.008854166604578495 0.04259259253740311
0 0.20260415971279144 0.06064814701676369 0.0020833334419876337 0.006481481250375509
0 0.02109375037252903 0.12175925821065903 0.00572916679084301 0.012037036940455437
0 0.4606770873069763 0.09212963283061981 0.0015625000232830644 0.010185184888541698
0 0.05546874925494194 0.11944444477558136 0.004687500186264515 0.007407407276332378
0 0.4596354067325592 0.16944444179534912 0.0026041667442768812 0.01666666753590107
0 0.02421874925494194 0.12638889253139496 0.00572916679084301 0.013888888992369175
0 0.6666666865348816 0.0972222238779068 0.0020833334419876337 0.0055555556900799274
0 0.45364582538604736 0.18333333730697632 0.0020833334419876337 0.018518518656492233
0 0.13619790971279144 0.18981482088565826 0.006770833395421505 0.018518518656492233
1 0.5294271111488342 0.1268518567085266 0.01614583283662796 0.012962962500751019
1 0.31197917461395264 0.4148148000240326 0.06145833432674408 0.03888889029622078
4 0.18671874701976776 0.12731482088565826 0.07135416567325592 0.06203703582286835
4 0.4606770873069763 0.2541666626930237 0.03593749925494194 0.1509259194135666
