1 0.5182291865348816 0.12175925821065903 0.015625 0.012037036940455437
1 0.32083332538604736 0.3759259283542633 0.05520833283662796 0.035185184329748154
4 0.18515625596046448 0.12361110746860504 0.06822916865348816 0.06018518656492233
4 0.4541666805744171 0.23564815521240234 0.03229166567325592 0.13611111044883728
8 0.2278645783662796 0.11851851642131805 0.006770833395421505 0.011111111380159855
8 0.03984374925494194 0.0962962955236435 0.0078125 0.009259259328246117
1 0.625 0.08796296268701553 0.0072916666977107525 0.009259259328246117
1 0.617968738079071 0.0824074074625969 0.006770833395421505 0.009259259328246117
2 0.48776042461395264 0.09814814478158951 0.00989583320915699 0.031481482088565826
7 0.06848958134651184 0.0962962955236435 0.008854166604578495 0.009259259328246117
1 0.05755208432674408 0.10740740597248077 0.01927083358168602 0.014814814552664757
7 0.45911458134651184 0.09490741044282913 0.006770833395421505 0.008333333767950535
0 0.5520833134651184 0.6074073910713196 0.0072916666977107525 0.035185184329748154
0 0.05390625074505806 0.11666666716337204 0.004687500186264515 0.007407407276332378
0 0.0794270858168602 0.10740740597248077 0.004687500186264515 0.011111111380159855
0 0.08776041865348816 0.21574074029922485 0.006770833395421505 0.014814814552664757
0 0.4515624940395355 0.16111111640930176 0.0020833334419876337 0.01666666753590107
0 0.4427083432674408 0.08935185521841049 0.0010416667209938169 0.010185184888541698
0 0.02395833283662796 0.12314815074205399 0.0052083334885537624 0.012962962500751019
0 0.6510416865348816 0.09351851791143417 0.0020833334419876337 0.0055555556900799274
0 0.44609373807907104 0.1736111044883728 0.0026041667442768812 0.017592592164874077
0 0.13906249403953552 0.18333333730697632 0.0062500000931322575 0.018518518656492233
1 0.5182291865348816 0.12175925821065903 0.015625 0.012037036940455437
1 0.3205729126930237 0.3759259283542633 0.0546875 0.035185184329748154
4 0.18515625596046448 0.12361110746860504 0.06822916865348816 0.06018518656492233
4 0.4541666805744171 0.23564815521240234 0.03229166567325592 0.13611111044883728
