1 0.532031238079071 0.13333334028720856 0.01718750037252903 0.012962962500751019
1 0.2835937440395355 0.48240742087364197 0.07239583134651184 0.046296294778585434
1 0.28333333134651184 0.2708333432674408 0.03541666641831398 0.026851851493120193
4 0.171875 0.13518518209457397 0.078125 0.06666667014360428
4 0.45755207538604736 0.2828703820705414 0.04114583507180214 0.17499999701976776
8 0.2213541716337204 0.12731482088565826 0.0072916666977107525 0.012037036940455437
1 0.6177083253860474 0.06805555522441864 0.0062500000931322575 0.006481481250375509
8 0.03619791567325592 0.10185185074806213 0.008854166604578495 0.009259259328246117
1 0.6466146111488342 0.09675925970077515 0.006770833395421505 0.010185184888541698
7 0.20781250298023224 0.13379628956317902 0.008333333767950535 0.013888888992369175
1 0.6393229365348816 0.0902777761220932 0.0078125 0.010185184888541698
2 0.4989583194255829 0.10601852089166641 0.010416666977107525 0.034259259700775146
1 0.04505208507180214 0.11388888955116272 0.02031249925494194 0.014814814552664757
7 0.4781250059604645 0.10185185074806213 0.0072916666977107525 0.009259259328246117
8 0.21458333730697632 0.130092591047287 0.0062500000931322575 0.013888888992369175
0 0.6153646111488342 0.05462963134050369 0.0015625000232830644 0.007407407276332378
0 0.6158854365348816 0.05648148059844971 0.0015625000232830644 0.007407407276332378
0 0.6153646111488342 0.06620370596647263 0.0015625000232830644 0.004629629664123058
0 0.5958333611488342 0.9675925970077515 0.015625 0.05370370298624039
0 0.6153646111488342 0.06481481343507767 0.0015625000232830644 0.007407407276332378
0 0.6153646111488342 0.06481481343507767 0.0015625000232830644 0.007407407276332378
0 0.6153646111488342 0.06203703582286835 0.0015625000232830644 0.007407407276332378
0 0.6153646111488342 0.06620370596647263 0.0015625000232830644 0.004629629664123058
0 0.6153646111488342 0.06481481343507767 0.0015625000232830644 0.007407407276332378
0 0.6153646111488342 0.06203703582286835 0.0015625000232830644 0.007407407276332378
0 0.6153646111488342 0.06481481343507767 0.0015625000232830644 0.007407407276332378
0 0.6153646111488342 0.06481481343507767 0.0015625000232830644 0.007407407276332378
0 0.6153646111488342 0.06388889253139496 0.0015625000232830644 0.0055555556900799274
0 0.6153646111488342 0.06203703582286835 0.0015625000232830644 0.007407407276332378
0 0.6153646111488342 0.06203703582286835 0.0015625000232830644 0.007407407276332378
0 0.6153646111488342 0.0634259283542633 0.0015625000232830644 0.004629629664123058
0 0.6153646111488342 0.06203703582286835 0.0015625000232830644 0.007407407276332378
0 0.1979166716337204 0.0625 0.0020833334419876337 0.006481481250375509
0 0.6153646111488342 0.06620370596647263 0.0015625000232830644 0.004629629664123058
0 0.0033854166977107525 0.1268518567085266 0.00572916679084301 0.012962962500751019
0 0.4593749940395355 0.09583333134651184 0.0010416667209938169 0.010185184888541698
0 0.6153646111488342 0.06203703582286835 0.0015625000232830644 0.007407407276332378
0 0.6153646111488342 0.06203703582286835 0.0015625000232830644 0.007407407276332378
0 0.17473958432674408 0.07361111044883728 0.0026041667442768812 0.008333333767950535
0 0.4580729305744171 0.18101851642131805 0.0026041667442768812 0.017592592164874077
0 0.17369791865348816 0.07361111044883728 0.0026041667442768812 0.008333333767950535
0 0.6153646111488342 0.06018518656492233 0.0015625000232830644 0.007407407276332378
0 0.002864583395421505 0.1328703761100769 0.00572916679084301 0.013888888992369175
0 0.18359375 0.07962962985038757 0.0026041667442768812 0.0055555556900799274
0 0.6747395992279053 0.10138888657093048 0.0026041667442768812 0.006481481250375509
0 0.16093750298023224 0.1587962955236435 0.0052083334885537624 0.015740741044282913
0 0.4515624940395355 0.19768518209457397 0.0031250000465661287 0.01944444514811039
1 0.532031238079071 0.13333334028720856 0.01718750037252903 0.012962962500751019
1 0.28307291865348816 0.4833333194255829 0.07239583134651184 0.046296294778585434
1 0.28333333134651184 0.2708333432674408 0.03541666641831398 0.026851851493120193
4 0.171875 0.13518518209457397 0.078125 0.06666667014360428
4 0.45755207538604736 0.2828703820705414 0.04114583507180214 0.17499999701976776
