1 0.53125 0.12870369851589203 0.01666666753590107 0.012962962500751019
1 0.30416667461395264 0.43611112236976624 0.06458333134651184 0.040740739554166794
4 0.18307290971279144 0.130092591047287 0.07343749701976776 0.06388889253139496
4 0.4609375 0.26342591643333435 0.03750000149011612 0.15833333134651184
8 0.22942708432674408 0.12314815074205399 0.006770833395421505 0.011111111380159855
1 0.6434895992279053 0.09351851791143417 0.006770833395421505 0.009259259328246117
1 0.635937511920929 0.08703703433275223 0.0072916666977107525 0.009259259328246117
2 0.4989583194255829 0.10324074327945709 0.010416666977107525 0.034259259700775146
7 0.07578124850988388 0.09907407313585281 0.008854166604578495 0.009259259328246117
1 0.05703125149011612 0.11064814776182175 0.02031249925494194 0.013888888992369175
7 0.4755208194255829 0.09907407313585281 0.0072916666977107525 0.009259259328246117
8 0.22317709028720856 0.12546296417713165 0.00572916679084301 0.013888888992369175
0 0.6143229007720947 0.05277777835726738 0.0015625000232830644 0.007407407276332378
0 0.6138020753860474 0.0555555559694767 0.0015625000232830644 0.007407407276332378
0 0.5770833492279053 0.7953703999519348 0.010416666977107525 0.04444444552063942
0 0.20208333432674408 0.06111111119389534 0.0020833334419876337 0.007407407276332378
0 0.22031250596046448 0.06296296417713165 0.0020833334419876337 0.007407407276332378
0 0.01692708395421505 0.12314815074205399 0.00572916679084301 0.012962962500751019
0 0.4611979126930237 0.09305555373430252 0.0015625000232830644 0.010185184888541698
0 0.686718761920929 0.10555555671453476 0.0026041667442768812 0.011111111380159855
0 0.05078125 0.12083332985639572 0.004687500186264515 0.008333333767950535
0 0.08046875149011612 0.11064814776182175 0.004687500186264515 0.012037036940455437
0 0.46015626192092896 0.17314815521240234 0.0026041667442768812 0.01666666753590107
0 0.1901041716337204 0.07777778059244156 0.0020833334419876337 0.0055555556900799274
0 0.6705729365348816 0.09861110895872116 0.0026041667442768812 0.006481481250375509
0 0.45390623807907104 0.18796296417713165 0.0026041667442768812 0.018518518656492233
1 0.53125 0.12870369851589203 0.01666666753590107 0.012962962500751019
1 0.3036458194255829 0.43611112236976624 0.06458333134651184 0.040740739554166794
4 0.18307290971279144 0.130092591047287 0.07343749701976776 0.06388889253139496
4 0.4609375 0.26342591643333435 0.03750000149011612 0.15833333134651184
