1 0.5315104126930237 0.12962962687015533 0.01718750037252903 0.012962962500751019
1 0.3010416626930237 0.44305557012557983 0.06562499701976776 0.0416666679084301
4 0.18125000596046448 0.1310185194015503 0.07395832985639572 0.06388889253139496
4 0.46015626192092896 0.2666666805744171 0.03802083432674408 0.16111111640930176
8 0.2278645783662796 0.12361110746860504 0.006770833395421505 0.012037036940455437
8 0.04374999925494194 0.09907407313585281 0.008333333767950535 0.009259259328246117
1 0.6442708373069763 0.09398148208856583 0.0072916666977107525 0.010185184888541698
1 0.6364583373069763 0.08796296268701553 0.0072916666977107525 0.009259259328246117
2 0.4989583194255829 0.10370370000600815 0.010416666977107525 0.03333333507180214
7 0.07473958283662796 0.09907407313585281 0.008854166604578495 0.009259259328246117
7 0.47604167461395264 0.09953703731298447 0.0072916666977107525 0.010185184888541698
8 0.22161458432674408 0.12638889253139496 0.00572916679084301 0.013888888992369175
0 0.6143229007720947 0.05277777835726738 0.0015625000232830644 0.007407407276332378
0 0.6143229007720947 0.0555555559694767 0.0015625000232830644 0.007407407276332378
0 0.5802083611488342 0.8212962746620178 0.01145833358168602 0.04444444552063942
0 0.20156249403953552 0.06157407537102699 0.0020833334419876337 0.006481481250375509
0 0.4609375 0.09398148208856583 0.0010416667209938169 0.010185184888541698
0 0.6872395873069763 0.10648148506879807 0.0026041667442768812 0.011111111380159855
0 0.07864583283662796 0.1111111119389534 0.004166666883975267 0.011111111380159855
0 0.17942708730697632 0.07175926119089127 0.0026041667442768812 0.008333333767950535
0 0.4598958194255829 0.1745370328426361 0.0020833334419876337 0.017592592164874077
0 0.17890624701976776 0.07268518209457397 0.0026041667442768812 0.008333333767950535
0 0.6143229007720947 0.05925925821065903 0.0015625000232830644 0.007407407276332378
0 0.13177083432674408 0.08101851493120193 0.0031250000465661287 0.008333333767950535
0 0.18906250596046448 0.07824073731899261 0.0020833334419876337 0.006481481250375509
0 0.671093761920929 0.09953703731298447 0.0026041667442768812 0.006481481250375509
0 0.4533854126930237 0.18981482088565826 0.0026041667442768812 0.018518518656492233
1 0.5315104126930237 0.12962962687015533 0.01718750037252903 0.012962962500751019
1 0.3005208373069763 0.44398146867752075 0.06562499701976776 0.0416666679084301
4 0.18125000596046448 0.1310185194015503 0.07395832985639572 0.06388889253139496
4 0.46015626192092896 0.2666666805744171 0.03802083432674408 0.16111111640930176
