1 0.5325520634651184 0.13425925374031067 0.01718750037252903 0.012962962500751019
1 0.27916666865348816 0.49259260296821594 0.07395832985639572 0.04814814776182175
1 0.2809895873069763 0.27407407760620117 0.03593749925494194 0.025925925001502037
4 0.16979166865348816 0.13611111044883728 0.07916666567325592 0.06666667014360428
4 0.45703125 0.28703704476356506 0.04218750074505806 0.17777778208255768
1 0.617968738079071 0.06851851940155029 0.00572916679084301 0.007407407276332378
1 0.647656261920929 0.09675925970077515 0.006770833395421505 0.010185184888541698
7 0.20624999701976776 0.13472221791744232 0.008333333767950535 0.013888888992369175
1 0.6401041746139526 0.09074074029922485 0.0072916666977107525 0.009259259328246117
2 0.4989583194255829 0.10694444179534912 0.010416666977107525 0.034259259700775146
1 0.04270833358168602 0.11481481790542603 0.02083333395421505 0.014814814552664757
8 0.6143229007720947 0.06712962687015533 0.0036458333488553762 0.006481481250375509
7 0.47864583134651184 0.10231481492519379 0.0072916666977107525 0.010185184888541698
8 0.21302083134651184 0.13055555522441864 0.0062500000931322575 0.014814814552664757
0 0.6158854365348816 0.05509259179234505 0.0015625000232830644 0.008333333767950535
0 0.6161458492279053 0.05648148059844971 0.0010416667209938169 0.007407407276332378
0 0.6156250238418579 0.06620370596647263 0.0020833334419876337 0.004629629664123058
0 0.6005208492279053 0.9902777671813965 0.01666666753590107 0.01944444514811039
0 0.6158854365348816 0.06481481343507767 0.0015625000232830644 0.007407407276332378
0 0.6158854365348816 0.06481481343507767 0.0015625000232830644 0.007407407276332378
0 0.6158854365348816 0.06203703582286835 0.0015625000232830644 0.007407407276332378
0 0.6156250238418579 0.06620370596647263 0.0020833334419876337 0.004629629664123058
0 0.6158854365348816 0.06481481343507767 0.0015625000232830644 0.007407407276332378
0 0.6158854365348816 0.06203703582286835 0.0015625000232830644 0.007407407276332378
0 0.6158854365348816 0.06481481343507767 0.0015625000232830644 0.007407407276332378
0 0.6158854365348816 0.06481481343507767 0.0015625000232830644 0.007407407276332378
0 0.6156250238418579 0.06388889253139496 0.0010416667209938169 0.0055555556900799274
0 0.6158854365348816 0.06203703582286835 0.0015625000232830644 0.007407407276332378
0 0.6158854365348816 0.06203703582286835 0.0015625000232830644 0.007407407276332378
0 0.6158854365348816 0.0634259283542633 0.0015625000232830644 0.004629629664123058
0 0.6158854365348816 0.06203703582286835 0.0015625000232830644 0.007407407276332378
0 0.6156250238418579 0.06620370596647263 0.0020833334419876337 0.004629629664123058
0 0.45911458134651184 0.09675925970077515 0.0015625000232830644 0.010185184888541698
0 0.5455729365348816 0.06388889253139496 0.0015625000232830644 0.007407407276332378
0 0.6158854365348816 0.06203703582286835 0.0015625000232830644 0.007407407276332378
0 0.6158854365348816 0.06203703582286835 0.0015625000232830644 0.007407407276332378
0 0.17369791865348816 0.07361111044883728 0.0026041667442768812 0.008333333767950535
0 0.4580729305744171 0.18287037312984467 0.0026041667442768812 0.017592592164874077
0 0.17239584028720856 0.07453703880310059 0.0031250000465661287 0.008333333767950535
0 0.6158854365348816 0.06018518656492233 0.0015625000232830644 0.007407407276332378
0 0.18255208432674408 0.08009259402751923 0.0026041667442768812 0.006481481250375509
0 0.6755208373069763 0.10231481492519379 0.0020833334419876337 0.006481481250375509
0 0.15208333730697632 0.18194444477558136 0.0062500000931322575 0.017592592164874077
0 0.45104166865348816 0.19953703880310059 0.0031250000465661287 0.01944444514811039
0 0.15286459028720856 0.1597222238779068 0.004687500186264515 0.015740741044282913
1 0.5325520634651184 0.13425925374031067 0.01718750037252903 0.012962962500751019
1 0.2786458432674408 0.4930555522441864 0.07395832985639572 0.04722222313284874
1 0.2809895873069763 0.27407407760620117 0.03593749925494194 0.025925925001502037
4 0.16979166865348816 0.13611111044883728 0.07916666567325592 0.06666667014360428
4 0.45703125 0.28703704476356506 0.04218750074505806 0.17777778208255768
