1 0.5315104126930237 0.13055555522441864 0.01718750037252903 0.012962962500751019
1 0.2971354126930237 0.45185184478759766 0.06718750298023224 0.04259259253740311
4 0.17916665971279144 0.1319444477558136 0.07500000298023224 0.06388889253139496
4 0.4596354067325592 0.27037036418914795 0.0390625 0.16296295821666718
8 0.22630208730697632 0.12453703582286835 0.006770833395421505 0.012037036940455437
8 0.0416666679084301 0.10000000149011612 0.008333333767950535 0.009259259328246117
1 0.6447916626930237 0.09444444626569748 0.0072916666977107525 0.009259259328246117
1 0.6369791626930237 0.08842592686414719 0.0072916666977107525 0.010185184888541698
2 0.4989583194255829 0.1041666641831398 0.010416666977107525 0.034259259700775146
7 0.07343749701976776 0.10000000149011612 0.00937500037252903 0.009259259328246117
7 0.4765625 0.10000000149011612 0.0072916666977107525 0.009259259328246117
8 0.2200520783662796 0.12731482088565826 0.00572916679084301 0.013888888992369175
0 0.6143229007720947 0.05370370298624039 0.0015625000232830644 0.007407407276332378
0 0.6145833134651184 0.0555555559694767 0.0010416667209938169 0.007407407276332378
0 0.5833333134651184 0.8504629731178284 0.012500000186264515 0.04722222313284874
0 0.2005208283662796 0.06203703582286835 0.0020833334419876337 0.007407407276332378
0 0.012239583767950535 0.125 0.00572916679084301 0.012962962500751019
0 0.46041667461395264 0.09398148208856583 0.0010416667209938169 0.010185184888541698
0 0.688281238079071 0.10648148506879807 0.0026041667442768812 0.011111111380159855
0 0.04609375074505806 0.12222222238779068 0.004687500186264515 0.007407407276332378
0 0.07656250149011612 0.11157407611608505 0.004166666883975267 0.012037036940455437
0 0.1783854216337204 0.07222222536802292 0.0026041667442768812 0.007407407276332378
0 0.4593749940395355 0.17638888955116272 0.0020833334419876337 0.017592592164874077
0 0.17734375596046448 0.07268518209457397 0.0026041667442768812 0.008333333767950535
0 0.6143229007720947 0.05925925821065903 0.0015625000232830644 0.007407407276332378
0 0.013020833022892475 0.130092591047287 0.0062500000931322575 0.013888888992369175
0 0.4528645873069763 0.19166666269302368 0.0026041667442768812 0.018518518656492233
1 0.5315104126930237 0.13055555522441864 0.01718750037252903 0.012962962500751019
1 0.2966145873069763 0.45185184478759766 0.06718750298023224 0.04259259253740311
4 0.17916665971279144 0.1319444477558136 0.07500000298023224 0.06388889253139496
4 0.4596354067325592 0.27037036418914795 0.0390625 0.16296295821666718
