1 0.532031238079071 0.13240741193294525 0.01718750037252903 0.012962962500751019
1 0.28828126192092896 0.4722222089767456 0.0703125 0.04444444552063942
1 0.2861979305744171 0.26759257912635803 0.03489583358168602 0.025925925001502037
4 0.17421874403953552 0.13379628956317902 0.07760416716337204 0.06574074178934097
4 0.4583333432674408 0.2787036895751953 0.04062499850988388 0.17037037014961243
6 0.46692708134651184 0.11620370298624039 0.0015625000232830644 0.008333333767950535
8 0.22291666269302368 0.12638889253139496 0.0072916666977107525 0.012037036940455437
8 0.03802083432674408 0.10092592239379883 0.008333333767950535 0.009259259328246117
7 0.20989583432674408 0.1328703761100769 0.008333333767950535 0.013888888992369175
1 0.6385416388511658 0.08935185521841049 0.0072916666977107525 0.010185184888541698
2 0.4989583194255829 0.10601852089166641 0.010416666977107525 0.034259259700775146
1 0.04739583283662796 0.11296296119689941 0.02083333395421505 0.014814814552664757
8 0.6135416626930237 0.06620370596647263 0.0031250000465661287 0.006481481250375509
7 0.4776041805744171 0.10092592239379883 0.0072916666977107525 0.009259259328246117
8 0.21666666865348816 0.12916666269302368 0.0062500000931322575 0.013888888992369175
0 0.6151041388511658 0.05416666716337204 0.0010416667209938169 0.008333333767950535
0 0.6153646111488342 0.05648148059844971 0.0015625000232830644 0.007407407276332378
0 0.6148437261581421 0.06620370596647263 0.0015625000232830644 0.004629629664123058
0 0.5914062261581421 0.9259259104728699 0.01406249962747097 0.051851850003004074
0 0.6148437261581421 0.06435184925794601 0.0015625000232830644 0.008333333767950535
0 0.6148437261581421 0.06435184925794601 0.0015625000232830644 0.008333333767950535
0 0.6148437261581421 0.06111111119389534 0.0015625000232830644 0.007407407276332378
0 0.6148437261581421 0.06620370596647263 0.0015625000232830644 0.004629629664123058
0 0.6148437261581421 0.06435184925794601 0.0015625000232830644 0.008333333767950535
0 0.6148437261581421 0.06111111119389534 0.0015625000232830644 0.007407407276332378
0 0.6148437261581421 0.06435184925794601 0.0015625000232830644 0.008333333767950535
0 0.6148437261581421 0.06481481343507767 0.0015625000232830644 0.007407407276332378
0 0.6148437261581421 0.06388889253139496 0.0015625000232830644 0.0055555556900799274
0 0.6148437261581421 0.06111111119389534 0.0015625000232830644 0.007407407276332378
0 0.6148437261581421 0.06203703582286835 0.0015625000232830644 0.007407407276332378
0 0.6148437261581421 0.0634259283542633 0.0015625000232830644 0.004629629664123058
0 0.6148437261581421 0.06111111119389534 0.0015625000232830644 0.007407407276332378
0 0.19895833730697632 0.06203703582286835 0.0020833334419876337 0.007407407276332378
0 0.6148437261581421 0.06620370596647263 0.0015625000232830644 0.004629629664123058
0 0.00598958320915699 0.12638889253139496 0.00572916679084301 0.013888888992369175
0 0.4596354067325592 0.09583333134651184 0.0015625000232830644 0.010185184888541698
0 0.6148437261581421 0.06111111119389534 0.0015625000232830644 0.007407407276332378
0 0.6148437261581421 0.06203703582286835 0.0015625000232830644 0.007407407276332378
0 0.17578125 0.07268518209457397 0.0026041667442768812 0.008333333767950535
0 0.4585937559604645 0.1796296238899231 0.0026041667442768812 0.018518518656492233
0 0.17473958432674408 0.07361111044883728 0.0026041667442768812 0.008333333767950535
0 0.6153646111488342 0.06018518656492233 0.0015625000232830644 0.007407407276332378
0 0.0062500000931322575 0.1319444477558136 0.0062500000931322575 0.013888888992369175
0 0.1848958283662796 0.07916666567325592 0.0020833334419876337 0.006481481250375509
0 0.6736978888511658 0.10092592239379883 0.0026041667442768812 0.0055555556900799274
0 0.16354165971279144 0.1578703671693802 0.0052083334885537624 0.015740741044282913
0 0.4518229067325592 0.19583334028720856 0.0026041667442768812 0.01944444514811039
1 0.532031238079071 0.13240741193294525 0.01718750037252903 0.012962962500751019
1 0.2877604067325592 0.47268518805503845 0.0703125 0.04537037014961243
1 0.2861979305744171 0.26759257912635803 0.03489583358168602 0.025925925001502037
4 0.17421874403953552 0.13379628956317902 0.07760416716337204 0.06574074178934097
4 0.4583333432674408 0.2787036895751953 0.04062499850988388 0.17037037014961243
