1 0.5333333611488342 0.13842593133449554 0.01770833320915699 0.013888888992369175
1 0.2554687559604645 0.5472221970558167 0.08385416865348816 0.05370370298624039
4 0.15911458432674408 0.14074073731899261 0.08385416865348816 0.07037036865949631
4 0.45364582538604736 0.3083333373069763 0.04583333432674408 0.19629628956317902
1 0.6239583492279053 0.07222222536802292 0.0062500000931322575 0.007407407276332378
1 0.16432291269302368 0.16527777910232544 0.02031249925494194 0.017592592164874077
1 0.6507812738418579 0.10000000149011612 0.006770833395421505 0.011111111380159855
2 0.49921876192092896 0.10972221940755844 0.010937499813735485 0.03611111268401146
1 0.03125 0.1180555522441864 0.02187499962747097 0.015740741044282913
7 0.4817708432674408 0.1050925925374031 0.0072916666977107525 0.010185184888541698
8 0.20494791865348816 0.13472221791744232 0.006770833395421505 0.013888888992369175
0 0.7049478888511658 0.11527777463197708 0.0026041667442768812 0.012037036940455437
0 0.45755207538604736 0.09907407313585281 0.0015625000232830644 0.011111111380159855
0 0.5458333492279053 0.06481481343507767 0.0010416667209938169 0.007407407276332378
0 0.11328125 0.08796296268701553 0.0036458333488553762 0.009259259328246117
0 0.4559895694255829 0.19074073433876038 0.0026041667442768812 0.018518518656492233
0 0.1184895858168602 0.08425925672054291 0.0036458333488553762 0.009259259328246117
0 0.13776041567325592 0.18981482088565826 0.006770833395421505 0.018518518656492233
0 0.4489583373069763 0.2092592567205429 0.0031250000465661287 0.020370369777083397
1 0.5333333611488342 0.13842593133449554 0.01770833320915699 0.013888888992369175
1 0.25468748807907104 0.5476852059364319 0.0833333358168602 0.05462963134050369
4 0.15911458432674408 0.14074073731899261 0.08385416865348816 0.07037036865949631
4 0.45364582538604736 0.3083333373069763 0.04583333432674408 0.19629628956317902
