1 0.5328124761581421 0.13657407462596893 0.01770833320915699 0.013888888992369175
1 0.2653645873069763 0.5236111283302307 0.07968749850988388 0.05092592537403107
4 0.16354165971279144 0.1388888955116272 0.08229167014360428 0.06851851940155029
4 0.45520833134651184 0.29907408356666565 0.04374999925494194 0.18888889253139496
1 0.6234375238418579 0.07175926119089127 0.0062500000931322575 0.008333333767950535
1 0.6192708611488342 0.0694444477558136 0.0062500000931322575 0.007407407276332378
1 0.6494791507720947 0.09861110895872116 0.0062500000931322575 0.010185184888541698
2 0.49921876192092896 0.10879629850387573 0.010937499813735485 0.03611111268401146
7 0.4802083373069763 0.10370370000600815 0.0072916666977107525 0.009259259328246117
0 0.4583333432674408 0.09768518805503845 0.0010416667209938169 0.010185184888541698
0 0.5458333492279053 0.06481481343507767 0.0010416667209938169 0.007407407276332378
0 0.1158854141831398 0.08703703433275223 0.0036458333488553762 0.009259259328246117
0 0.45651042461395264 0.18796296417713165 0.0026041667442768812 0.018518518656492233
0 0.16901041567325592 0.0754629597067833 0.0026041667442768812 0.008333333767950535
0 0.12109375 0.0833333358168602 0.0036458333488553762 0.009259259328246117
0 0.17890624701976776 0.08101851493120193 0.0026041667442768812 0.006481481250375509
0 0.14348958432674408 0.18703703582286835 0.006770833395421505 0.018518518656492233
0 0.44973957538604736 0.20555555820465088 0.0026041667442768812 0.020370369777083397
1 0.5328124761581421 0.13657407462596893 0.01770833320915699 0.013888888992369175
1 0.26484376192092896 0.5240740776062012 0.07968749850988388 0.051851850003004074
4 0.16354165971279144 0.1388888955116272 0.08229167014360428 0.06851851940155029
4 0.45520833134651184 0.29907408356666565 0.04374999925494194 0.18888889253139496
