1 0.5335937738418579 0.13935184478759766 0.01822916604578495 0.013888888992369175
1 0.2502604126930237 0.5592592358589172 0.0859375 0.0555555559694767
1 0.2653645873069763 0.29490742087364197 0.0390625 0.028703704476356506
4 0.15677084028720856 0.14166666567325592 0.08541666716337204 0.07037036865949631
4 0.453125 0.3125 0.046875 0.20092593133449554
8 0.21041665971279144 0.1328703761100769 0.0072916666977107525 0.012037036940455437
1 0.1627604216337204 0.16620370745658875 0.02031249925494194 0.017592592164874077
1 0.6513020992279053 0.10046296566724777 0.006770833395421505 0.010185184888541698
2 0.49921876192092896 0.11064814776182175 0.010937499813735485 0.03611111268401146
1 0.02890625037252903 0.11851851642131805 0.02239583246409893 0.014814814552664757
7 0.48229166865348816 0.1050925925374031 0.0072916666977107525 0.010185184888541698
8 0.20338541269302368 0.13564814627170563 0.006770833395421505 0.013888888992369175
0 0.4572916626930237 0.09953703731298447 0.0010416667209938169 0.010185184888541698
0 0.5458333492279053 0.06481481343507767 0.0010416667209938169 0.007407407276332378
0 0.11171875149011612 0.08796296268701553 0.0036458333488553762 0.009259259328246117
0 0.01927083358168602 0.130092591047287 0.0052083334885537624 0.008333333767950535
0 0.4554687440395355 0.192592591047287 0.0026041667442768812 0.018518518656492233
0 0.11744792014360428 0.08472222089767456 0.0036458333488553762 0.010185184888541698
0 0.680468738079071 0.1050925925374031 0.0026041667442768812 0.006481481250375509
0 0.13463541865348816 0.19166666269302368 0.006770833395421505 0.018518518656492233
0 0.44843751192092896 0.21157407760620117 0.0031250000465661287 0.021296296268701553
1 0.5335937738418579 0.13935184478759766 0.01822916604578495 0.013888888992369175
1 0.24921874701976776 0.5597222447395325 0.0859375 0.05648148059844971
1 0.2653645873069763 0.29490742087364197 0.0390625 0.028703704476356506
4 0.15677084028720856 0.14166666567325592 0.08541666716337204 0.07037036865949631
4 0.453125 0.3125 0.046875 0.20092593133449554
