1 0.5341145992279053 0.14120370149612427 0.01822916604578495 0.013888888992369175
1 0.23854166269302368 0.585185170173645 0.09062500298023224 0.05925925821065903
4 0.15234375 0.14398148655891418 0.08697916567325592 0.07129629701375961
4 0.4518229067325592 0.32175925374031067 0.04843749850988388 0.2083333283662796
8 0.692187488079071 0.11851851642131805 0.004166666883975267 0.012962962500751019
2 0.4989583194255829 0.11157407611608505 0.01145833358168602 0.03611111268401146
7 0.4833333194255829 0.10648148506879807 0.0072916666977107525 0.009259259328246117
8 0.19973959028720856 0.13703703880310059 0.006770833395421505 0.014814814552664757
0 0.6190103888511658 0.05833333358168602 0.0015625000232830644 0.007407407276332378
0 0.4567708373069763 0.10046296566724777 0.0010416667209938169 0.010185184888541698
0 0.10911457985639572 0.08888889104127884 0.0036458333488553762 0.009259259328246117
0 0.01354166679084301 0.1319444477558136 0.0052083334885537624 0.008333333767950535
0 0.45494791865348816 0.19583334028720856 0.0026041667442768812 0.01944444514811039
0 0.11484374850988388 0.08518518507480621 0.0036458333488553762 0.009259259328246117
0 0.17265625298023224 0.08287037163972855 0.0026041667442768812 0.006481481250375509
0 0.6820312738418579 0.10648148506879807 0.0026041667442768812 0.007407407276332378
0 0.13958333432674408 0.16990740597248077 0.0062500000931322575 0.017592592164874077
0 0.44739583134651184 0.21574074029922485 0.0031250000465661287 0.020370369777083397
1 0.5341145992279053 0.14120370149612427 0.01822916604578495 0.013888888992369175
1 0.23802083730697632 0.5861111283302307 0.09062500298023224 0.05925925821065903
4 0.15234375 0.14398148655891418 0.08697916567325592 0.07129629701375961
4 0.4518229067325592 0.32175925374031067 0.04843749850988388 0.2083333283662796
