1 0.5333333611488342 0.13750000298023224 0.01770833320915699 0.013888888992369175
1 0.2604166567325592 0.5356481671333313 0.08124999701976776 0.05277777835726738
1 0.2705729305744171 0.28703704476356506 0.03802083432674408 0.02777777798473835
4 0.16119791567325592 0.14027777314186096 0.08281250298023224 0.0694444477558136
4 0.4546875059604645 0.3037036955356598 0.04479166492819786 0.192592591047287
6 0.4658854305744171 0.11990740895271301 0.0015625000232830644 0.008333333767950535
8 0.2135416716337204 0.1310185194015503 0.0072916666977107525 0.012037036940455437
1 0.6195312738418579 0.0694444477558136 0.00572916679084301 0.007407407276332378
1 0.6499999761581421 0.09953703731298447 0.0062500000931322575 0.010185184888541698
2 0.49921876192092896 0.10925926268100739 0.010937499813735485 0.035185184329748154
7 0.4807291626930237 0.1041666641831398 0.0072916666977107525 0.010185184888541698
0 0.45781248807907104 0.09861110895872116 0.0010416667209938169 0.010185184888541698
0 0.5458333492279053 0.06481481343507767 0.0010416667209938169 0.007407407276332378
0 0.1145833358168602 0.08749999850988388 0.0031250000465661287 0.010185184888541698
0 0.16979166865348816 0.07453703880310059 0.0031250000465661287 0.008333333767950535
0 0.45651042461395264 0.1893518567085266 0.0026041667442768812 0.01944444514811039
0 0.16770833730697632 0.0754629597067833 0.0031250000465661287 0.008333333767950535
0 0.1197916641831398 0.08425925672054291 0.0031250000465661287 0.009259259328246117
0 0.14036458730697632 0.18796296417713165 0.006770833395421505 0.018518518656492233
0 0.44921875 0.2074074000120163 0.0026041667442768812 0.020370369777083397
1 0.5333333611488342 0.13750000298023224 0.01770833320915699 0.013888888992369175
1 0.25989583134651184 0.5356481671333313 0.08124999701976776 0.05277777835726738
1 0.2705729305744171 0.28703704476356506 0.03802083432674408 0.02777777798473835
4 0.16119791567325592 0.14027777314186096 0.08281250298023224 0.0694444477558136
4 0.4546875059604645 0.3037036955356598 0.04479166492819786 0.192592591047287
