1 0.5367187261581421 0.1537037044763565 0.01927083358168602 0.014814814552664757
1 0.13177083432674408 0.8273147940635681 0.13750000298023224 0.09351851791143417
1 0.44192707538604736 0.125 0.00989583320915699 0.011111111380159855
4 0.12031249701976776 0.15833333134651184 0.10208333283662796 0.08148147910833359
4 0.4401041567325592 0.39722222089767456 0.06458333134651184 0.28333333134651184
6 0.46276041865348816 0.1319444477558136 0.0015625000232830644 0.010185184888541698
1 0.629687488079071 0.0763888880610466 0.0062500000931322575 0.008333333767950535
8 0.7049478888511658 0.12731482088565826 0.004687500186264515 0.013888888992369175
8 0.0018229166744276881 0.11342592537403107 0.0036458333488553762 0.010185184888541698
7 0.16770833730697632 0.15416666865348816 0.010416666977107525 0.015740741044282913
2 0.4986979067325592 0.12037037312984467 0.01197916641831398 0.03888889029622078
7 0.0390625 0.11342592537403107 0.010416666977107525 0.010185184888541698
1 0.0020833334419876337 0.12870369851589203 0.004166666883975267 0.01666666753590107
8 0.6127604246139526 0.18009258806705475 0.008854166604578495 0.015740741044282913
7 0.4908854067325592 0.11342592537403107 0.0078125 0.010185184888541698
8 0.17682291567325592 0.14861111342906952 0.0078125 0.015740741044282913
0 0.6231771111488342 0.06990740448236465 0.0015625000232830644 0.008333333767950535
0 0.6231771111488342 0.06990740448236465 0.0015625000232830644 0.008333333767950535
0 0.6236979365348816 0.06712962687015533 0.0015625000232830644 0.008333333767950535
0 0.6231771111488342 0.06990740448236465 0.0015625000232830644 0.008333333767950535
0 0.6236979365348816 0.06712962687015533 0.0015625000232830644 0.008333333767950535
0 0.6231771111488342 0.06990740448236465 0.0015625000232830644 0.008333333767950535
0 0.6231771111488342 0.06990740448236465 0.0015625000232830644 0.008333333767950535
0 0.6231771111488342 0.0694444477558136 0.0015625000232830644 0.0055555556900799274
0 0.6236979365348816 0.06712962687015533 0.0015625000232830644 0.008333333767950535
0 0.6234375238418579 0.06712962687015533 0.0020833334419876337 0.008333333767950535
0 0.6234375238418579 0.06898148357868195 0.0020833334419876337 0.004629629664123058
0 0.6236979365348816 0.06712962687015533 0.0015625000232830644 0.008333333767950535
0 0.35624998807907104 0.10648148506879807 0.0020833334419876337 0.011111111380159855
0 0.45234376192092896 0.10694444179534912 0.0015625000232830644 0.012037036940455437
0 0.6236979365348816 0.06712962687015533 0.0015625000232830644 0.008333333767950535
0 0.09036458283662796 0.09398148208856583 0.0036458333488553762 0.010185184888541698
0 0.02317708358168602 0.12777778506278992 0.00572916679084301 0.012962962500751019
0 0.6234375238418579 0.06712962687015533 0.0020833334419876337 0.008333333767950535
0 0.15260416269302368 0.07962962985038757 0.0031250000465661287 0.009259259328246117
0 0.4494791626930237 0.22083333134651184 0.0031250000465661287 0.021296296268701553
0 0.1471354216337204 0.08101851493120193 0.0026041667442768812 0.008333333767950535
0 0.6236979365348816 0.06527777761220932 0.0015625000232830644 0.008333333767950535
0 0.9755208492279053 0.29212963581085205 0.012500000186264515 0.026851851493120193
0 0.09765625 0.08981481194496155 0.0036458333488553762 0.009259259328246117
0 0.08307291567325592 0.22083333134651184 0.008854166604578495 0.021296296268701553
0 0.4403645694255829 0.24675926566123962 0.0036458333488553762 0.023148147389292717
0 0.08359374850988388 0.18981482088565826 0.006770833395421505 0.018518518656492233
1 0.5367187261581421 0.1537037044763565 0.01927083358168602 0.014814814552664757
1 0.13098958134651184 0.8282407522201538 0.1380208283662796 0.09351851791143417
1 0.44192707538604736 0.125 0.00989583320915699 0.011111111380159855
4 0.12031249701976776 0.15833333134651184 0.10208333283662796 0.08148147910833359
4 0.4401041567325592 0.39722222089767456 0.06458333134651184 0.28333333134651184
