1 0.5356770753860474 0.14907407760620117 0.01927083358168602 0.014814814552664757
1 0.17473958432674408 0.7300925850868225 0.11822916567325592 0.07870370149612427
1 0.44322916865348816 0.12222222238779068 0.00937500037252903 0.011111111380159855
4 0.13124999403953552 0.1537037044763565 0.09687499701976776 0.07777778059244156
4 0.4442708194255829 0.36944442987442017 0.05833333358168602 0.2537037134170532
1 0.628125011920929 0.0754629597067833 0.0062500000931322575 0.008333333767950535
1 0.6244791746139526 0.07314814627170563 0.0062500000931322575 0.007407407276332378
8 0.7007812261581421 0.12453703582286835 0.004687500186264515 0.013888888992369175
1 0.6575520634651184 0.10740740597248077 0.008854166604578495 0.011111111380159855
7 0.17630209028720856 0.15046297013759613 0.00989583320915699 0.015740741044282913
1 0.65234375 0.09953703731298447 0.008854166604578495 0.010185184888541698
2 0.4989583194255829 0.11759259551763535 0.01145833358168602 0.03888889029622078
1 0.0072916666977107525 0.1259259283542633 0.014583333395421505 0.01666666753590107
7 0.48828125 0.11157407611608505 0.0078125 0.010185184888541698
0 0.7164062261581421 0.12222222238779068 0.0036458333488553762 0.012962962500751019
0 0.6221354007720947 0.06064814701676369 0.0015625000232830644 0.008333333767950535
0 0.621874988079071 0.06574074178934097 0.0020833334419876337 0.007407407276332378
0 0.621874988079071 0.06574074178934097 0.0020833334419876337 0.007407407276332378
0 0.621874988079071 0.06574074178934097 0.0020833334419876337 0.007407407276332378
0 0.621874988079071 0.06620370596647263 0.0020833334419876337 0.008333333767950535
0 0.621874988079071 0.06574074178934097 0.0020833334419876337 0.007407407276332378
0 0.7072916626930237 0.11898148059844971 0.0031250000465661287 0.012037036940455437
0 0.621874988079071 0.06574074178934097 0.0020833334419876337 0.007407407276332378
0 0.09661458432674408 0.09212963283061981 0.0036458333488553762 0.010185184888541698
0 0.621874988079071 0.06620370596647263 0.0020833334419876337 0.008333333767950535
0 0.15677084028720856 0.07824073731899261 0.0031250000465661287 0.008333333767950535
0 0.45104166865348816 0.21250000596046448 0.0031250000465661287 0.021296296268701553
0 0.15234375 0.07962962985038757 0.0026041667442768812 0.009259259328246117
0 0.6221354007720947 0.06435184925794601 0.0015625000232830644 0.008333333767950535
0 0.10338541865348816 0.08842592686414719 0.0036458333488553762 0.010185184888541698
0 0.6898437738418579 0.11157407611608505 0.0026041667442768812 0.006481481250375509
0 0.09869791567325592 0.21203704178333282 0.0078125 0.020370369777083397
0 0.4427083432674408 0.2361111044883728 0.0031250000465661287 0.02222222276031971
1 0.5356770753860474 0.14907407760620117 0.01927083358168602 0.014814814552664757
1 0.17369791865348816 0.7310185432434082 0.11822916567325592 0.07870370149612427
1 0.44322916865348816 0.12222222238779068 0.00937500037252903 0.011111111380159855
4 0.13124999403953552 0.1537037044763565 0.09687499701976776 0.07777778059244156
4 0.4442708194255829 0.36944442987442017 0.05833333358168602 0.2537037134170532
