1 0.5369791388511658 0.1546296328306198 0.01979166641831398 0.014814814552664757
1 0.11874999850988388 0.8569444417953491 0.14374999701976776 0.0972222238779068
1 0.4416666626930237 0.1259259283542633 0.00937500037252903 0.011111111380159855
4 0.11744792014360428 0.1597222238779068 0.10364583134651184 0.0824074074625969
4 0.4385416805744171 0.4055555462837219 0.06666667014360428 0.2907407283782959
8 0.706250011920929 0.12824073433876038 0.0052083334885537624 0.013888888992369175
7 0.16562500596046448 0.15555556118488312 0.010416666977107525 0.01666666753590107
2 0.4989583194255829 0.12129629403352737 0.012500000186264515 0.03888889029622078
7 0.03750000149011612 0.11435185372829437 0.010416666977107525 0.010185184888541698
8 0.6130208373069763 0.18194444477558136 0.00937500037252903 0.015740741044282913
7 0.49166667461395264 0.11435185372829437 0.0072916666977107525 0.010185184888541698
8 0.17473958432674408 0.15000000596046448 0.0078125 0.01666666753590107
0 0.6236979365348816 0.07037036865949631 0.0015625000232830644 0.007407407276332378
0 0.6236979365348816 0.07037036865949631 0.0015625000232830644 0.007407407276332378
0 0.6236979365348816 0.06712962687015533 0.0015625000232830644 0.008333333767950535
0 0.6236979365348816 0.07037036865949631 0.0015625000232830644 0.007407407276332378
0 0.6236979365348816 0.06712962687015533 0.0015625000232830644 0.008333333767950535
0 0.6236979365348816 0.07037036865949631 0.0015625000232830644 0.007407407276332378
0 0.6236979365348816 0.07037036865949631 0.0015625000232830644 0.007407407276332378
0 0.6236979365348816 0.0694444477558136 0.0015625000232830644 0.0055555556900799274
0 0.6236979365348816 0.06712962687015533 0.0015625000232830644 0.008333333767950535
0 0.6236979365348816 0.06759259104728699 0.0015625000232830644 0.007407407276332378
0 0.6236979365348816 0.06898148357868195 0.0015625000232830644 0.004629629664123058
0 0.6236979365348816 0.06712962687015533 0.0015625000232830644 0.008333333767950535
0 0.35546875 0.10694444179534912 0.0026041667442768812 0.012037036940455437
0 0.7127603888511658 0.12268518656492233 0.0036458333488553762 0.012037036940455437
0 0.6236979365348816 0.06712962687015533 0.0015625000232830644 0.008333333767950535
0 0.0885416641831398 0.09398148208856583 0.004166666883975267 0.010185184888541698
0 0.02057291753590107 0.12824073433876038 0.00572916679084301 0.013888888992369175
0 0.6236979365348816 0.06759259104728699 0.0015625000232830644 0.007407407276332378
0 0.4489583373069763 0.22361111640930176 0.0031250000465661287 0.021296296268701553
0 0.1458333283662796 0.08148147910833359 0.0031250000465661287 0.009259259328246117
0 0.624218761920929 0.06527777761220932 0.0015625000232830644 0.008333333767950535
0 0.9820312261581421 0.29629629850387573 0.013020833022892475 0.02777777798473835
0 0.09609375149011612 0.0902777761220932 0.0036458333488553762 0.010185184888541698
0 0.15468749403953552 0.08842592686414719 0.0031250000465661287 0.006481481250375509
0 0.07890625298023224 0.22268518805503845 0.008854166604578495 0.021296296268701553
0 0.43932291865348816 0.24953703582286835 0.0036458333488553762 0.023148147389292717
0 0.08020833134651184 0.19166666269302368 0.0062500000931322575 0.018518518656492233
1 0.5369791388511658 0.1546296328306198 0.01979166641831398 0.014814814552664757
1 0.11770833283662796 0.8578703999519348 0.14374999701976776 0.0972222238779068
1 0.4416666626930237 0.1259259283542633 0.00937500037252903 0.011111111380159855
4 0.11744792014360428 0.1597222238779068 0.10364583134651184 0.0824074074625969
4 0.4385416805744171 0.4055555462837219 0.06666667014360428 0.2907407283782959
