1 0.5361979007720947 0.15046297013759613 0.01927083358168602 0.013888888992369175
1 0.16484375298023224 0.7527777552604675 0.1223958358168602 0.08148147910833359
1 0.22812500596046448 0.3430555462837219 0.046875 0.034259259700775146
4 0.12838540971279144 0.1546296328306198 0.09843750298023224 0.07777778059244156
4 0.44322916865348816 0.3759259283542633 0.06041666492819786 0.2611111104488373
6 0.4632812440395355 0.12962962687015533 0.0015625000232830644 0.009259259328246117
1 0.6286458373069763 0.0754629597067833 0.0062500000931322575 0.008333333767950535
1 0.625 0.07314814627170563 0.0062500000931322575 0.007407407276332378
8 0.7018229365348816 0.125 0.004687500186264515 0.012962962500751019
1 0.6580728888511658 0.10787037014961243 0.008854166604578495 0.012037036940455437
2 0.4989583194255829 0.11851851642131805 0.01145833358168602 0.03888889029622078
7 0.04348958283662796 0.11157407611608505 0.00989583320915699 0.010185184888541698
7 0.48906248807907104 0.11157407611608505 0.0072916666977107525 0.010185184888541698
0 0.7174479365348816 0.12314815074205399 0.0036458333488553762 0.012962962500751019
0 0.6231771111488342 0.05787036940455437 0.0015625000232830644 0.008333333767950535
0 0.6226562261581421 0.06064814701676369 0.0015625000232830644 0.008333333767950535
0 0.6221354007720947 0.06620370596647263 0.0015625000232830644 0.008333333767950535
0 0.6221354007720947 0.06620370596647263 0.0015625000232830644 0.008333333767950535
0 0.6221354007720947 0.06620370596647263 0.0015625000232830644 0.008333333767950535
0 0.6221354007720947 0.06666667014360428 0.0015625000232830644 0.007407407276332378
0 0.6221354007720947 0.06620370596647263 0.0015625000232830644 0.008333333767950535
0 0.7083333134651184 0.11990740895271301 0.0031250000465661287 0.012037036940455437
0 0.6221354007720947 0.06620370596647263 0.0015625000232830644 0.008333333767950535
0 0.0950520858168602 0.09259258955717087 0.0036458333488553762 0.009259259328246117
0 0.03020833246409893 0.12546296417713165 0.0052083334885537624 0.013888888992369175
0 0.6221354007720947 0.06666667014360428 0.0015625000232830644 0.007407407276332378
0 0.4505208432674408 0.2143518477678299 0.0031250000465661287 0.021296296268701553
0 0.1510416716337204 0.08009259402751923 0.0031250000465661287 0.008333333767950535
0 0.6223958134651184 0.06435184925794601 0.0020833334419876337 0.008333333767950535
0 0.10182292014360428 0.08888889104127884 0.0036458333488553762 0.009259259328246117
0 0.6908854246139526 0.1120370402932167 0.0026041667442768812 0.007407407276332378
0 0.44192707538604736 0.23842592537403107 0.0036458333488553762 0.023148147389292717
0 0.04895833507180214 0.24027778208255768 0.00937500037252903 0.023148147389292717
1 0.5361979007720947 0.15046297013759613 0.01927083358168602 0.013888888992369175
1 0.16380208730697632 0.7537037134170532 0.1223958358168602 0.08148147910833359
1 0.22812500596046448 0.3430555462837219 0.046875 0.034259259700775146
4 0.12838540971279144 0.1546296328306198 0.09843750298023224 0.07777778059244156
4 0.44322916865348816 0.3759259283542633 0.06041666492819786 0.2611111104488373
