1 0.5348958373069763 0.1458333283662796 0.01875000074505806 0.013888888992369175
1 0.20338541269302368 0.6652777791023254 0.10572917014360428 0.0694444477558136
1 0.24375000596046448 0.3231481611728668 0.04374999925494194 0.031481482088565826
1 0.4442708194255829 0.11990740895271301 0.00937500037252903 0.010185184888541698
4 0.13984374701976776 0.14953704178333282 0.09322916716337204 0.07500000298023224
4 0.44739583134651184 0.3490740656852722 0.05416666716337204 0.2351851910352707
6 0.46406251192092896 0.1259259283542633 0.0020833334419876337 0.009259259328246117
1 0.6270833611488342 0.07453703880310059 0.0062500000931322575 0.008333333767950535
8 0.19843749701976776 0.1388888955116272 0.008333333767950535 0.012962962500751019
8 0.6971353888511658 0.12222222238779068 0.004687500186264515 0.012962962500751019
1 0.6557291746139526 0.10555555671453476 0.0072916666977107525 0.011111111380159855
7 0.18281249701976776 0.1467592567205429 0.00937500037252903 0.015740741044282913
2 0.4989583194255829 0.11527777463197708 0.01145833358168602 0.037962961941957474
7 0.05026041716337204 0.10879629850387573 0.00989583320915699 0.010185184888541698
1 0.01145833358168602 0.12361110746860504 0.02291666716337204 0.015740741044282913
7 0.48645833134651184 0.10972221940755844 0.0072916666977107525 0.010185184888541698
8 0.19088540971279144 0.14166666567325592 0.006770833395421505 0.014814814552664757
0 0.7130208611488342 0.11990740895271301 0.0031250000465661287 0.012037036940455437
0 0.6205729246139526 0.06805555522441864 0.0015625000232830644 0.008333333767950535
0 0.6205729246139526 0.06805555522441864 0.0015625000232830644 0.008333333767950535
0 0.6205729246139526 0.06481481343507767 0.0015625000232830644 0.007407407276332378
0 0.6205729246139526 0.06805555522441864 0.0015625000232830644 0.008333333767950535
0 0.6205729246139526 0.06481481343507767 0.0015625000232830644 0.007407407276332378
0 0.6205729246139526 0.06805555522441864 0.0015625000232830644 0.008333333767950535
0 0.6205729246139526 0.06805555522441864 0.0015625000232830644 0.008333333767950535
0 0.6205729246139526 0.06759259104728699 0.0015625000232830644 0.0055555556900799274
0 0.6205729246139526 0.06481481343507767 0.0015625000232830644 0.007407407276332378
0 0.6205729246139526 0.06527777761220932 0.0015625000232830644 0.008333333767950535
0 0.6205729246139526 0.06712962687015533 0.0015625000232830644 0.004629629664123058
0 0.6205729246139526 0.06481481343507767 0.0015625000232830644 0.007407407276332378
0 0.45494791865348816 0.10277777910232544 0.0015625000232830644 0.011111111380159855
0 0.7041666507720947 0.11712963134050369 0.0031250000465661287 0.012037036940455437
0 0.6205729246139526 0.06527777761220932 0.0015625000232830644 0.008333333767950535
0 0.0403645820915699 0.12222222238779068 0.00572916679084301 0.012962962500751019
0 0.6205729246139526 0.06527777761220932 0.0015625000232830644 0.008333333767950535
0 0.16041666269302368 0.0773148164153099 0.0031250000465661287 0.008333333767950535
0 0.45260417461395264 0.20555555820465088 0.0031250000465661287 0.020370369777083397
0 0.15677084028720856 0.07824073731899261 0.0031250000465661287 0.008333333767950535
0 0.6205729246139526 0.0634259283542633 0.0015625000232830644 0.008333333767950535
0 0.1080729141831398 0.08703703433275223 0.0036458333488553762 0.009259259328246117
0 0.16588541865348816 0.08472222089767456 0.0026041667442768812 0.006481481250375509
0 0.686718761920929 0.10972221940755844 0.0026041667442768812 0.006481481250375509
0 0.44479167461395264 0.2273148149251938 0.0031250000465661287 0.021296296268701553
1 0.5348958373069763 0.1458333283662796 0.01875000074505806 0.013888888992369175
1 0.20260415971279144 0.6657407283782959 0.10520832985639572 0.07037036865949631
1 0.4442708194255829 0.11990740895271301 0.00937500037252903 0.010185184888541698
1 0.24375000596046448 0.3231481611728668 0.04374999925494194 0.031481482088565826
4 0.13984374701976776 0.14953704178333282 0.09322916716337204 0.07500000298023224
4 0.44739583134651184 0.3490740656852722 0.05416666716337204 0.2351851910352707
