1 0.542187511920929 0.1675925999879837 0.02187499962747097 0.01666666753590107
1 0.16015625 0.43518519401550293 0.06302083283662796 0.04444444552063942
1 0.44062501192092896 0.13472221791744232 0.010416666977107525 0.012037036940455437
4 0.08697916567325592 0.1745370328426361 0.12083332985639572 0.09166666865348816
4 0.42265623807907104 0.5138888955116272 0.09322916716337204 0.41111111640930176
6 0.4625000059604645 0.14212962985038757 0.0020833334419876337 0.010185184888541698
8 0.7221354246139526 0.13703703880310059 0.00572916679084301 0.014814814552664757
1 0.742968738079071 0.15138888359069824 0.01822916604578495 0.01944444514811039
7 0.14348958432674408 0.16805554926395416 0.01197916641831398 0.017592592164874077
1 0.6682291626930237 0.10972221940755844 0.00937500037252903 0.012037036940455437
2 0.5013020634651184 0.130092591047287 0.013020833022892475 0.0416666679084301
7 0.02369791641831398 0.12129629403352737 0.010937499813735485 0.011111111380159855
0 0.7377604246139526 0.13379628956317902 0.0036458333488553762 0.013888888992369175
0 0.6346353888511658 0.06157407537102699 0.0015625000232830644 0.008333333767950535
0 0.17265625298023224 0.07083333283662796 0.0026041667442768812 0.008333333767950535
0 0.3486979305744171 0.11342592537403107 0.0026041667442768812 0.012037036940455437
0 0.7278645634651184 0.1310185194015503 0.0036458333488553762 0.013888888992369175
0 0.07395832985639572 0.09861110895872116 0.004166666883975267 0.010185184888541698
0 0.18151041865348816 0.36064815521240234 0.010937499813735485 0.032407406717538834
0 0.44453126192092896 0.25138887763023376 0.0036458333488553762 0.023148147389292717
0 0.0833333358168602 0.09398148208856583 0.004166666883975267 0.010185184888541698
0 0.03177083283662796 0.2509259283542633 0.010416666977107525 0.024074073880910873
0 0.4333333373069763 0.2856481373310089 0.004166666883975267 0.026851851493120193
1 0.542187511920929 0.1675925999879837 0.02187499962747097 0.01666666753590107
1 0.44062501192092896 0.13472221791744232 0.010416666977107525 0.012037036940455437
1 0.16015625 0.43518519401550293 0.06302083283662796 0.04444444552063942
4 0.08697916567325592 0.1745370328426361 0.12083332985639572 0.09166666865348816
4 0.42265623807907104 0.5138888955116272 0.09322916716337204 0.41111111640930176
