1 0.5390625 0.16388888657093048 0.02083333395421505 0.01666666753590107
1 0.17473958432674408 0.41342592239379883 0.05885416641831398 0.0416666679084301
1 0.43932291865348816 0.1319444477558136 0.00989583320915699 0.012037036940455437
4 0.09375 0.17037037014961243 0.11562500149011612 0.08888889104127884
4 0.4268229305744171 0.47777777910232544 0.08385416865348816 0.37037035822868347
6 0.4609375 0.13935184478759766 0.0020833334419876337 0.010185184888541698
1 0.633593738079071 0.07870370149612427 0.006770833395421505 0.009259259328246117
1 0.6299479007720947 0.0763888880610466 0.006770833395421505 0.008333333767950535
8 0.715624988079071 0.13425925374031067 0.0052083334885537624 0.014814814552664757
1 0.7359374761581421 0.1476851850748062 0.01770833320915699 0.01944444514811039
7 0.14791665971279144 0.1648148149251938 0.01145833358168602 0.01666666753590107
1 0.6630208492279053 0.10740740597248077 0.00937500037252903 0.011111111380159855
2 0.4989583194255829 0.12731482088565826 0.012500000186264515 0.0416666679084301
7 0.02526041679084301 0.11944444477558136 0.010937499813735485 0.011111111380159855
0 0.731249988079071 0.13148148357868195 0.0031250000465661287 0.012962962500751019
0 0.17265625298023224 0.06990740448236465 0.0026041667442768812 0.008333333767950535
0 0.3489583432674408 0.11157407611608505 0.0020833334419876337 0.012037036940455437
0 0.721875011920929 0.12824073433876038 0.0031250000465661287 0.013888888992369175
0 0.07578124850988388 0.09768518805503845 0.0036458333488553762 0.010185184888541698
0 0.0018229166744276881 0.13425925374031067 0.0036458333488553762 0.012962962500751019
0 0.19374999403953552 0.34583333134651184 0.010416666977107525 0.03055555559694767
0 0.44453126192092896 0.2430555522441864 0.0036458333488553762 0.023148147389292717
0 0.04348958283662796 0.3462963104248047 0.01406249962747097 0.031481482088565826
0 0.0846354141831398 0.09305555373430252 0.0036458333488553762 0.010185184888541698
0 0.1432291716337204 0.09166666865348816 0.0031250000465661287 0.007407407276332378
0 0.7036458253860474 0.12037037312984467 0.0031250000465661287 0.007407407276332378
0 0.04348958283662796 0.2430555522441864 0.00989583320915699 0.023148147389292717
0 0.4338541626930237 0.2750000059604645 0.004166666883975267 0.025925925001502037
0 0.05260416492819786 0.20277777314186096 0.008333333767950535 0.020370369777083397
1 0.5390625 0.16388888657093048 0.02083333395421505 0.01666666753590107
1 0.43932291865348816 0.1319444477558136 0.00989583320915699 0.012037036940455437
1 0.17473958432674408 0.41342592239379883 0.05885416641831398 0.0416666679084301
4 0.09375 0.17037037014961243 0.11562500149011612 0.08888889104127884
4 0.4268229305744171 0.47777777910232544 0.08385416865348816 0.37037035822868347
