1 0.5380208492279053 0.1587962955236435 0.02083333395421505 0.015740741044282913
1 0.0729166641831398 0.9657407402992249 0.1458333283662796 0.06851851940155029
1 0.19453124701976776 0.3870370388031006 0.0546875 0.03888889029622078
1 0.4403645694255829 0.12870369851589203 0.00989583320915699 0.011111111380159855
4 0.10572917014360428 0.1648148149251938 0.109375 0.08518518507480621
4 0.4333333373069763 0.43888887763023376 0.07395832985639572 0.32592591643333435
7 0.15703125298023224 0.16018518805503845 0.010937499813735485 0.01666666753590107
2 0.4989583194255829 0.12453703582286835 0.012500000186264515 0.03981481492519379
7 0.03151041641831398 0.11666666716337204 0.010937499813735485 0.011111111380159855
7 0.4945312440395355 0.11666666716337204 0.0078125 0.011111111380159855
8 0.16614583134651184 0.15416666865348816 0.008333333767950535 0.015740741044282913
0 0.15703125298023224 0.182407408952713 0.00572916679084301 0.011111111380159855
0 0.7263020873069763 0.12870369851589203 0.0036458333488553762 0.012962962500751019
0 0.35208332538604736 0.10925926268100739 0.0020833334419876337 0.011111111380159855
0 0.19244791567325592 0.0694444477558136 0.0026041667442768812 0.007407407276332378
0 0.7171875238418579 0.125 0.0031250000465661287 0.012962962500751019
0 0.004947916604578495 0.2537037134170532 0.00989583320915699 0.024074073880910873
0 0.08229167014360428 0.09583333134651184 0.004166666883975267 0.010185184888541698
0 0.4466145932674408 0.23287037014961243 0.0036458333488553762 0.023148147389292717
0 0.09036458283662796 0.09212963283061981 0.0036458333488553762 0.010185184888541698
0 0.6989583373069763 0.11759259551763535 0.0031250000465661287 0.007407407276332378
0 0.43671876192092896 0.26157405972480774 0.0036458333488553762 0.02500000037252903
0 0.06718750298023224 0.19768518209457397 0.0072916666977107525 0.01944444514811039
0 0.013020833022892475 0.2606481611728668 0.01145833358168602 0.02500000037252903
1 0.5380208492279053 0.1587962955236435 0.02083333395421505 0.015740741044282913
1 0.07239583134651184 0.9662036895751953 0.14479166269302368 0.06759259104728699
1 0.4403645694255829 0.12870369851589203 0.00989583320915699 0.011111111380159855
1 0.19453124701976776 0.3870370388031006 0.0546875 0.03888889029622078
4 0.10572917014360428 0.1648148149251938 0.109375 0.08518518507480621
4 0.4333333373069763 0.43888887763023376 0.07395832985639572 0.32592591643333435
