1 0.5432291626930237 0.17037037014961243 0.02187499962747097 0.01666666753590107
1 0.14791665971279144 0.4513888955116272 0.06562499701976776 0.04722222313284874
1 0.4401041567325592 0.13611111044883728 0.010416666977107525 0.012962962500751019
4 0.08046875149011612 0.17731481790542603 0.12447916716337204 0.09351851791143417
4 0.41848957538604736 0.5407407283782959 0.10052083432674408 0.4444444477558136
8 0.7250000238418579 0.1388888955116272 0.0052083334885537624 0.014814814552664757
1 0.7463541626930237 0.1537037044763565 0.01875000074505806 0.020370369777083397
7 0.13880208134651184 0.17083333432674408 0.01197916641831398 0.017592592164874077
1 0.6705729365348816 0.1111111119389534 0.00989583320915699 0.011111111380159855
2 0.5018228888511658 0.1319444477558136 0.013020833022892475 0.043518517166376114
7 0.02083333395421505 0.12222222238779068 0.01145833358168602 0.011111111380159855
7 0.50390625 0.12314815074205399 0.0078125 0.011111111380159855
0 0.7403646111488342 0.13564814627170563 0.0036458333488553762 0.013888888992369175
0 0.17109374701976776 0.07129629701375961 0.0026041667442768812 0.007407407276332378
0 0.34713542461395264 0.11435185372829437 0.0026041667442768812 0.012037036940455437
0 0.7309895753860474 0.1328703761100769 0.0036458333488553762 0.013888888992369175
0 0.07083333283662796 0.09953703731298447 0.004166666883975267 0.010185184888541698
0 0.17109374701976776 0.3722222149372101 0.01197916641831398 0.03333333507180214
0 0.44348958134651184 0.25740739703178406 0.0036458333488553762 0.024074073880910873
0 0.02161458320915699 0.25648146867752075 0.010937499813735485 0.024074073880910873
0 0.43177083134651184 0.2935185134410858 0.004166666883975267 0.02777777798473835
1 0.5432291626930237 0.17037037014961243 0.02187499962747097 0.01666666753590107
1 0.4401041567325592 0.13611111044883728 0.010416666977107525 0.012962962500751019
1 0.14791665971279144 0.4513888955116272 0.06562499701976776 0.04722222313284874
4 0.08046875149011612 0.17731481790542603 0.12447916716337204 0.09351851791143417
4 0.41848957538604736 0.5407407283782959 0.10052083432674408 0.4444444477558136
