1 0.5453125238418579 0.18009258806705475 0.02291666716337204 0.017592592164874077
1 0.09661458432674408 0.5185185074806213 0.07864583283662796 0.0555555559694767
1 0.4372395873069763 0.14259259402751923 0.010937499813735485 0.012962962500751019
4 0.06197916716337204 0.1893518567085266 0.12395833432674408 0.10092592239379883
4 0.3973958194255829 0.6611111164093018 0.13437500596046448 0.5962963104248047
8 0.7346354126930237 0.1458333283662796 0.00572916679084301 0.015740741044282913
1 0.7572916746139526 0.1606481522321701 0.01979166641831398 0.021296296268701553
1 0.0911458358168602 0.20555555820465088 0.02812499925494194 0.02222222276031971
2 0.5015624761581421 0.13842593133449554 0.01354166679084301 0.04537037014961243
7 0.00807291641831398 0.12731482088565826 0.01197916641831398 0.012037036940455437
7 0.5098958611488342 0.12824073433876038 0.008333333767950535 0.012037036940455437
0 0.75 0.14166666567325592 0.004166666883975267 0.014814814552664757
0 0.16432291269302368 0.07361111044883728 0.0026041667442768812 0.008333333767950535
0 0.34036457538604736 0.11898148059844971 0.0026041667442768812 0.012037036940455437
0 0.17734375596046448 0.07361111044883728 0.0026041667442768812 0.008333333767950535
0 0.7398437261581421 0.13842593133449554 0.0036458333488553762 0.013888888992369175
0 0.05833333358168602 0.10277777910232544 0.004166666883975267 0.011111111380159855
0 0.13098958134651184 0.08611111342906952 0.0036458333488553762 0.009259259328246117
0 0.12968750298023224 0.4175925850868225 0.014583333395421505 0.03703703731298447
0 0.4385416805744171 0.2805555462837219 0.004166666883975267 0.025925925001502037
0 0.03020833246409893 0.42407408356666565 0.01770833320915699 0.03703703731298447
0 0.7205728888511658 0.130092591047287 0.0036458333488553762 0.008333333767950535
0 0.4247395694255829 0.32407405972480774 0.004687500186264515 0.029629629105329514
1 0.5453125238418579 0.18009258806705475 0.02291666716337204 0.017592592164874077
1 0.4372395873069763 0.14259259402751923 0.010937499813735485 0.012962962500751019
1 0.09661458432674408 0.5185185074806213 0.07864583283662796 0.0555555559694767
4 0.06197916716337204 0.1893518567085266 0.12395833432674408 0.10092592239379883
4 0.3973958194255829 0.6611111164093018 0.13437500596046448 0.5962963104248047
