1 0.5447916388511658 0.17824074625968933 0.02291666716337204 0.017592592164874077
1 0.10442708432674408 0.5083333253860474 0.07656250149011612 0.05370370298624039
1 0.4377604126930237 0.14166666567325592 0.010937499813735485 0.012962962500751019
4 0.06328125298023224 0.1875 0.12656250596046448 0.10092592239379883
4 0.4010416567325592 0.6407407522201538 0.12812499701976776 0.5703703761100769
8 0.7330729365348816 0.1449074000120163 0.00572916679084301 0.015740741044282913
1 0.7557291388511658 0.1597222238779068 0.01979166641831398 0.021296296268701553
1 0.09348957985639572 0.20416666567325592 0.02760416641831398 0.023148147389292717
2 0.5015624761581421 0.13703703880310059 0.01354166679084301 0.04444444552063942
7 0.00963541679084301 0.1268518567085266 0.01197916641831398 0.011111111380159855
7 0.5088541507720947 0.12731482088565826 0.008333333767950535 0.012037036940455437
0 0.7484375238418579 0.14074073731899261 0.004166666883975267 0.014814814552664757
0 0.3414062559604645 0.11851851642131805 0.0026041667442768812 0.012962962500751019
0 0.1783854216337204 0.07361111044883728 0.0026041667442768812 0.008333333767950535
0 0.7385416626930237 0.13750000298023224 0.004166666883975267 0.013888888992369175
0 0.0598958320915699 0.10231481492519379 0.004166666883975267 0.010185184888541698
0 0.13567708432674408 0.4106481373310089 0.01406249962747097 0.03611111268401146
0 0.43958333134651184 0.2768518626689911 0.004166666883975267 0.025925925001502037
0 0.03723958507180214 0.4175925850868225 0.01718750037252903 0.03703703731298447
0 0.7192708253860474 0.12916666269302368 0.0031250000465661287 0.008333333767950535
0 0.42578125 0.3194444477558136 0.004687500186264515 0.029629629105329514
1 0.5447916388511658 0.17824074625968933 0.02291666716337204 0.017592592164874077
1 0.4377604126930237 0.14166666567325592 0.010937499813735485 0.012962962500751019
1 0.10442708432674408 0.5083333253860474 0.07656250149011612 0.05370370298624039
4 0.06328125298023224 0.1875 0.12656250596046448 0.10092592239379883
4 0.4010416567325592 0.6407407522201538 0.12812499701976776 0.5703703761100769
