1 0.543749988079071 0.17314815521240234 0.02187499962747097 0.01666666753590107
1 0.13489583134651184 0.46898147463798523 0.06875000149011612 0.049074072390794754
1 0.43932291865348816 0.1379629671573639 0.010937499813735485 0.012962962500751019
4 0.07343749701976776 0.18101851642131805 0.12812499701976776 0.09537036716938019
4 0.41354167461395264 0.5699074268341064 0.10833333432674408 0.47870370745658875
1 0.7494791746139526 0.15555556118488312 0.01875000074505806 0.020370369777083397
1 0.10338541865348816 0.19907407462596893 0.02656250074505806 0.02222222276031971
2 0.5015624761581421 0.13379628956317902 0.01354166679084301 0.043518517166376114
7 0.01718750037252903 0.12361110746860504 0.01145833358168602 0.012037036940455437
7 0.5057291388511658 0.12453703582286835 0.008333333767950535 0.012037036940455437
0 0.742968738079071 0.13750000298023224 0.0036458333488553762 0.013888888992369175
0 0.1692708283662796 0.07175926119089127 0.0031250000465661287 0.008333333767950535
0 0.3450520932674408 0.11574073880910873 0.0026041667442768812 0.012962962500751019
0 0.06744791567325592 0.10046296566724777 0.004687500186264515 0.010185184888541698
0 0.16041666269302368 0.38425925374031067 0.012500000186264515 0.03333333507180214
0 0.4424479305744171 0.26342591643333435 0.0036458333488553762 0.02500000037252903
0 0.12838540971279144 0.08703703433275223 0.0036458333488553762 0.009259259328246117
0 0.7145833373069763 0.1259259283542633 0.0031250000465661287 0.007407407276332378
0 0.010677083395421505 0.26249998807907104 0.010937499813735485 0.02500000037252903
0 0.4299479126930237 0.3018518388271332 0.004687500186264515 0.02777777798473835
1 0.543749988079071 0.17314815521240234 0.02187499962747097 0.01666666753590107
1 0.43932291865348816 0.1379629671573639 0.010937499813735485 0.012962962500751019
1 0.13489583134651184 0.46898147463798523 0.06875000149011612 0.049074072390794754
4 0.07343749701976776 0.18101851642131805 0.12812499701976776 0.09537036716938019
4 0.41354167461395264 0.5699074268341064 0.10833333432674408 0.47870370745658875
