1 0.5445312261581421 0.17546296119689941 0.02239583246409893 0.017592592164874077
1 0.12005208432674408 0.4879629611968994 0.07239583134651184 0.051851850003004074
1 0.4385416805744171 0.1398148089647293 0.010416666977107525 0.012962962500751019
4 0.06614582985639572 0.18425926566123962 0.13229165971279144 0.09814814478158951
4 0.4075520932674408 0.6037036776542664 0.1171875 0.5222222208976746
1 0.7526041865348816 0.1578703671693802 0.01875000074505806 0.021296296268701553
1 0.09843750298023224 0.20185184478759766 0.02708333358168602 0.02222222276031971
1 0.6744791865348816 0.11388888955116272 0.010416666977107525 0.012962962500751019
2 0.5015624761581421 0.13564814627170563 0.01354166679084301 0.043518517166376114
7 0.01354166679084301 0.125 0.01145833358168602 0.011111111380159855
7 0.5072916746139526 0.1259259283542633 0.008333333767950535 0.011111111380159855
0 0.7458333373069763 0.1388888955116272 0.004166666883975267 0.014814814552664757
0 0.16744790971279144 0.07268518209457397 0.0026041667442768812 0.008333333767950535
0 0.3434895873069763 0.11712963134050369 0.0026041667442768812 0.012037036940455437
0 0.0638020858168602 0.10138888657093048 0.004687500186264515 0.010185184888541698
0 0.1484375 0.39722222089767456 0.01354166679084301 0.035185184329748154
0 0.44088542461395264 0.2699074149131775 0.0036458333488553762 0.02500000037252903
0 0.7169271111488342 0.12731482088565826 0.0036458333488553762 0.008333333767950535
0 0.42786458134651184 0.3106481432914734 0.004687500186264515 0.028703704476356506
1 0.5445312261581421 0.17546296119689941 0.02239583246409893 0.017592592164874077
1 0.4385416805744171 0.1398148089647293 0.010416666977107525 0.012962962500751019
1 0.12005208432674408 0.4879629611968994 0.07239583134651184 0.051851850003004074
4 0.06614582985639572 0.18425926566123962 0.13229165971279144 0.09814814478158951
4 0.4075520932674408 0.6037036776542664 0.1171875 0.5222222208976746
