1 0.5427083373069763 0.16944444179534912 0.02187499962747097 0.01666666753590107
1 0.15416666865348816 0.44305557012557983 0.06458333134651184 0.04537037014961243
1 0.4401041567325592 0.13518518209457397 0.010416666977107525 0.012962962500751019
4 0.08385416865348816 0.17592592537403107 0.12187500298023224 0.09259258955717087
4 0.4205729067325592 0.5268518328666687 0.0963541641831398 0.4277777671813965
6 0.4625000059604645 0.14305555820465088 0.0020833334419876337 0.010185184888541698
8 0.7236979007720947 0.1379629671573639 0.00572916679084301 0.014814814552664757
1 0.7450520992279053 0.1527777761220932 0.01822916604578495 0.020370369777083397
7 0.14140625298023224 0.16898147761821747 0.01197916641831398 0.017592592164874077
1 0.6695312261581421 0.11064814776182175 0.00989583320915699 0.012037036940455437
2 0.5013020634651184 0.1310185194015503 0.013020833022892475 0.0416666679084301
7 0.02239583246409893 0.12129629403352737 0.01145833358168602 0.011111111380159855
0 0.7393229007720947 0.13472221791744232 0.0036458333488553762 0.013888888992369175
0 0.17213541269302368 0.07083333283662796 0.0026041667442768812 0.008333333767950535
0 0.3479166626930237 0.11342592537403107 0.0020833334419876337 0.012037036940455437
0 0.7294270992279053 0.1319444477558136 0.0036458333488553762 0.013888888992369175
0 0.07265625149011612 0.09907407313585281 0.004687500186264515 0.011111111380159855
0 0.17656250298023224 0.36666667461395264 0.01145833358168602 0.03333333507180214
0 0.4442708194255829 0.25462964177131653 0.004166666883975267 0.024074073880910873
0 0.08203125 0.09490741044282913 0.0036458333488553762 0.010185184888541698
0 0.4325520694255829 0.28935185074806213 0.004687500186264515 0.026851851493120193
1 0.5427083373069763 0.16944444179534912 0.02187499962747097 0.01666666753590107
1 0.4401041567325592 0.13518518209457397 0.010416666977107525 0.012962962500751019
1 0.15416666865348816 0.44305557012557983 0.06458333134651184 0.04537037014961243
4 0.08385416865348816 0.17592592537403107 0.12187500298023224 0.09259258955717087
4 0.4205729067325592 0.5268518328666687 0.0963541641831398 0.4277777671813965
