1 0.5471354126930237 0.18425926566123962 0.0234375 0.018518518656492233
1 0.07135416567325592 0.5532407164573669 0.08541666716337204 0.06018518656492233
1 0.4372395873069763 0.14537036418914795 0.010937499813735485 0.012962962500751019
4 0.05833333358168602 0.1944444477558136 0.11666666716337204 0.10555555671453476
4 0.3851562440395355 0.6925926208496094 0.15572915971279144 0.614814817905426
8 0.7401041388511658 0.14861111342906952 0.0062500000931322575 0.015740741044282913
1 0.7627604007720947 0.16388888657093048 0.02031249925494194 0.02222222276031971
1 0.0846354141831398 0.20972222089767456 0.02864583395421505 0.023148147389292717
1 0.6817708611488342 0.11851851642131805 0.010416666977107525 0.012962962500751019
2 0.5023437738418579 0.14120370149612427 0.01406249962747097 0.04537037014961243
7 0.004947916604578495 0.12916666269302368 0.00989583320915699 0.012037036940455437
7 0.6143229007720947 0.2231481522321701 0.015104166232049465 0.018518518656492233
7 0.5132812261581421 0.13055555522441864 0.008854166604578495 0.011111111380159855
0 0.7549479007720947 0.14444445073604584 0.0036458333488553762 0.014814814552664757
0 0.16249999403953552 0.07407407462596893 0.0031250000465661287 0.009259259328246117
0 0.3382812440395355 0.12129629403352737 0.0026041667442768812 0.012962962500751019
0 0.17473958432674408 0.07453703880310059 0.0026041667442768812 0.008333333767950535
0 0.7447916865348816 0.14120370149612427 0.004166666883975267 0.013888888992369175
0 0.12812499701976776 0.08703703433275223 0.0031250000465661287 0.009259259328246117
0 0.10989583283662796 0.4402777850627899 0.015625 0.037962961941957474
0 0.43697917461395264 0.29120370745658875 0.004166666883975267 0.026851851493120193
0 0.009114583022892475 0.4472222328186035 0.01822916604578495 0.03888889029622078
0 0.421875 0.3384259343147278 0.0052083334885537624 0.03055555559694767
1 0.5471354126930237 0.18425926566123962 0.0234375 0.018518518656492233
1 0.4372395873069763 0.14537036418914795 0.010937499813735485 0.012962962500751019
1 0.07135416567325592 0.5532407164573669 0.08541666716337204 0.06018518656492233
4 0.05833333358168602 0.1944444477558136 0.11666666716337204 0.10555555671453476
4 0.3851562440395355 0.6925926208496094 0.15572915971279144 0.614814817905426
