1 0.5484374761581421 0.19074073433876038 0.02395833283662796 0.018518518656492233
1 0.0390625 0.6069444417953491 0.078125 0.06759259104728699
1 0.43541666865348816 0.14953704178333282 0.01145833358168602 0.013888888992369175
4 0.0520833320915699 0.2023148089647293 0.1041666641831398 0.1101851835846901
4 0.36145833134651184 0.7097222208976746 0.19687500596046448 0.5805555582046509
1 0.7692708373069763 0.16851851344108582 0.02083333395421505 0.02222222276031971
1 0.07395832985639572 0.2152777761220932 0.03020833246409893 0.02500000037252903
1 0.6861979365348816 0.12222222238779068 0.010937499813735485 0.012962962500751019
2 0.5023437738418579 0.1449074000120163 0.01406249962747097 0.04722222313284874
8 0.6424478888511658 0.23148147761821747 0.01197916641831398 0.020370369777083397
7 0.6182291507720947 0.23194444179534912 0.015625 0.01944444514811039
7 0.5166666507720947 0.13379628956317902 0.00937500037252903 0.012037036940455437
0 0.33411458134651184 0.1240740716457367 0.0026041667442768812 0.012962962500751019
0 0.43359375 0.30694442987442017 0.004687500186264515 0.028703704476356506
0 0.44869792461395264 0.1240740716457367 0.0015625000232830644 0.012962962500751019
0 0.1106770858168602 0.09166666865348816 0.0036458333488553762 0.009259259328246117
0 0.4169270694255829 0.36064815521240234 0.00572916679084301 0.032407406717538834
1 0.5484374761581421 0.19074073433876038 0.02395833283662796 0.018518518656492233
1 0.43541666865348816 0.14953704178333282 0.01145833358168602 0.013888888992369175
1 0.0390625 0.6069444417953491 0.078125 0.06759259104728699
4 0.0520833320915699 0.2023148089647293 0.1041666641831398 0.1101851835846901
4 0.36145833134651184 0.7097222208976746 0.19687500596046448 0.5805555582046509
