1 0.5494791865348816 0.19722221791744232 0.02500000037252903 0.020370369777083397
1 0.01718750037252903 0.6745370626449585 0.03437500074505806 0.07685185223817825
1 0.4333333373069763 0.15324074029922485 0.01145833358168602 0.013888888992369175
4 0.04531250149011612 0.21111111342906952 0.09062500298023224 0.11666666716337204
4 0.32343751192092896 0.730555534362793 0.265625 0.5388888716697693
8 0.7518228888511658 0.15740740299224854 0.006770833395421505 0.01666666753590107
1 0.690625011920929 0.1259259283542633 0.01145833358168602 0.012962962500751019
2 0.5020833611488342 0.14953704178333282 0.014583333395421505 0.049074072390794754
7 0.5200520753860474 0.13703703880310059 0.008854166604578495 0.012962962500751019
2 0.6161458492279053 0.07407407462596893 0.02083333395421505 0.024074073880910873
0 0.15338541567325592 0.0763888880610466 0.0026041667442768812 0.008333333767950535
0 0.3294270932674408 0.1268518567085266 0.0026041667442768812 0.012962962500751019
0 0.16354165971279144 0.0773148164153099 0.0031250000465661287 0.008333333767950535
0 0.7559896111488342 0.14861111342906952 0.004687500186264515 0.015740741044282913
0 0.11640624701976776 0.0902777761220932 0.0036458333488553762 0.010185184888541698
0 0.04062499850988388 0.5148147940635681 0.02083333395421505 0.04259259253740311
0 0.4294270873069763 0.32499998807907104 0.004687500186264515 0.029629629105329514
0 0.44739583134651184 0.1268518567085266 0.0020833334419876337 0.012962962500751019
0 0.10338541865348816 0.09398148208856583 0.0036458333488553762 0.010185184888541698
0 0.10885416716337204 0.10231481492519379 0.0031250000465661287 0.008333333767950535
0 0.7356770634651184 0.13935184478759766 0.0036458333488553762 0.008333333767950535
0 0.41067707538604736 0.3856481611728668 0.006770833395421505 0.034259259700775146
1 0.5494791865348816 0.19722221791744232 0.02500000037252903 0.020370369777083397
1 0.4333333373069763 0.15324074029922485 0.01145833358168602 0.013888888992369175
1 0.01718750037252903 0.6745370626449585 0.03437500074505806 0.07685185223817825
4 0.04531250149011612 0.21111111342906952 0.09062500298023224 0.11666666716337204
4 0.32343751192092896 0.730555534362793 0.265625 0.5388888716697693
