1 0.5479166507720947 0.18888889253139496 0.02395833283662796 0.018518518656492233
1 0.04374999925494194 0.5930555462837219 0.08749999850988388 0.06574074178934097
1 0.4359374940395355 0.14814814925193787 0.01145833358168602 0.012962962500751019
4 0.05364583432674408 0.20000000298023224 0.10729166865348816 0.10925926268100739
4 0.36796873807907104 0.7050926089286804 0.18593749403953552 0.5898148417472839
6 0.4596354067325592 0.15740740299224854 0.0026041667442768812 0.011111111380159855
1 0.7677083611488342 0.1675925999879837 0.02083333395421505 0.02222222276031971
1 0.6851562261581421 0.12129629403352737 0.010937499813735485 0.012962962500751019
2 0.5023437738418579 0.14444445073604584 0.01406249962747097 0.046296294778585434
7 0.0018229166744276881 0.1319444477558136 0.0036458333488553762 0.012037036940455437
8 0.641406238079071 0.2291666716337204 0.01197916641831398 0.01944444514811039
7 0.6171875 0.22962963581085205 0.015625 0.018518518656492233
7 0.5158854126930237 0.1328703761100769 0.008854166604578495 0.012037036940455437
0 0.33515626192092896 0.12314815074205399 0.0026041667442768812 0.012962962500751019
0 0.12395833432674408 0.08796296268701553 0.0031250000465661287 0.009259259328246117
0 0.08645833283662796 0.4652777910232544 0.01770833320915699 0.03981481492519379
0 0.4346354305744171 0.30324074625968933 0.004687500186264515 0.028703704476356506
0 0.4489583373069763 0.12314815074205399 0.0020833334419876337 0.012962962500751019
0 0.41796875 0.3550925850868225 0.00572916679084301 0.032407406717538834
1 0.5479166507720947 0.18888889253139496 0.02395833283662796 0.018518518656492233
1 0.4359374940395355 0.14814814925193787 0.01145833358168602 0.012962962500751019
1 0.04374999925494194 0.5930555462837219 0.08749999850988388 0.06574074178934097
4 0.05364583432674408 0.20000000298023224 0.10729166865348816 0.10925926268100739
4 0.36796873807907104 0.7050926089286804 0.18593749403953552 0.5898148417472839
