1 0.5473958253860474 0.18611110746860504 0.02395833283662796 0.018518518656492233
1 0.0611979179084301 0.5662037134170532 0.08802083134651184 0.06203703582286835
1 0.43671876192092896 0.14629629254341125 0.010937499813735485 0.012962962500751019
4 0.05677083507180214 0.19675925374031067 0.11354167014360428 0.10648148506879807
4 0.3799479305744171 0.6967592835426331 0.16510416567325592 0.6064814925193787
8 0.7416666746139526 0.14953704178333282 0.0062500000931322575 0.015740741044282913
1 0.7645833492279053 0.16527777910232544 0.02083333395421505 0.021296296268701553
1 0.08203125 0.21111111342906952 0.02864583395421505 0.024074073880910873
2 0.5023437738418579 0.14259259402751923 0.01406249962747097 0.046296294778585434
7 0.00390625 0.130092591047287 0.0078125 0.012037036940455437
8 0.6388021111488342 0.22453702986240387 0.01197916641831398 0.01944444514811039
7 0.6153646111488342 0.22546295821666718 0.015104166232049465 0.01944444514811039
7 0.5140625238418579 0.1310185194015503 0.008333333767950535 0.012037036940455437
0 0.7562500238418579 0.14537036418914795 0.004166666883975267 0.014814814552664757
0 0.1614583283662796 0.07453703880310059 0.0031250000465661287 0.008333333767950535
0 0.3372395932674408 0.12175925821065903 0.0026041667442768812 0.012037036940455437
0 0.10208333283662796 0.4481481611728668 0.01666666753590107 0.03888889029622078
0 0.4361979067325592 0.2953703701496124 0.004687500186264515 0.02777777798473835
0 0.11562500149011612 0.0902777761220932 0.0031250000465661287 0.010185184888541698
0 0.0052083334885537624 0.45601850748062134 0.010416666977107525 0.03981481492519379
0 0.4208333194255829 0.34398147463798523 0.0052083334885537624 0.03055555559694767
1 0.5473958253860474 0.18611110746860504 0.02395833283662796 0.018518518656492233
1 0.43671876192092896 0.14629629254341125 0.010937499813735485 0.012962962500751019
1 0.0611979179084301 0.5662037134170532 0.08802083134651184 0.06203703582286835
4 0.05677083507180214 0.19675925374031067 0.11354167014360428 0.10648148506879807
4 0.3799479305744171 0.6967592835426331 0.16510416567325592 0.6064814925193787
