1 0.5492187738418579 0.19907407462596893 0.02552083320915699 0.020370369777083397
1 0.01015624962747097 0.6949074268341064 0.02031249925494194 0.08055555820465088
4 0.04296875 0.2134259194135666 0.0859375 0.11944444477558136
4 0.30937498807907104 0.7361111044883728 0.2906250059604645 0.5277777910232544
8 0.7523437738418579 0.15833333134651184 0.006770833395421505 0.01666666753590107
1 0.7763020992279053 0.17407406866550446 0.02239583246409893 0.024074073880910873
1 0.6911458373069763 0.12638889253139496 0.01145833358168602 0.013888888992369175
2 0.5010416507720947 0.15046297013759613 0.014583333395421505 0.049074072390794754
7 0.5200520753860474 0.1379629671573639 0.008854166604578495 0.012962962500751019
2 0.6158854365348816 0.07407407462596893 0.02031249925494194 0.024074073880910873
0 0.7669270634651184 0.15231481194496155 0.004687500186264515 0.015740741044282913
0 0.1510416716337204 0.0773148164153099 0.0031250000465661287 0.008333333767950535
0 0.32734376192092896 0.12777778506278992 0.0026041667442768812 0.012962962500751019
0 0.7565104365348816 0.14953704178333282 0.004687500186264515 0.015740741044282913
0 0.02916666679084301 0.5268518328666687 0.02187499962747097 0.04444444552063942
0 0.42760416865348816 0.33009257912635803 0.0052083334885537624 0.03055555559694767
0 0.4463541805744171 0.12777778506278992 0.0020833334419876337 0.012962962500751019
0 0.10572917014360428 0.10277777910232544 0.0031250000465661287 0.007407407276332378
0 0.7361978888511658 0.14027777314186096 0.0036458333488553762 0.008333333767950535
0 0.40833333134651184 0.3930555582046509 0.0062500000931322575 0.034259259700775146
1 0.5492187738418579 0.19907407462596893 0.02552083320915699 0.020370369777083397
1 0.01015624962747097 0.6949074268341064 0.02031249925494194 0.08055555820465088
4 0.04296875 0.2134259194135666 0.0859375 0.11944444477558136
4 0.30937498807907104 0.7361111044883728 0.2906250059604645 0.5277777910232544
