1 0.5505208373069763 0.2101851850748062 0.02708333358168602 0.020370369777083397
1 0.42786458134651184 0.16111111640930176 0.01197916641831398 0.014814814552664757
4 0.03125 0.2282407432794571 0.0625 0.13055555522441864
4 0.22317709028720856 0.7787036895751953 0.4463541805744171 0.442592591047287
8 0.42786458134651184 0.6569444537162781 0.01197916641831398 0.07870370149612427
1 0.7856770753860474 0.18101851642131805 0.0234375 0.02500000037252903
1 0.6979166865348816 0.13240741193294525 0.012500000186264515 0.014814814552664757
2 0.4997395873069763 0.1578703671693802 0.015104166232049465 0.05092592537403107
7 0.6294270753860474 0.260185182094574 0.01822916604578495 0.02222222276031971
7 0.5247395634651184 0.14351852238178253 0.00989583320915699 0.012962962500751019
0 0.7752603888511658 0.1587962955236435 0.004687500186264515 0.015740741044282913
0 0.14270833134651184 0.07916666567325592 0.0031250000465661287 0.008333333767950535
0 0.3187499940395355 0.1328703761100769 0.0031250000465661287 0.013888888992369175
0 0.12447916716337204 0.07916666567325592 0.0031250000465661287 0.008333333767950535
0 0.1510416716337204 0.07962962985038757 0.0031250000465661287 0.009259259328246117
0 0.01875000074505806 0.11249999701976776 0.0052083334885537624 0.012037036940455437
0 0.1028645858168602 0.09305555373430252 0.0036458333488553762 0.010185184888541698
0 0.4195312559604645 0.36250001192092896 0.00572916679084301 0.032407406717538834
0 0.08776041865348816 0.0972222238779068 0.0036458333488553762 0.011111111380159855
0 0.03359375149011612 0.10740740597248077 0.004687500186264515 0.011111111380159855
0 0.0924479141831398 0.10648148506879807 0.0036458333488553762 0.007407407276332378
0 0.39635416865348816 0.4402777850627899 0.0072916666977107525 0.037962961941957474
1 0.5505208373069763 0.2101851850748062 0.02708333358168602 0.020370369777083397
1 0.42786458134651184 0.16111111640930176 0.01197916641831398 0.014814814552664757
4 0.03125 0.2282407432794571 0.0625 0.13055555522441864
4 0.22317709028720856 0.7787036895751953 0.4463541805744171 0.442592591047287
