1 0.5486978888511658 0.20092593133449554 0.02552083320915699 0.020370369777083397
4 0.04088541492819786 0.21574074029922485 0.08177082985639572 0.12037037312984467
4 0.29348957538604736 0.7425925731658936 0.3192708194255829 0.5148147940635681
6 0.3023437559604645 0.08518518507480621 0.00572916679084301 0.007407407276332378
8 0.7533854246139526 0.15925925970077515 0.006770833395421505 0.01666666753590107
1 0.77734375 0.17499999701976776 0.02239583246409893 0.024074073880910873
1 0.69140625 0.12731482088565826 0.01197916641831398 0.013888888992369175
2 0.5002604126930237 0.1518518477678299 0.015104166232049465 0.05000000074505806
7 0.6234375238418579 0.24629630148410797 0.01666666753590107 0.020370369777083397
7 0.520312488079071 0.1388888955116272 0.00937500037252903 0.012962962500751019
0 0.7677083611488342 0.15324074029922485 0.004166666883975267 0.015740741044282913
0 0.14895834028720856 0.0773148164153099 0.0031250000465661287 0.008333333767950535
0 0.3255208432674408 0.12870369851589203 0.0031250000465661287 0.012962962500751019
0 0.1588541716337204 0.07777778059244156 0.0031250000465661287 0.009259259328246117
0 0.7572916746139526 0.15046297013759613 0.004166666883975267 0.015740741044282913
0 0.11093749850988388 0.0912037044763565 0.0031250000465661287 0.010185184888541698
0 0.01744791679084301 0.5388888716697693 0.02239583246409893 0.04444444552063942
0 0.42578125 0.33472222089767456 0.004687500186264515 0.03055555559694767
0 0.4455729126930237 0.12870369851589203 0.0015625000232830644 0.012962962500751019
0 0.4059895873069763 0.4000000059604645 0.006770833395421505 0.035185184329748154
1 0.5486978888511658 0.20092593133449554 0.02552083320915699 0.020370369777083397
4 0.04088541492819786 0.21574074029922485 0.08177082985639572 0.12037037312984467
4 0.29348957538604736 0.7425925731658936 0.3192708194255829 0.5148147940635681
