1 0.5518229007720947 0.2162037044763565 0.02760416641831398 0.021296296268701553
1 0.42656248807907104 0.16527777910232544 0.012500000186264515 0.015740741044282913
4 0.02552083320915699 0.23564815521240234 0.05104166641831398 0.13611111044883728
4 0.22083333134651184 0.8050925731658936 0.4416666626930237 0.3898148238658905
6 0.2958333194255829 0.08842592686414719 0.0062500000931322575 0.006481481250375509
8 0.421875 0.7124999761581421 0.01354166679084301 0.08611111342906952
8 0.7669270634651184 0.16898147761821747 0.0078125 0.017592592164874077
1 0.7916666865348816 0.18518517911434174 0.02395833283662796 0.025925925001502037
1 0.7020833492279053 0.13564814627170563 0.012500000186264515 0.013888888992369175
2 0.5 0.1615740805864334 0.015625 0.05277777835726738
8 0.6611979007720947 0.2680555582046509 0.01406249962747097 0.023148147389292717
7 0.5257812738418579 0.14629629254341125 0.00989583320915699 0.012962962500751019
0 0.7807291746139526 0.16203702986240387 0.0052083334885537624 0.01666666753590107
0 0.13958333432674408 0.08009259402751923 0.0031250000465661287 0.008333333767950535
0 0.31562501192092896 0.13564814627170563 0.0031250000465661287 0.013888888992369175
0 0.12083332985639572 0.08009259402751923 0.0031250000465661287 0.008333333767950535
0 0.7700520753860474 0.1587962955236435 0.004687500186264515 0.015740741044282913
0 0.01197916641831398 0.11435185372829437 0.0052083334885537624 0.012037036940455437
0 0.09817708283662796 0.09398148208856583 0.0036458333488553762 0.010185184888541698
0 0.4156250059604645 0.380092591047287 0.0062500000931322575 0.034259259700775146
0 0.08229167014360428 0.09861110895872116 0.004166666883975267 0.010185184888541698
0 0.02760416641831398 0.10879629850387573 0.0052083334885537624 0.012037036940455437
0 0.08619792014360428 0.10833333432674408 0.0036458333488553762 0.007407407276332378
0 0.7489583492279053 0.14953704178333282 0.004166666883975267 0.008333333767950535
0 0.39010417461395264 0.4671296179294586 0.008333333767950535 0.03981481492519379
1 0.5518229007720947 0.2162037044763565 0.02760416641831398 0.021296296268701553
1 0.42656248807907104 0.16527777910232544 0.012500000186264515 0.015740741044282913
4 0.02552083320915699 0.23564815521240234 0.05104166641831398 0.13611111044883728
4 0.22083333134651184 0.8050925731658936 0.4416666626930237 0.3898148238658905
