1 0.5489583611488342 0.20277777314186096 0.02604166604578495 0.020370369777083397
1 0.4299479126930237 0.15694443881511688 0.01197916641831398 0.013888888992369175
4 0.03880208358168602 0.21851852536201477 0.07760416716337204 0.12222222238779068
4 0.2747395932674408 0.7490741014480591 0.35364583134651184 0.5018518567085266
8 0.7544270753860474 0.16018518805503845 0.006770833395421505 0.01666666753590107
1 0.7783854007720947 0.17592592537403107 0.02239583246409893 0.024074073880910873
1 0.6924479007720947 0.12824073433876038 0.01197916641831398 0.013888888992369175
2 0.5 0.1527777761220932 0.014583333395421505 0.05000000074505806
7 0.5208333134651184 0.1398148089647293 0.00937500037252903 0.012962962500751019
2 0.6158854365348816 0.07500000298023224 0.02031249925494194 0.024074073880910873
0 0.7690104246139526 0.15416666865348816 0.004687500186264515 0.015740741044282913
0 0.14739583432674408 0.07777778059244156 0.0031250000465661287 0.009259259328246117
0 0.3239583373069763 0.12962962687015533 0.0031250000465661287 0.012962962500751019
0 0.15677084028720856 0.07824073731899261 0.0031250000465661287 0.008333333767950535
0 0.7583333253860474 0.15138888359069824 0.004166666883975267 0.015740741044282913
0 0.10911457985639572 0.0912037044763565 0.0036458333488553762 0.010185184888541698
0 0.008854166604578495 0.5513888597488403 0.01770833320915699 0.04537037014961243
0 0.4244791567325592 0.3402777910232544 0.0052083334885537624 0.03055555559694767
0 0.4450520873069763 0.12962962687015533 0.0015625000232830644 0.012962962500751019
0 0.0950520858168602 0.09490741044282913 0.0036458333488553762 0.010185184888541698
0 0.04140625149011612 0.10462962836027145 0.004687500186264515 0.011111111380159855
0 0.1002604141831398 0.1041666641831398 0.0036458333488553762 0.008333333767950535
0 0.7380208373069763 0.14212962985038757 0.004166666883975267 0.008333333767950535
0 0.4039062559604645 0.4078703820705414 0.006770833395421505 0.03611111268401146
1 0.5489583611488342 0.20277777314186096 0.02604166604578495 0.020370369777083397
1 0.4299479126930237 0.15694443881511688 0.01197916641831398 0.013888888992369175
4 0.03880208358168602 0.21851852536201477 0.07760416716337204 0.12222222238779068
4 0.2747395932674408 0.7490741014480591 0.35364583134651184 0.5018518567085266
