1 0.5622395873069763 0.26527777314186096 0.0338541679084301 0.026851851493120193
6 0.4437499940395355 0.20787036418914795 0.0031250000465661287 0.015740741044282913
1 0.8388020992279053 0.369907408952713 0.05052083358168602 0.03611111268401146
1 0.8361979126930237 0.2162037044763565 0.03072916716337204 0.03055555559694767
1 0.6708333492279053 0.16342592239379883 0.01979166641831398 0.015740741044282913
2 0.4989583194255829 0.19166666269302368 0.01875000074505806 0.06296296417713165
8 0.7049478888511658 0.34490740299224854 0.01927083358168602 0.028703704476356506
8 0.6533854007720947 0.09398148208856583 0.004687500186264515 0.008333333767950535
7 0.6695312261581421 0.34583333134651184 0.02447916753590107 0.028703704476356506
7 0.5341145992279053 0.16851851344108582 0.010937499813735485 0.014814814552664757
2 0.6307291388511658 0.08472222089767456 0.02291666716337204 0.026851851493120193
0 0.6622396111488342 0.07824073731899261 0.0026041667442768812 0.010185184888541698
0 0.2867187559604645 0.1546296328306198 0.0036458333488553762 0.014814814552664757
0 0.06562499701976776 0.23148147761821747 0.00937500037252903 0.02222222276031971
0 0.4195312559604645 0.15694443881511688 0.0026041667442768812 0.015740741044282913
0 0.8091145753860474 0.18425926566123962 0.00572916679084301 0.018518518656492233
0 0.3739583194255829 0.5680555701255798 0.010416666977107525 0.04722222313284874
0 0.03984374925494194 0.1101851835846901 0.004687500186264515 0.011111111380159855
0 0.0403645820915699 0.12129629403352737 0.004687500186264515 0.009259259328246117
0 0.3140625059604645 0.7916666865348816 0.01770833320915699 0.05925925821065903
1 0.5622395873069763 0.26527777314186096 0.0338541679084301 0.026851851493120193
