1 0.5591145753860474 0.2509259283542633 0.03177083283662796 0.025925925001502037
1 0.8151041865348816 0.34351852536201477 0.04583333432674408 0.03333333507180214
8 0.7973958253860474 0.18981482088565826 0.00937500037252903 0.020370369777083397
1 0.8231770992279053 0.2074074000120163 0.02864583395421505 0.029629629105329514
2 0.4989583194255829 0.18287037312984467 0.01770833320915699 0.06018518656492233
7 0.5315104126930237 0.16249999403953552 0.010937499813735485 0.013888888992369175
0 0.8091145753860474 0.18009258806705475 0.00572916679084301 0.017592592164874077
0 0.2945312559604645 0.14907407760620117 0.0036458333488553762 0.014814814552664757
0 0.08437500149011612 0.22083333134651184 0.008333333767950535 0.021296296268701553
0 0.7979166507720947 0.17731481790542603 0.0052083334885537624 0.017592592164874077
0 0.0729166641831398 0.10092592239379883 0.004166666883975267 0.011111111380159855
0 0.38723957538604736 0.5055555701255798 0.008854166604578495 0.04259259253740311
0 0.05130208283662796 0.10694444179534912 0.004687500186264515 0.012037036940455437
0 0.05260416492819786 0.1180555522441864 0.004166666883975267 0.008333333767950535
0 0.3411458432674408 0.6745370626449585 0.01354166679084301 0.05277777835726738
1 0.5591145753860474 0.2509259283542633 0.03177083283662796 0.025925925001502037
