1 0.5609375238418579 0.25925925374031067 0.03333333507180214 0.025925925001502037
6 0.44479167461395264 0.20416666567325592 0.0031250000465661287 0.015740741044282913
1 0.8286458253860474 0.3592592477798462 0.04895833507180214 0.035185184329748154
8 0.8044270873069763 0.19490741193294525 0.00989583320915699 0.021296296268701553
1 0.8307291865348816 0.21250000596046448 0.03020833246409893 0.03055555559694767
2 0.49921876192092896 0.1875 0.01822916604578495 0.06203703582286835
7 0.6645833253860474 0.3361110985279083 0.02395833283662796 0.02777777798473835
7 0.5330728888511658 0.1657407432794571 0.010937499813735485 0.014814814552664757
2 0.6294270753860474 0.08425925672054291 0.02239583246409893 0.025925925001502037
0 0.815625011920929 0.18425926566123962 0.0062500000931322575 0.018518518656492233
0 0.28984373807907104 0.15231481194496155 0.0036458333488553762 0.015740741044282913
0 0.07369791716337204 0.22685185074806213 0.008854166604578495 0.02222222276031971
0 0.06744791567325592 0.10231481492519379 0.004687500186264515 0.010185184888541698
0 0.37968748807907104 0.5412036776542664 0.00937500037252903 0.04537037014961243
0 0.04453124850988388 0.10879629850387573 0.004687500186264515 0.012037036940455437
0 0.04531250149011612 0.11990740895271301 0.004166666883975267 0.008333333767950535
0 0.7815104126930237 0.17083333432674408 0.004687500186264515 0.010185184888541698
0 0.32604166865348816 0.7402777671813965 0.015625 0.05648148059844971
1 0.5609375238418579 0.25925925374031067 0.03333333507180214 0.025925925001502037
