1 0.5572916865348816 0.2430555522441864 0.03125 0.02500000037252903
1 0.6270833611488342 0.11712963134050369 0.00937500037252903 0.012037036940455437
6 0.28515625 0.09351851791143417 0.00572916679084301 0.007407407276332378
1 0.8026041388511658 0.3296296298503876 0.04374999925494194 0.031481482088565826
8 0.7903645634651184 0.1856481432914734 0.008854166604578495 0.01944444514811039
1 0.8161458373069763 0.2023148089647293 0.02812499925494194 0.028703704476356506
2 0.49921876192092896 0.17824074625968933 0.01718750037252903 0.05833333358168602
8 0.684374988079071 0.3092592656612396 0.01666666753590107 0.025925925001502037
7 0.6526041626930237 0.31018519401550293 0.02187499962747097 0.025925925001502037
7 0.5299479365348816 0.1587962955236435 0.010937499813735485 0.013888888992369175
0 0.8026041388511658 0.17592592537403107 0.0052083334885537624 0.01666666753590107
0 0.6499999761581421 0.07962962985038757 0.0020833334419876337 0.009259259328246117
0 0.6505208611488342 0.0773148164153099 0.0020833334419876337 0.010185184888541698
0 0.6499999761581421 0.08379629999399185 0.0020833334419876337 0.010185184888541698
0 0.6499999761581421 0.08379629999399185 0.0020833334419876337 0.010185184888541698
0 0.6499999761581421 0.08379629999399185 0.0020833334419876337 0.010185184888541698
0 0.6499999761581421 0.08425925672054291 0.0020833334419876337 0.009259259328246117
0 0.6499999761581421 0.08379629999399185 0.0020833334419876337 0.010185184888541698
0 0.29869791865348816 0.14629629254341125 0.0036458333488553762 0.014814814552664757
0 0.0950520858168602 0.21481481194496155 0.0078125 0.020370369777083397
0 0.7916666865348816 0.1726851910352707 0.0052083334885537624 0.017592592164874077
0 0.6499999761581421 0.08379629999399185 0.0020833334419876337 0.010185184888541698
0 0.6499999761581421 0.08425925672054291 0.0020833334419876337 0.009259259328246117
0 0.07760416716337204 0.09953703731298447 0.004166666883975267 0.010185184888541698
0 0.3942708373069763 0.4740740656852722 0.008333333767950535 0.040740739554166794
0 0.4401041567325592 0.14629629254341125 0.0020833334419876337 0.014814814552664757
0 0.05755208432674408 0.10555555671453476 0.004687500186264515 0.011111111380159855
0 0.6499999761581421 0.08194444328546524 0.0020833334419876337 0.010185184888541698
0 0.0020833334419876337 0.11527777463197708 0.004166666883975267 0.012037036940455437
0 0.05937499925494194 0.11620370298624039 0.004166666883975267 0.008333333767950535
0 0.3541666567325592 0.6194444298744202 0.012500000186264515 0.05000000074505806
1 0.5572916865348816 0.2430555522441864 0.03125 0.02500000037252903
1 0.6270833611488342 0.11712963134050369 0.00937500037252903 0.012037036940455437
