1 0.5598958134651184 0.2537037134170532 0.03229166567325592 0.025925925001502037
6 0.28177082538604736 0.09537036716938019 0.0062500000931322575 0.007407407276332378
6 0.4455729126930237 0.20092593133449554 0.0026041667442768812 0.014814814552664757
1 0.819531261920929 0.34861111640930176 0.04739583283662796 0.034259259700775146
8 0.7994791865348816 0.19166666269302368 0.00937500037252903 0.020370369777083397
1 0.8255208134651184 0.20879629254341125 0.02916666679084301 0.028703704476356506
2 0.4989583194255829 0.18472221493721008 0.01770833320915699 0.06018518656492233
7 0.6604166626930237 0.3273148238658905 0.02291666716337204 0.026851851493120193
7 0.532031238079071 0.16388888657093048 0.010937499813735485 0.014814814552664757
2 0.6283854246139526 0.08287037163972855 0.02239583246409893 0.02500000037252903
0 0.8111979365348816 0.18101851642131805 0.00572916679084301 0.017592592164874077
0 0.29296875 0.15046297013759613 0.0036458333488553762 0.015740741044282913
0 0.08098958432674408 0.22268518805503845 0.008854166604578495 0.021296296268701553
0 0.07083333283662796 0.10138888657093048 0.004166666883975267 0.010185184888541698
0 0.38489583134651184 0.5171296000480652 0.00937500037252903 0.043518517166376114
0 0.04895833507180214 0.10740740597248077 0.004166666883975267 0.011111111380159855
0 0.05000000074505806 0.11851851642131805 0.004166666883975267 0.009259259328246117
0 0.33645832538604736 0.6949074268341064 0.014583333395421505 0.05462963134050369
1 0.5598958134651184 0.2537037134170532 0.03229166567325592 0.025925925001502037
