1 0.5674479007720947 0.28796297311782837 0.03697916492819786 0.029629629105329514
1 0.6377604007720947 0.12824073433876038 0.010937499813735485 0.013888888992369175
6 0.4403645694255829 0.22175925970077515 0.0036458333488553762 0.015740741044282913
1 0.8776041865348816 0.41435185074806213 0.05833333358168602 0.0416666679084301
1 0.6692708134651184 0.10277777910232544 0.00937500037252903 0.011111111380159855
1 0.6640625 0.10000000149011612 0.00937500037252903 0.011111111380159855
8 0.8283854126930237 0.21111111342906952 0.010937499813735485 0.02222222276031971
1 0.85546875 0.2291666716337204 0.0338541679084301 0.032407406717538834
1 0.671875 0.17175926268100739 0.02083333395421505 0.015740741044282913
2 0.4989583194255829 0.20416666567325592 0.01979166641831398 0.06759259104728699
8 0.6578124761581421 0.0972222238779068 0.0052083334885537624 0.009259259328246117
7 0.6875 0.38425925374031067 0.02812499925494194 0.031481482088565826
7 0.538281261920929 0.17824074625968933 0.01197916641831398 0.015740741044282913
2 0.6356770992279053 0.08749999850988388 0.0234375 0.026851851493120193
0 0.6611979007720947 0.08055555820465088 0.0026041667442768812 0.011111111380159855
0 0.66015625 0.08287037163972855 0.0026041667442768812 0.010185184888541698
0 0.6591145992279053 0.09583333134651184 0.0026041667442768812 0.006481481250375509
0 0.6591145992279053 0.09398148208856583 0.0026041667442768812 0.010185184888541698
0 0.6591145992279053 0.09398148208856583 0.0026041667442768812 0.010185184888541698
0 0.659375011920929 0.0902777761220932 0.0020833334419876337 0.010185184888541698
0 0.6591145992279053 0.0962962955236435 0.0026041667442768812 0.0055555556900799274
0 0.6591145992279053 0.09398148208856583 0.0026041667442768812 0.010185184888541698
0 0.659375011920929 0.0902777761220932 0.0020833334419876337 0.010185184888541698
0 0.6591145992279053 0.09398148208856583 0.0026041667442768812 0.010185184888541698
0 0.6591145992279053 0.09398148208856583 0.0026041667442768812 0.010185184888541698
0 0.659375011920929 0.09305555373430252 0.0020833334419876337 0.006481481250375509
0 0.659375011920929 0.0902777761220932 0.0020833334419876337 0.010185184888541698
0 0.659375011920929 0.0902777761220932 0.0020833334419876337 0.010185184888541698
0 0.6591145992279053 0.09212963283061981 0.0026041667442768812 0.006481481250375509
0 0.659375011920929 0.0902777761220932 0.0020833334419876337 0.010185184888541698
0 0.2750000059604645 0.16296295821666718 0.004166666883975267 0.01666666753590107
0 0.6591145992279053 0.09583333134651184 0.0026041667442768812 0.006481481250375509
0 0.03619791567325592 0.24768517911434174 0.00989583320915699 0.023148147389292717
0 0.4138020873069763 0.1648148149251938 0.0026041667442768812 0.01666666753590107
0 0.8257812261581421 0.19490741193294525 0.006770833395421505 0.01944444514811039
0 0.659375011920929 0.0902777761220932 0.0020833334419876337 0.010185184888541698
0 0.659375011920929 0.0902777761220932 0.0020833334419876337 0.010185184888541698
0 0.3479166626930237 0.6851851940155029 0.01354166679084301 0.05370370298624039
0 0.6596354246139526 0.08749999850988388 0.0026041667442768812 0.010185184888541698
1 0.5674479007720947 0.28796297311782837 0.03697916492819786 0.029629629105329514
1 0.6377604007720947 0.12824073433876038 0.010937499813735485 0.013888888992369175
