1 0.5638020634651184 0.27129629254341125 0.03489583358168602 0.02777777798473835
1 0.6338541507720947 0.1240740716457367 0.010416666977107525 0.012962962500751019
1 0.4124999940395355 0.19722221791744232 0.014583333395421505 0.018518518656492233
6 0.4427083432674408 0.21157407760620117 0.0031250000465661287 0.015740741044282913
1 0.8492187261581421 0.3819444477558136 0.05260416492819786 0.037962961941957474
1 0.6606770753860474 0.09768518805503845 0.008854166604578495 0.010185184888541698
8 0.8148437738418579 0.2023148089647293 0.00989583320915699 0.021296296268701553
1 0.8414062261581421 0.21944443881511688 0.03177083283662796 0.031481482088565826
2 0.4989583194255829 0.19490741193294525 0.01875000074505806 0.06388889253139496
8 0.7109375 0.35555556416511536 0.01979166641831398 0.029629629105329514
7 0.6742187738418579 0.35648149251937866 0.02552083320915699 0.029629629105329514
7 0.5354166626930237 0.17129629850387573 0.01145833358168602 0.014814814552664757
2 0.632031261920929 0.08564814925193787 0.0234375 0.026851851493120193
0 0.824999988079071 0.18981482088565826 0.0062500000931322575 0.018518518656492233
0 0.6604166626930237 0.07916666567325592 0.0020833334419876337 0.010185184888541698
0 0.6567708253860474 0.08101851493120193 0.0020833334419876337 0.010185184888541698
0 0.6559895873069763 0.09212963283061981 0.0026041667442768812 0.010185184888541698
0 0.6559895873069763 0.09212963283061981 0.0026041667442768812 0.010185184888541698
0 0.65625 0.08796296268701553 0.0020833334419876337 0.009259259328246117
0 0.6559895873069763 0.09212963283061981 0.0026041667442768812 0.010185184888541698
0 0.65625 0.08796296268701553 0.0020833334419876337 0.009259259328246117
0 0.6559895873069763 0.09212963283061981 0.0026041667442768812 0.010185184888541698
0 0.6559895873069763 0.09212963283061981 0.0026041667442768812 0.010185184888541698
0 0.6559895873069763 0.09074074029922485 0.0015625000232830644 0.007407407276332378
0 0.65625 0.08796296268701553 0.0020833334419876337 0.009259259328246117
0 0.65625 0.08842592686414719 0.0020833334419876337 0.010185184888541698
0 0.6559895873069763 0.0902777761220932 0.0026041667442768812 0.006481481250375509
0 0.65625 0.08796296268701553 0.0020833334419876337 0.009259259328246117
0 0.28333333134651184 0.15694443881511688 0.004166666883975267 0.015740741044282913
0 0.0572916679084301 0.23564815521240234 0.00937500037252903 0.023148147389292717
0 0.41796875 0.1587962955236435 0.0026041667442768812 0.015740741044282913
0 0.8135416507720947 0.18703703582286835 0.0062500000931322575 0.018518518656492233
0 0.65625 0.08796296268701553 0.0020833334419876337 0.009259259328246117
0 0.65625 0.08842592686414719 0.0020833334419876337 0.010185184888541698
0 0.3671875 0.5976851582527161 0.01145833358168602 0.049074072390794754
0 0.03515625 0.11157407611608505 0.004687500186264515 0.012037036940455437
0 0.65625 0.08564814925193787 0.0020833334419876337 0.010185184888541698
0 0.03515625 0.12314815074205399 0.004687500186264515 0.009259259328246117
0 0.30000001192092896 0.852314829826355 0.01979166641831398 0.06203703582286835
1 0.5638020634651184 0.27129629254341125 0.03489583358168602 0.02777777798473835
1 0.6338541507720947 0.1240740716457367 0.010416666977107525 0.012962962500751019
1 0.4124999940395355 0.19722221791744232 0.014583333395421505 0.018518518656492233
