1 0.5682291388511658 0.2916666567325592 0.03750000149011612 0.029629629105329514
1 0.6382812261581421 0.12870369851589203 0.010937499813735485 0.014814814552664757
6 0.4398437440395355 0.2240740805864334 0.0036458333488553762 0.01666666753590107
1 0.8841145634651184 0.42129629850387573 0.0598958320915699 0.04259259253740311
1 0.6697916388511658 0.10370370000600815 0.00937500037252903 0.011111111380159855
1 0.6651041507720947 0.10046296566724777 0.00937500037252903 0.010185184888541698
8 0.831250011920929 0.2134259194135666 0.01145833358168602 0.023148147389292717
1 0.8583333492279053 0.23148147761821747 0.03437500074505806 0.03333333507180214
1 0.6721354126930237 0.1736111044883728 0.02135416679084301 0.015740741044282913
2 0.4989583194255829 0.20648148655891418 0.01979166641831398 0.06851851940155029
8 0.6583333611488342 0.09768518805503845 0.0052083334885537624 0.010185184888541698
7 0.6903645992279053 0.3907407522201538 0.02864583395421505 0.031481482088565826
7 0.5393229126930237 0.17916665971279144 0.01197916641831398 0.015740741044282913
2 0.6361979246139526 0.08842592686414719 0.0234375 0.026851851493120193
0 0.6619791388511658 0.08055555820465088 0.0020833334419876337 0.011111111380159855
0 0.6606770753860474 0.0833333358168602 0.0026041667442768812 0.011111111380159855
0 0.6596354246139526 0.09675925970077515 0.0026041667442768812 0.006481481250375509
0 0.6598958373069763 0.09444444626569748 0.0020833334419876337 0.011111111380159855
0 0.6598958373069763 0.09444444626569748 0.0020833334419876337 0.011111111380159855
0 0.66015625 0.0902777761220932 0.0026041667442768812 0.010185184888541698
0 0.6596354246139526 0.09675925970077515 0.0026041667442768812 0.006481481250375509
0 0.6598958373069763 0.09444444626569748 0.0020833334419876337 0.011111111380159855
0 0.66015625 0.0902777761220932 0.0026041667442768812 0.010185184888541698
0 0.6598958373069763 0.09444444626569748 0.0020833334419876337 0.011111111380159855
0 0.6598958373069763 0.09444444626569748 0.0020833334419876337 0.011111111380159855
0 0.6598958373069763 0.09351851791143417 0.0020833334419876337 0.007407407276332378
0 0.66015625 0.0902777761220932 0.0026041667442768812 0.010185184888541698
0 0.66015625 0.0912037044763565 0.0026041667442768812 0.010185184888541698
0 0.6598958373069763 0.09305555373430252 0.0020833334419876337 0.006481481250375509
0 0.66015625 0.0902777761220932 0.0026041667442768812 0.010185184888541698
0 0.2734375 0.16388888657093048 0.004166666883975267 0.01666666753590107
0 0.6596354246139526 0.09675925970077515 0.0026041667442768812 0.006481481250375509
0 0.03177083283662796 0.25 0.010416666977107525 0.024074073880910873
0 0.4130208194255829 0.1666666716337204 0.0031250000465661287 0.01666666753590107
0 0.66015625 0.0902777761220932 0.0026041667442768812 0.010185184888541698
0 0.66015625 0.0912037044763565 0.0026041667442768812 0.010185184888541698
0 0.34322917461395264 0.7060185074806213 0.014583333395421505 0.05462963134050369
0 0.4361979067325592 0.16388888657093048 0.0026041667442768812 0.01666666753590107
0 0.6604166626930237 0.08842592686414719 0.0020833334419876337 0.010185184888541698
1 0.5682291388511658 0.2916666567325592 0.03750000149011612 0.029629629105329514
1 0.6382812261581421 0.12870369851589203 0.010937499813735485 0.014814814552664757
