1 0.5658854246139526 0.28101852536201477 0.03593749925494194 0.028703704476356506
1 0.6361979246139526 0.12638889253139496 0.010937499813735485 0.013888888992369175
1 0.41015625 0.2023148089647293 0.015104166232049465 0.01944444514811039
6 0.44140625 0.21759259700775146 0.0036458333488553762 0.01666666753590107
1 0.8658854365348816 0.40046295523643494 0.05572916567325592 0.03981481492519379
1 0.6677083373069763 0.10185185074806213 0.00937500037252903 0.011111111380159855
1 0.6627604365348816 0.09907407313585281 0.008854166604578495 0.011111111380159855
8 0.8229166865348816 0.2074074000120163 0.010416666977107525 0.02222222276031971
1 0.8497396111488342 0.22546295821666718 0.03281249850988388 0.032407406717538834
2 0.4989583194255829 0.2004629671573639 0.01979166641831398 0.06574074178934097
8 0.6565104126930237 0.0962962955236435 0.004687500186264515 0.009259259328246117
7 0.5372396111488342 0.17546296119689941 0.01197916641831398 0.015740741044282913
2 0.6341145634651184 0.08657407760620117 0.0234375 0.026851851493120193
0 0.6625000238418579 0.08101851493120193 0.0020833334419876337 0.010185184888541698
0 0.6588541865348816 0.08194444328546524 0.0020833334419876337 0.010185184888541698
0 0.6575520634651184 0.09490741044282913 0.0026041667442768812 0.006481481250375509
0 0.6578124761581421 0.09305555373430252 0.0020833334419876337 0.010185184888541698
0 0.6578124761581421 0.09305555373430252 0.0020833334419876337 0.010185184888541698
0 0.6580728888511658 0.08935185521841049 0.0026041667442768812 0.010185184888541698
0 0.6575520634651184 0.09537036716938019 0.0026041667442768812 0.0055555556900799274
0 0.6578124761581421 0.09305555373430252 0.0020833334419876337 0.010185184888541698
0 0.6580728888511658 0.08935185521841049 0.0026041667442768812 0.010185184888541698
0 0.6578124761581421 0.09305555373430252 0.0020833334419876337 0.010185184888541698
0 0.6578124761581421 0.09305555373430252 0.0020833334419876337 0.010185184888541698
0 0.6578124761581421 0.09212963283061981 0.0020833334419876337 0.006481481250375509
0 0.6580728888511658 0.08935185521841049 0.0026041667442768812 0.010185184888541698
0 0.6580728888511658 0.08935185521841049 0.0026041667442768812 0.010185184888541698
0 0.6580728888511658 0.09166666865348816 0.0026041667442768812 0.0055555556900799274
0 0.6580728888511658 0.08935185521841049 0.0026041667442768812 0.010185184888541698
0 0.2786458432674408 0.1606481522321701 0.004166666883975267 0.015740741044282913
0 0.6575520634651184 0.09490741044282913 0.0026041667442768812 0.006481481250375509
0 0.04505208507180214 0.2430555522441864 0.00989583320915699 0.023148147389292717
0 0.4153645932674408 0.16249999403953552 0.0026041667442768812 0.015740741044282913
0 0.8208333253860474 0.19166666269302368 0.0062500000931322575 0.018518518656492233
0 0.6580728888511658 0.08935185521841049 0.0026041667442768812 0.010185184888541698
0 0.6580728888511658 0.08935185521841049 0.0026041667442768812 0.010185184888541698
0 0.6802083253860474 0.13240741193294525 0.0031250000465661287 0.012962962500751019
0 0.35624998807907104 0.6481481194496155 0.012500000186264515 0.051851850003004074
0 0.02812499925494194 0.11342592537403107 0.0052083334885537624 0.012037036940455437
0 0.6583333611488342 0.08749999850988388 0.0020833334419876337 0.010185184888541698
0 0.02734375 0.125 0.004687500186264515 0.009259259328246117
0 0.2750000059604645 0.9583333134651184 0.02395833283662796 0.06666667014360428
1 0.5658854246139526 0.28101852536201477 0.03593749925494194 0.028703704476356506
1 0.6361979246139526 0.12638889253139496 0.010937499813735485 0.013888888992369175
1 0.41015625 0.2023148089647293 0.015104166232049465 0.01944444514811039
