1 0.5690104365348816 0.2953703701496124 0.03802083432674408 0.029629629105329514
1 0.6390625238418579 0.12962962687015533 0.01145833358168602 0.014814814552664757
1 0.4072916805744171 0.20972222089767456 0.015625 0.01944444514811039
6 0.43932291865348816 0.22592592239379883 0.0036458333488553762 0.01666666753590107
1 0.8903645873069763 0.4287036955356598 0.06093750149011612 0.04259259253740311
1 0.6708333492279053 0.10462962836027145 0.00937500037252903 0.011111111380159855
1 0.6656249761581421 0.10092592239379883 0.00937500037252903 0.011111111380159855
1 0.8614583611488342 0.23333333432674408 0.03437500074505806 0.03333333507180214
1 0.6723958253860474 0.1745370328426361 0.02083333395421505 0.015740741044282913
2 0.4989583194255829 0.2083333283662796 0.01979166641831398 0.06851851940155029
8 0.659375011920929 0.09814814478158951 0.0052083334885537624 0.009259259328246117
7 0.6934896111488342 0.3967592716217041 0.02864583395421505 0.032407406717538834
7 0.539843738079071 0.18101851642131805 0.01197916641831398 0.015740741044282913
2 0.63671875 0.08842592686414719 0.0234375 0.026851851493120193
0 0.6627604365348816 0.08055555820465088 0.0026041667442768812 0.011111111380159855
0 0.6614583134651184 0.08379629999399185 0.0020833334419876337 0.010185184888541698
0 0.66015625 0.09675925970077515 0.0026041667442768812 0.006481481250375509
0 0.6604166626930237 0.09490741044282913 0.0020833334419876337 0.010185184888541698
0 0.6604166626930237 0.09490741044282913 0.0020833334419876337 0.010185184888541698
0 0.6606770753860474 0.0912037044763565 0.0026041667442768812 0.010185184888541698
0 0.66015625 0.09675925970077515 0.0026041667442768812 0.006481481250375509
0 0.6604166626930237 0.09490741044282913 0.0020833334419876337 0.010185184888541698
0 0.6606770753860474 0.0912037044763565 0.0026041667442768812 0.010185184888541698
0 0.6604166626930237 0.09490741044282913 0.0020833334419876337 0.010185184888541698
0 0.6604166626930237 0.09490741044282913 0.0020833334419876337 0.010185184888541698
0 0.6604166626930237 0.09398148208856583 0.0020833334419876337 0.006481481250375509
0 0.6606770753860474 0.0912037044763565 0.0026041667442768812 0.010185184888541698
0 0.6606770753860474 0.0912037044763565 0.0026041667442768812 0.010185184888541698
0 0.6606770753860474 0.09305555373430252 0.0026041667442768812 0.006481481250375509
0 0.6606770753860474 0.0912037044763565 0.0026041667442768812 0.010185184888541698
0 0.27135416865348816 0.1648148149251938 0.004166666883975267 0.01666666753590107
0 0.66015625 0.09675925970077515 0.0026041667442768812 0.006481481250375509
0 0.02708333358168602 0.2527777850627899 0.010416666977107525 0.024074073880910873
0 0.41223958134651184 0.1675925999879837 0.0026041667442768812 0.01666666753590107
0 0.6606770753860474 0.0912037044763565 0.0026041667442768812 0.010185184888541698
0 0.6606770753860474 0.0912037044763565 0.0026041667442768812 0.010185184888541698
0 0.3388020694255829 0.7277777791023254 0.015104166232049465 0.0555555559694767
0 0.43567708134651184 0.1648148149251938 0.0026041667442768812 0.01666666753590107
0 0.660937488079071 0.08842592686414719 0.0020833334419876337 0.010185184888541698
1 0.5690104365348816 0.2953703701496124 0.03802083432674408 0.029629629105329514
1 0.6390625238418579 0.12962962687015533 0.01145833358168602 0.014814814552664757
1 0.4072916805744171 0.20972222089767456 0.015625 0.01944444514811039
