1 0.5796874761581421 0.3421296179294586 0.04374999925494194 0.03611111268401146
1 0.6481770873069763 0.1388888955116272 0.01197916641831398 0.014814814552664757
1 0.3973958194255829 0.23333333432674408 0.01770833320915699 0.02222222276031971
1 0.9697916507720947 0.5300925970077515 0.06041666492819786 0.05462963134050369
1 0.6796875 0.11064814776182175 0.010416666977107525 0.012037036940455437
1 0.6742187738418579 0.10648148506879807 0.00989583320915699 0.011111111380159855
8 0.8700520992279053 0.23981481790542603 0.01406249962747097 0.025925925001502037
1 0.675000011920929 0.19120369851589203 0.02291666716337204 0.017592592164874077
1 0.7825520634651184 0.1953703761100769 0.02135416679084301 0.02222222276031971
2 0.4989583194255829 0.23333333432674408 0.02291666716337204 0.07777778059244156
8 0.6669270992279053 0.10370370000600815 0.00572916679084301 0.009259259328246117
7 0.7338541746139526 0.48240742087364197 0.0364583320915699 0.03888889029622078
7 0.5520833134651184 0.19814814627170563 0.01354166679084301 0.01666666753590107
2 0.6442708373069763 0.09351851791143417 0.02500000037252903 0.029629629105329514
0 0.874218761920929 0.22083333134651184 0.0078125 0.021296296268701553
0 0.66796875 0.08611111342906952 0.0026041667442768812 0.011111111380159855
0 0.6692708134651184 0.08842592686414719 0.0020833334419876337 0.010185184888541698
0 0.66796875 0.10231481492519379 0.0026041667442768812 0.006481481250375509
0 0.6684895753860474 0.10000000149011612 0.0026041667442768812 0.011111111380159855
0 0.6684895753860474 0.10000000149011612 0.0026041667442768812 0.011111111380159855
0 0.6684895753860474 0.09583333134651184 0.0026041667442768812 0.010185184888541698
0 0.66796875 0.10231481492519379 0.0026041667442768812 0.006481481250375509
0 0.6684895753860474 0.10000000149011612 0.0026041667442768812 0.011111111380159855
0 0.6684895753860474 0.09583333134651184 0.0026041667442768812 0.010185184888541698
0 0.6684895753860474 0.10000000149011612 0.0026041667442768812 0.011111111380159855
0 0.6684895753860474 0.10000000149011612 0.0026041667442768812 0.011111111380159855
0 0.6682291626930237 0.09907407313585281 0.0020833334419876337 0.007407407276332378
0 0.6684895753860474 0.09583333134651184 0.0026041667442768812 0.010185184888541698
0 0.6684895753860474 0.0962962955236435 0.0026041667442768812 0.011111111380159855
0 0.6684895753860474 0.09861110895872116 0.0026041667442768812 0.006481481250375509
0 0.6684895753860474 0.09583333134651184 0.0026041667442768812 0.010185184888541698
0 0.08411458134651184 0.0962962955236435 0.0036458333488553762 0.011111111380159855
0 0.25 0.18009258806705475 0.0052083334885537624 0.017592592164874077
0 0.66796875 0.10231481492519379 0.0026041667442768812 0.006481481250375509
0 0.7119791507720947 0.1578703671693802 0.004166666883975267 0.015740741044282913
0 0.4020833373069763 0.18287037312984467 0.0031250000465661287 0.017592592164874077
0 0.8622395992279053 0.21805556118488312 0.0078125 0.021296296268701553
0 0.6684895753860474 0.0962962955236435 0.0026041667442768812 0.011111111380159855
0 0.6684895753860474 0.0962962955236435 0.0026041667442768812 0.011111111380159855
0 0.4322916567325592 0.1796296238899231 0.0031250000465661287 0.018518518656492233
0 0.6690104007720947 0.09351851791143417 0.0026041667442768812 0.011111111380159855
0 0.8369791507720947 0.2074074000120163 0.0062500000931322575 0.012962962500751019
1 0.5796874761581421 0.3421296179294586 0.04374999925494194 0.03611111268401146
1 0.6481770873069763 0.1388888955116272 0.01197916641831398 0.014814814552664757
1 0.3973958194255829 0.23333333432674408 0.01770833320915699 0.02222222276031971
