1 0.5776041746139526 0.3324074149131775 0.04270833358168602 0.035185184329748154
1 0.6466146111488342 0.13703703880310059 0.01197916641831398 0.014814814552664757
1 0.39921873807907104 0.2282407432794571 0.01718750037252903 0.021296296268701553
6 0.4338541626930237 0.24722221493721008 0.004166666883975267 0.018518518656492233
1 0.9611979126930237 0.5083333253860474 0.07656250149011612 0.051851850003004074
1 0.6778646111488342 0.10925926268100739 0.00989583320915699 0.011111111380159855
1 0.672656238079071 0.10555555671453476 0.00989583320915699 0.011111111380159855
1 0.8908854126930237 0.2537037134170532 0.0390625 0.03703703731298447
1 0.6744791865348816 0.1875 0.02291666716337204 0.017592592164874077
1 0.7768229246139526 0.19120369851589203 0.02031249925494194 0.021296296268701553
2 0.4989583194255829 0.22870370745658875 0.02187499962747097 0.07592592388391495
8 0.6656249761581421 0.10231481492519379 0.0052083334885537624 0.010185184888541698
7 0.5492187738418579 0.19490741193294525 0.013020833022892475 0.017592592164874077
2 0.6429687738418579 0.09212963283061981 0.02447916753590107 0.028703704476356506
0 0.867968738079071 0.2171296328306198 0.0078125 0.021296296268701553
0 0.6690104007720947 0.08518518507480621 0.0026041667442768812 0.011111111380159855
0 0.66796875 0.08749999850988388 0.0026041667442768812 0.010185184888541698
0 0.6664062738418579 0.10138888657093048 0.0026041667442768812 0.006481481250375509
0 0.6669270992279053 0.09907407313585281 0.0026041667442768812 0.011111111380159855
0 0.6669270992279053 0.09907407313585281 0.0026041667442768812 0.011111111380159855
0 0.667187511920929 0.09490741044282913 0.0020833334419876337 0.010185184888541698
0 0.6664062738418579 0.10138888657093048 0.0026041667442768812 0.006481481250375509
0 0.6669270992279053 0.09907407313585281 0.0026041667442768812 0.011111111380159855
0 0.667187511920929 0.09490741044282913 0.0020833334419876337 0.010185184888541698
0 0.6669270992279053 0.09907407313585281 0.0026041667442768812 0.011111111380159855
0 0.6669270992279053 0.09907407313585281 0.0026041667442768812 0.011111111380159855
0 0.6669270992279053 0.09814814478158951 0.0026041667442768812 0.007407407276332378
0 0.667187511920929 0.09490741044282913 0.0020833334419876337 0.010185184888541698
0 0.667187511920929 0.09537036716938019 0.0020833334419876337 0.011111111380159855
0 0.6669270992279053 0.09768518805503845 0.0026041667442768812 0.006481481250375509
0 0.667187511920929 0.09490741044282913 0.0020833334419876337 0.010185184888541698
0 0.25442707538604736 0.17731481790542603 0.004687500186264515 0.017592592164874077
0 0.6664062738418579 0.10138888657093048 0.0026041667442768812 0.006481481250375509
0 0.7093750238418579 0.15601852536201477 0.004166666883975267 0.015740741044282913
0 0.4039062559604645 0.18009258806705475 0.0026041667442768812 0.017592592164874077
0 0.856249988079071 0.2143518477678299 0.0072916666977107525 0.021296296268701553
0 0.667187511920929 0.09490741044282913 0.0020833334419876337 0.010185184888541698
0 0.667187511920929 0.09537036716938019 0.0020833334419876337 0.011111111380159855
0 0.27656251192092896 0.9870370626449585 0.02500000037252903 0.025925925001502037
0 0.43307292461395264 0.17638888955116272 0.0026041667442768812 0.017592592164874077
0 0.6674479246139526 0.09259258955717087 0.0026041667442768812 0.011111111380159855
1 0.5776041746139526 0.3324074149131775 0.04270833358168602 0.035185184329748154
1 0.6466146111488342 0.13703703880310059 0.01197916641831398 0.014814814552664757
1 0.39921873807907104 0.2282407432794571 0.01718750037252903 0.021296296268701553
