1 0.5755208134651184 0.3236111104488373 0.0416666679084301 0.034259259700775146
1 0.6447916626930237 0.13518518209457397 0.01145833358168602 0.014814814552664757
1 0.4013020694255829 0.22361111640930176 0.01718750037252903 0.021296296268701553
6 0.4348958432674408 0.24259258806705475 0.004166666883975267 0.018518518656492233
1 0.9432291388511658 0.4879629611968994 0.0729166641831398 0.05000000074505806
1 0.6763020753860474 0.10787037014961243 0.00989583320915699 0.012037036940455437
1 0.671093761920929 0.10462962836027145 0.00989583320915699 0.011111111380159855
1 0.6742187738418579 0.18472221493721008 0.02239583246409893 0.017592592164874077
2 0.4989583194255829 0.22361111640930176 0.02187499962747097 0.07500000298023224
8 0.6640625 0.10138888657093048 0.0052083334885537624 0.010185184888541698
7 0.7174479365348816 0.447685182094574 0.0338541679084301 0.03611111268401146
7 0.546875 0.19166666269302368 0.012500000186264515 0.01666666753590107
2 0.641406238079071 0.09166666865348816 0.02447916753590107 0.02777777798473835
0 0.6674479246139526 0.0833333358168602 0.0026041667442768812 0.011111111380159855
0 0.6664062738418579 0.08657407760620117 0.0026041667442768812 0.010185184888541698
0 0.6653645634651184 0.10046296566724777 0.0026041667442768812 0.006481481250375509
0 0.6653645634651184 0.09814814478158951 0.0026041667442768812 0.011111111380159855
0 0.6653645634651184 0.09814814478158951 0.0026041667442768812 0.011111111380159855
0 0.6658853888511658 0.09398148208856583 0.0026041667442768812 0.010185184888541698
0 0.6653645634651184 0.10046296566724777 0.0026041667442768812 0.006481481250375509
0 0.6653645634651184 0.09814814478158951 0.0026041667442768812 0.011111111380159855
0 0.6658853888511658 0.09398148208856583 0.0026041667442768812 0.010185184888541698
0 0.6653645634651184 0.09814814478158951 0.0026041667442768812 0.011111111380159855
0 0.6653645634651184 0.09814814478158951 0.0026041667442768812 0.011111111380159855
0 0.6656249761581421 0.0972222238779068 0.0020833334419876337 0.007407407276332378
0 0.6658853888511658 0.09398148208856583 0.0026041667442768812 0.010185184888541698
0 0.6656249761581421 0.09444444626569748 0.0020833334419876337 0.011111111380159855
0 0.6653645634651184 0.09675925970077515 0.0026041667442768812 0.006481481250375509
0 0.6658853888511658 0.09398148208856583 0.0026041667442768812 0.010185184888541698
0 0.2580729126930237 0.1745370328426361 0.004687500186264515 0.017592592164874077
0 0.6653645634651184 0.10046296566724777 0.0026041667442768812 0.006481481250375509
0 0.7067708373069763 0.15416666865348816 0.004166666883975267 0.015740741044282913
0 0.40572917461395264 0.17731481790542603 0.0031250000465661287 0.017592592164874077
0 0.8500000238418579 0.2101851850748062 0.0072916666977107525 0.020370369777083397
0 0.6658853888511658 0.09398148208856583 0.0026041667442768812 0.010185184888541698
0 0.6656249761581421 0.09444444626569748 0.0020833334419876337 0.011111111380159855
0 0.2942708432674408 0.9291666746139526 0.02187499962747097 0.06574074178934097
0 0.43359375 0.1736111044883728 0.0026041667442768812 0.017592592164874077
0 0.6658853888511658 0.09166666865348816 0.0026041667442768812 0.011111111380159855
1 0.5755208134651184 0.3236111104488373 0.0416666679084301 0.034259259700775146
1 0.6447916626930237 0.13518518209457397 0.01145833358168602 0.014814814552664757
1 0.4013020694255829 0.22361111640930176 0.01718750037252903 0.021296296268701553
