1 0.58203125 0.3523148000240326 0.04531250149011612 0.037962961941957474
1 0.6499999761581421 0.14074073731899261 0.012500000186264515 0.014814814552664757
1 0.3955729305744171 0.23749999701976776 0.01822916604578495 0.023148147389292717
1 0.9791666865348816 0.5537037253379822 0.0416666679084301 0.05740740895271301
1 0.6812499761581421 0.11157407611608505 0.010416666977107525 0.012037036940455437
1 0.67578125 0.10833333432674408 0.00989583320915699 0.011111111380159855
8 0.8776041865348816 0.244907408952713 0.014583333395421505 0.026851851493120193
1 0.9057291746139526 0.2638888955116272 0.0416666679084301 0.03888889029622078
1 0.6752604246139526 0.1944444477558136 0.0234375 0.018518518656492233
1 0.7880208492279053 0.20000000298023224 0.02187499962747097 0.02222222276031971
2 0.4989583194255829 0.23888888955116272 0.02291666716337204 0.07962962985038757
8 0.6684895753860474 0.1050925925374031 0.00572916679084301 0.010185184888541698
7 0.7432291507720947 0.5018518567085266 0.03854166716337204 0.040740739554166794
7 0.5552083253860474 0.2013888955116272 0.01354166679084301 0.017592592164874077
2 0.6458333134651184 0.09444444626569748 0.02500000037252903 0.029629629105329514
0 0.8807291388511658 0.22499999403953552 0.008333333767950535 0.02222222276031971
0 0.6700521111488342 0.08611111342906952 0.0026041667442768812 0.011111111380159855
0 0.6705729365348816 0.08981481194496155 0.0026041667442768812 0.011111111380159855
0 0.6695312261581421 0.10324074327945709 0.0026041667442768812 0.006481481250375509
0 0.6697916388511658 0.10092592239379883 0.0020833334419876337 0.011111111380159855
0 0.6697916388511658 0.10092592239379883 0.0020833334419876337 0.011111111380159855
0 0.6700521111488342 0.0972222238779068 0.0026041667442768812 0.011111111380159855
0 0.6695312261581421 0.10324074327945709 0.0026041667442768812 0.006481481250375509
0 0.6697916388511658 0.10092592239379883 0.0020833334419876337 0.011111111380159855
0 0.6700521111488342 0.0972222238779068 0.0026041667442768812 0.011111111380159855
0 0.6697916388511658 0.10092592239379883 0.0020833334419876337 0.011111111380159855
0 0.6697916388511658 0.10092592239379883 0.0020833334419876337 0.011111111380159855
0 0.6697916388511658 0.10000000149011612 0.0020833334419876337 0.007407407276332378
0 0.6700521111488342 0.0972222238779068 0.0026041667442768812 0.011111111380159855
0 0.6700521111488342 0.0972222238779068 0.0026041667442768812 0.011111111380159855
0 0.6700521111488342 0.09953703731298447 0.0026041667442768812 0.006481481250375509
0 0.6700521111488342 0.0972222238779068 0.0026041667442768812 0.011111111380159855
0 0.24583333730697632 0.18287037312984467 0.0052083334885537624 0.017592592164874077
0 0.6695312261581421 0.10324074327945709 0.0026041667442768812 0.006481481250375509
0 0.0755208358168602 0.09768518805503845 0.004166666883975267 0.010185184888541698
0 0.7145833373069763 0.16018518805503845 0.004166666883975267 0.01666666753590107
0 0.8684895634651184 0.2222222238779068 0.0078125 0.02222222276031971
0 0.6700521111488342 0.0972222238779068 0.0026041667442768812 0.011111111380159855
0 0.6700521111488342 0.0972222238779068 0.0026041667442768812 0.011111111380159855
0 0.43151041865348816 0.182407408952713 0.0026041667442768812 0.018518518656492233
0 0.6705729365348816 0.09444444626569748 0.0026041667442768812 0.011111111380159855
0 0.842968761920929 0.21111111342906952 0.006770833395421505 0.012962962500751019
1 0.58203125 0.3523148000240326 0.04531250149011612 0.037962961941957474
1 0.6499999761581421 0.14074073731899261 0.012500000186264515 0.014814814552664757
1 0.3955729305744171 0.23749999701976776 0.01822916604578495 0.023148147389292717
