1 0.5830729007720947 0.3578703701496124 0.04635416716337204 0.037962961941957474
1 0.6510416865348816 0.14166666567325592 0.012500000186264515 0.014814814552664757
1 0.39453125 0.24027778208255768 0.01822916604578495 0.023148147389292717
1 0.9841145873069763 0.5666666626930237 0.03177083283662796 0.05925925821065903
1 0.6822916865348816 0.11249999701976776 0.010416666977107525 0.012037036940455437
1 0.676562488079071 0.10833333432674408 0.010416666977107525 0.011111111380159855
8 0.8812500238418579 0.24768517911434174 0.014583333395421505 0.026851851493120193
1 0.9096354246139526 0.26620370149612427 0.04218750074505806 0.03981481492519379
1 0.6755208373069763 0.19583334028720856 0.02395833283662796 0.017592592164874077
1 0.7914062738418579 0.2023148089647293 0.02239583246409893 0.023148147389292717
2 0.4986979067325592 0.24166665971279144 0.0234375 0.08148147910833359
8 0.8002604246139526 0.5120370388031006 0.03177083283662796 0.04259259253740311
8 0.6692708134651184 0.1050925925374031 0.0052083334885537624 0.010185184888541698
7 0.7484375238418579 0.512499988079071 0.03958333283662796 0.0416666679084301
7 0.5567708611488342 0.20324073731899261 0.01354166679084301 0.017592592164874077
2 0.6468750238418579 0.09537036716938019 0.02500000037252903 0.029629629105329514
0 0.8838541507720947 0.22685185074806213 0.008333333767950535 0.02222222276031971
0 0.6705729365348816 0.08703703433275223 0.0026041667442768812 0.011111111380159855
0 0.6716145873069763 0.08981481194496155 0.0026041667442768812 0.011111111380159855
0 0.6703125238418579 0.1041666641831398 0.0031250000465661287 0.006481481250375509
0 0.6705729365348816 0.10185185074806213 0.0026041667442768812 0.011111111380159855
0 0.6705729365348816 0.10185185074806213 0.0026041667442768812 0.011111111380159855
0 0.671093761920929 0.0972222238779068 0.0026041667442768812 0.011111111380159855
0 0.6703125238418579 0.1041666641831398 0.0031250000465661287 0.006481481250375509
0 0.6705729365348816 0.10185185074806213 0.0026041667442768812 0.011111111380159855
0 0.671093761920929 0.0972222238779068 0.0026041667442768812 0.011111111380159855
0 0.6705729365348816 0.10185185074806213 0.0026041667442768812 0.011111111380159855
0 0.6705729365348816 0.10185185074806213 0.0026041667442768812 0.011111111380159855
0 0.6705729365348816 0.10092592239379883 0.0026041667442768812 0.007407407276332378
0 0.671093761920929 0.0972222238779068 0.0026041667442768812 0.011111111380159855
0 0.671093761920929 0.09814814478158951 0.0026041667442768812 0.011111111380159855
0 0.6705729365348816 0.10000000149011612 0.0026041667442768812 0.007407407276332378
0 0.671093761920929 0.0972222238779068 0.0026041667442768812 0.011111111380159855
0 0.24375000596046448 0.18425926566123962 0.0052083334885537624 0.018518518656492233
0 0.6703125238418579 0.1041666641831398 0.0031250000465661287 0.006481481250375509
0 0.07343749701976776 0.09814814478158951 0.004166666883975267 0.011111111380159855
0 0.7161458134651184 0.1615740805864334 0.004166666883975267 0.015740741044282913
0 0.871874988079071 0.22453702986240387 0.008333333767950535 0.021296296268701553
0 0.671093761920929 0.0972222238779068 0.0026041667442768812 0.011111111380159855
0 0.671093761920929 0.09814814478158951 0.0026041667442768812 0.011111111380159855
0 0.4312500059604645 0.18425926566123962 0.0031250000465661287 0.018518518656492233
0 0.671093761920929 0.09537036716938019 0.0026041667442768812 0.011111111380159855
1 0.5830729007720947 0.3578703701496124 0.04635416716337204 0.037962961941957474
1 0.6510416865348816 0.14166666567325592 0.012500000186264515 0.014814814552664757
1 0.39453125 0.24027778208255768 0.01822916604578495 0.023148147389292717
