1 0.5856770873069763 0.36851853132247925 0.04739583283662796 0.03888889029622078
1 0.6526041626930237 0.14351852238178253 0.012500000186264515 0.01666666753590107
1 0.39244791865348816 0.24537037312984467 0.01822916604578495 0.024074073880910873
6 0.4286458194255829 0.2666666805744171 0.004166666883975267 0.020370369777083397
1 0.6838541626930237 0.11342592537403107 0.010416666977107525 0.012037036940455437
1 0.6781250238418579 0.10972221940755844 0.010416666977107525 0.012037036940455437
1 0.9174479246139526 0.27129629254341125 0.0442708320915699 0.040740739554166794
1 0.6760416626930237 0.19907407462596893 0.02395833283662796 0.018518518656492233
1 0.7973958253860474 0.20648148655891418 0.02291666716337204 0.024074073880910873
2 0.4989583194255829 0.24722221493721008 0.02395833283662796 0.0833333358168602
8 0.8127604126930237 0.5333333611488342 0.0338541679084301 0.04444444552063942
8 0.6708333492279053 0.10601852089166641 0.0052083334885537624 0.010185184888541698
7 0.758593738079071 0.5347222089767456 0.04114583507180214 0.043518517166376114
7 0.5601562261581421 0.2074074000120163 0.01406249962747097 0.018518518656492233
2 0.6481770873069763 0.0962962955236435 0.02552083320915699 0.029629629105329514
0 0.890625 0.23148147761821747 0.008333333767950535 0.02222222276031971
0 0.6721354126930237 0.08749999850988388 0.0026041667442768812 0.012037036940455437
0 0.6731770634651184 0.09074074029922485 0.0026041667442768812 0.011111111380159855
0 0.671875 0.1050925925374031 0.0031250000465661287 0.006481481250375509
0 0.6721354126930237 0.10277777910232544 0.0026041667442768812 0.011111111380159855
0 0.6721354126930237 0.10277777910232544 0.0026041667442768812 0.011111111380159855
0 0.672656238079071 0.09814814478158951 0.0026041667442768812 0.011111111380159855
0 0.671875 0.1050925925374031 0.0031250000465661287 0.006481481250375509
0 0.6721354126930237 0.10277777910232544 0.0026041667442768812 0.011111111380159855
0 0.672656238079071 0.09814814478158951 0.0026041667442768812 0.011111111380159855
0 0.6721354126930237 0.10277777910232544 0.0026041667442768812 0.011111111380159855
0 0.6721354126930237 0.10277777910232544 0.0026041667442768812 0.011111111380159855
0 0.6721354126930237 0.10185185074806213 0.0026041667442768812 0.007407407276332378
0 0.672656238079071 0.09814814478158951 0.0026041667442768812 0.011111111380159855
0 0.672656238079071 0.09907407313585281 0.0026041667442768812 0.011111111380159855
0 0.6721354126930237 0.10092592239379883 0.0026041667442768812 0.007407407276332378
0 0.672656238079071 0.09814814478158951 0.0026041667442768812 0.011111111380159855
0 0.07604166865348816 0.09861110895872116 0.004166666883975267 0.010185184888541698
0 0.23906250298023224 0.18796296417713165 0.0052083334885537624 0.018518518656492233
0 0.671875 0.1050925925374031 0.0031250000465661287 0.006481481250375509
0 0.05026041716337204 0.09814814478158951 0.004687500186264515 0.011111111380159855
0 0.71875 0.16388888657093048 0.004166666883975267 0.01666666753590107
0 0.8786458373069763 0.22870370745658875 0.008333333767950535 0.02222222276031971
0 0.672656238079071 0.09814814478158951 0.0026041667442768812 0.011111111380159855
0 0.672656238079071 0.09907407313585281 0.0026041667442768812 0.011111111380159855
0 0.43046873807907104 0.18703703582286835 0.0026041667442768812 0.018518518656492233
0 0.672656238079071 0.0962962955236435 0.0026041667442768812 0.011111111380159855
0 0.8528645634651184 0.21759259700775146 0.006770833395421505 0.012962962500751019
1 0.5856770873069763 0.36851853132247925 0.04739583283662796 0.03888889029622078
1 0.6526041626930237 0.14351852238178253 0.012500000186264515 0.01666666753590107
1 0.39244791865348816 0.24537037312984467 0.01822916604578495 0.024074073880910873
