1 0.5924479365348816 0.39907407760620117 0.05156249925494194 0.04259259253740311
1 0.6575520634651184 0.14814814925193787 0.013020833022892475 0.01666666753590107
1 0.38671875 0.2587963044643402 0.01927083358168602 0.02500000037252903
1 0.8226562738418579 0.27731481194496155 0.04843749850988388 0.03055555559694767
6 0.4247395694255829 0.2828703820705414 0.004687500186264515 0.021296296268701553
1 0.6885416507720947 0.11666666716337204 0.010416666977107525 0.012962962500751019
1 0.6825520992279053 0.11249999701976776 0.010937499813735485 0.012037036940455437
8 0.9104166626930237 0.2671296298503876 0.01666666753590107 0.028703704476356506
1 0.9388020634651184 0.28611111640930176 0.04739583283662796 0.04259259253740311
1 0.6770833134651184 0.2083333283662796 0.02500000037252903 0.018518518656492233
1 0.8140624761581421 0.21898147463798523 0.02500000037252903 0.02500000037252903
2 0.4986979067325592 0.2620370388031006 0.02552083320915699 0.08888889104127884
8 0.6747395992279053 0.10925926268100739 0.00572916679084301 0.011111111380159855
7 0.7890625 0.5990740656852722 0.04791666567325592 0.04814814776182175
7 0.569531261920929 0.21666666865348816 0.015104166232049465 0.018518518656492233
2 0.6520833373069763 0.09861110895872116 0.02604166604578495 0.03055555559694767
0 0.9088541865348816 0.2421296238899231 0.00937500037252903 0.023148147389292717
0 0.67578125 0.09074074029922485 0.0026041667442768812 0.011111111380159855
0 0.6773437261581421 0.09351851791143417 0.0026041667442768812 0.011111111380159855
0 0.67578125 0.10787037014961243 0.0026041667442768812 0.006481481250375509
0 0.6760416626930237 0.10555555671453476 0.0031250000465661287 0.011111111380159855
0 0.6760416626930237 0.10555555671453476 0.0031250000465661287 0.011111111380159855
0 0.6763020753860474 0.10092592239379883 0.0026041667442768812 0.011111111380159855
0 0.67578125 0.10787037014961243 0.0026041667442768812 0.006481481250375509
0 0.6760416626930237 0.10555555671453476 0.0031250000465661287 0.011111111380159855
0 0.6763020753860474 0.10092592239379883 0.0026041667442768812 0.011111111380159855
0 0.6760416626930237 0.10555555671453476 0.0031250000465661287 0.011111111380159855
0 0.6760416626930237 0.10555555671453476 0.0031250000465661287 0.011111111380159855
0 0.6763020753860474 0.1041666641831398 0.0026041667442768812 0.008333333767950535
0 0.6763020753860474 0.10092592239379883 0.0026041667442768812 0.011111111380159855
0 0.6763020753860474 0.10185185074806213 0.0026041667442768812 0.011111111380159855
0 0.6763020753860474 0.10370370000600815 0.0026041667442768812 0.007407407276332378
0 0.6763020753860474 0.10092592239379883 0.0026041667442768812 0.011111111380159855
0 0.22734375298023224 0.19583334028720856 0.00572916679084301 0.01944444514811039
0 0.67578125 0.10787037014961243 0.0026041667442768812 0.006481481250375509
0 0.04062499850988388 0.10092592239379883 0.004166666883975267 0.011111111380159855
0 0.05885416641831398 0.10185185074806213 0.004166666883975267 0.011111111380159855
0 0.7260416746139526 0.16944444179534912 0.004166666883975267 0.01666666753590107
0 0.8963541388511658 0.24027778208255768 0.00937500037252903 0.023148147389292717
0 0.6763020753860474 0.10092592239379883 0.0026041667442768812 0.011111111380159855
0 0.6763020753860474 0.10185185074806213 0.0026041667442768812 0.011111111380159855
0 0.4286458194255829 0.1953703761100769 0.0031250000465661287 0.018518518656492233
0 0.6768229007720947 0.09861110895872116 0.0026041667442768812 0.012037036940455437
0 0.8700520992279053 0.22870370745658875 0.0078125 0.012962962500751019
1 0.5924479365348816 0.39907407760620117 0.05156249925494194 0.04259259253740311
1 0.6575520634651184 0.14814814925193787 0.013020833022892475 0.01666666753590107
1 0.38671875 0.2587963044643402 0.01927083358168602 0.02500000037252903
1 0.8226562738418579 0.27731481194496155 0.04843749850988388 0.03055555559694767
