1 0.5971354246139526 0.41990742087364197 0.0546875 0.04537037014961243
1 0.6604166626930237 0.1518518477678299 0.01354166679084301 0.01666666753590107
1 0.3830729126930237 0.26759257912635803 0.02031249925494194 0.025925925001502037
1 0.8338541388511658 0.28796297311782837 0.05104166641831398 0.031481482088565826
6 0.421875 0.29305556416511536 0.0052083334885537624 0.023148147389292717
1 0.69140625 0.11851851642131805 0.010937499813735485 0.012962962500751019
1 0.6851562261581421 0.11435185372829437 0.010937499813735485 0.012037036940455437
8 0.9239583611488342 0.2768518626689911 0.01770833320915699 0.029629629105329514
1 0.953906238079071 0.29629629850387573 0.05052083358168602 0.046296294778585434
1 0.6776041388511658 0.21388888359069824 0.02604166604578495 0.020370369777083397
1 0.8252604007720947 0.2273148149251938 0.02656250074505806 0.026851851493120193
2 0.4986979067325592 0.27129629254341125 0.02656250074505806 0.09259258955717087
8 0.8760416507720947 0.6439814567565918 0.04374999925494194 0.05277777835726738
8 0.6773437261581421 0.1111111119389534 0.00572916679084301 0.011111111380159855
7 0.8109375238418579 0.645370364189148 0.0520833320915699 0.051851850003004074
7 0.5755208134651184 0.22268518805503845 0.015625 0.01944444514811039
2 0.6544271111488342 0.10000000149011612 0.02656250074505806 0.031481482088565826
0 0.9203125238418579 0.24953703582286835 0.00937500037252903 0.023148147389292717
0 0.6783854365348816 0.09351851791143417 0.0026041667442768812 0.011111111380159855
0 0.6796875 0.09490741044282913 0.0031250000465661287 0.012037036940455437
0 0.6783854365348816 0.10925926268100739 0.0026041667442768812 0.007407407276332378
0 0.6783854365348816 0.10694444179534912 0.0026041667442768812 0.012037036940455437
0 0.6783854365348816 0.10694444179534912 0.0026041667442768812 0.012037036940455437
0 0.678906261920929 0.10277777910232544 0.0026041667442768812 0.011111111380159855
0 0.6783854365348816 0.10925926268100739 0.0026041667442768812 0.007407407276332378
0 0.6783854365348816 0.10694444179534912 0.0026041667442768812 0.012037036940455437
0 0.678906261920929 0.10277777910232544 0.0026041667442768812 0.011111111380159855
0 0.6783854365348816 0.10694444179534912 0.0026041667442768812 0.012037036940455437
0 0.6783854365348816 0.10694444179534912 0.0026041667442768812 0.012037036940455437
0 0.6786458492279053 0.10601852089166641 0.0020833334419876337 0.008333333767950535
0 0.678906261920929 0.10277777910232544 0.0026041667442768812 0.011111111380159855
0 0.678906261920929 0.10324074327945709 0.0026041667442768812 0.012037036940455437
0 0.6786458492279053 0.10555555671453476 0.0031250000465661287 0.007407407276332378
0 0.678906261920929 0.10277777910232544 0.0026041667442768812 0.011111111380159855
0 0.06171875074505806 0.10277777910232544 0.004687500186264515 0.011111111380159855
0 0.21979166567325592 0.20092593133449554 0.0062500000931322575 0.020370369777083397
0 0.6783854365348816 0.10925926268100739 0.0026041667442768812 0.007407407276332378
0 0.03463541716337204 0.10231481492519379 0.004687500186264515 0.010185184888541698
0 0.73046875 0.17314815521240234 0.004687500186264515 0.01666666753590107
0 0.9078124761581421 0.24768517911434174 0.00937500037252903 0.023148147389292717
0 0.678906261920929 0.10277777910232544 0.0026041667442768812 0.011111111380159855
0 0.678906261920929 0.10324074327945709 0.0026041667442768812 0.012037036940455437
0 0.42760416865348816 0.2004629671573639 0.0031250000465661287 0.01944444514811039
0 0.6791666746139526 0.10000000149011612 0.0031250000465661287 0.011111111380159855
0 0.8815104365348816 0.2361111044883728 0.0078125 0.014814814552664757
1 0.5971354246139526 0.41990742087364197 0.0546875 0.04537037014961243
1 0.6604166626930237 0.1518518477678299 0.01354166679084301 0.01666666753590107
1 0.3830729126930237 0.26759257912635803 0.02031249925494194 0.025925925001502037
1 0.8338541388511658 0.28796297311782837 0.05104166641831398 0.031481482088565826
