1 0.5986979007720947 0.427314817905426 0.05572916567325592 0.04722222313284874
1 0.6617187261581421 0.1527777761220932 0.01406249962747097 0.01666666753590107
1 0.3815104067325592 0.2708333432674408 0.02031249925494194 0.026851851493120193
1 0.8382812738418579 0.2916666567325592 0.05156249925494194 0.031481482088565826
6 0.42135417461395264 0.2967592477798462 0.0052083334885537624 0.023148147389292717
1 0.6924479007720947 0.11944444477558136 0.010937499813735485 0.012962962500751019
1 0.6861979365348816 0.11527777463197708 0.010937499813735485 0.012037036940455437
8 0.928906261920929 0.28009259700775146 0.01822916604578495 0.03055555559694767
1 0.9596354365348816 0.3004629611968994 0.05156249925494194 0.04722222313284874
1 0.6781250238418579 0.2162037044763565 0.02604166604578495 0.01944444514811039
1 0.8291666507720947 0.2300925999879837 0.02708333358168602 0.026851851493120193
2 0.4986979067325592 0.2750000059604645 0.02656250074505806 0.09444444626569748
8 0.885937511920929 0.6615740656852722 0.04583333432674408 0.05462963134050369
8 0.6781250238418579 0.11157407611608505 0.0062500000931322575 0.010185184888541698
7 0.8192708492279053 0.6625000238418579 0.05416666716337204 0.05277777835726738
7 0.5776041746139526 0.22546295821666718 0.015625 0.01944444514811039
2 0.655468761920929 0.10092592239379883 0.02656250074505806 0.031481482088565826
0 0.9247395992279053 0.25231480598449707 0.00989583320915699 0.023148147389292717
0 0.6794270873069763 0.09305555373430252 0.0026041667442768812 0.012037036940455437
0 0.680468738079071 0.09537036716938019 0.0026041667442768812 0.011111111380159855
0 0.6791666746139526 0.1101851835846901 0.0031250000465661287 0.007407407276332378
0 0.6794270873069763 0.10740740597248077 0.0026041667442768812 0.011111111380159855
0 0.6794270873069763 0.10740740597248077 0.0026041667442768812 0.011111111380159855
0 0.6799479126930237 0.10324074327945709 0.0026041667442768812 0.012037036940455437
0 0.6791666746139526 0.1101851835846901 0.0031250000465661287 0.007407407276332378
0 0.6794270873069763 0.10740740597248077 0.0026041667442768812 0.011111111380159855
0 0.6799479126930237 0.10324074327945709 0.0026041667442768812 0.012037036940455437
0 0.6794270873069763 0.10740740597248077 0.0026041667442768812 0.011111111380159855
0 0.6794270873069763 0.10740740597248077 0.0026041667442768812 0.011111111380159855
0 0.6794270873069763 0.10648148506879807 0.0026041667442768812 0.007407407276332378
0 0.6799479126930237 0.10324074327945709 0.0026041667442768812 0.012037036940455437
0 0.6796875 0.10370370000600815 0.0031250000465661287 0.011111111380159855
0 0.6796875 0.10601852089166641 0.0031250000465661287 0.006481481250375509
0 0.6799479126930237 0.10324074327945709 0.0026041667442768812 0.012037036940455437
0 0.21718749403953552 0.20277777314186096 0.0062500000931322575 0.020370369777083397
0 0.6791666746139526 0.1101851835846901 0.0031250000465661287 0.007407407276332378
0 0.0325520820915699 0.10277777910232544 0.004687500186264515 0.011111111380159855
0 0.7320312261581421 0.1745370328426361 0.004687500186264515 0.017592592164874077
0 0.9119791388511658 0.25 0.00937500037252903 0.024074073880910873
0 0.6799479126930237 0.10324074327945709 0.0026041667442768812 0.012037036940455437
0 0.6796875 0.10370370000600815 0.0031250000465661287 0.011111111380159855
0 0.4270833432674408 0.2023148089647293 0.0031250000465661287 0.01944444514811039
0 0.6799479126930237 0.10092592239379883 0.0026041667442768812 0.011111111380159855
0 0.8854166865348816 0.23842592537403107 0.008333333767950535 0.013888888992369175
1 0.5986979007720947 0.427314817905426 0.05572916567325592 0.04722222313284874
1 0.6617187261581421 0.1527777761220932 0.01406249962747097 0.01666666753590107
1 0.3815104067325592 0.2708333432674408 0.02031249925494194 0.026851851493120193
1 0.8382812738418579 0.2916666567325592 0.05156249925494194 0.031481482088565826
