1 0.6104166507720947 0.47777777910232544 0.0625 0.05370370298624039
1 0.6682291626930237 0.15925925970077515 0.014583333395421505 0.018518518656492233
1 0.3734374940395355 0.29120370745658875 0.02187499962747097 0.028703704476356506
1 0.8643229007720947 0.3152777850627899 0.05677083507180214 0.034259259700775146
6 0.41484373807907104 0.32083332538604736 0.00572916679084301 0.02500000037252903
1 0.698437511920929 0.12314815074205399 0.01145833358168602 0.012962962500751019
1 0.6916666626930237 0.11898148059844971 0.01145833358168602 0.012037036940455437
8 0.9604166746139526 0.3013888895511627 0.02083333395421505 0.032407406717538834
1 0.9833333492279053 0.32499998807907104 0.03333333507180214 0.051851850003004074
1 0.6799479126930237 0.2291666716337204 0.02760416641831398 0.021296296268701553
1 0.8541666865348816 0.2481481432914734 0.03020833246409893 0.029629629105329514
2 0.4984374940395355 0.2976851761341095 0.02916666679084301 0.10277777910232544
8 0.9575520753860474 0.7861111164093018 0.05885416641831398 0.06481481343507767
8 0.6833333373069763 0.11481481790542603 0.0062500000931322575 0.011111111380159855
7 0.8783854246139526 0.7875000238418579 0.06822916865348816 0.06388889253139496
7 0.5874999761581421 0.23935185372829437 0.01666666753590107 0.021296296268701553
2 0.6604166626930237 0.1041666641831398 0.02708333358168602 0.032407406717538834
0 0.9507812261581421 0.2689814865589142 0.010937499813735485 0.02500000037252903
0 0.6848958134651184 0.09490741044282913 0.0031250000465661287 0.012037036940455437
0 0.6859375238418579 0.09861110895872116 0.0031250000465661287 0.012037036940455437
0 0.684374988079071 0.11388888955116272 0.0031250000465661287 0.007407407276332378
0 0.6846354007720947 0.1111111119389534 0.0026041667442768812 0.011111111380159855
0 0.6846354007720947 0.1111111119389534 0.0026041667442768812 0.011111111380159855
0 0.6851562261581421 0.10694444179534912 0.0026041667442768812 0.012037036940455437
0 0.684374988079071 0.11388888955116272 0.0031250000465661287 0.007407407276332378
0 0.6846354007720947 0.1111111119389534 0.0026041667442768812 0.011111111380159855
0 0.6851562261581421 0.10694444179534912 0.0026041667442768812 0.012037036940455437
0 0.6846354007720947 0.1111111119389534 0.0026041667442768812 0.011111111380159855
0 0.6846354007720947 0.1111111119389534 0.0026041667442768812 0.011111111380159855
0 0.6846354007720947 0.10972221940755844 0.0026041667442768812 0.008333333767950535
0 0.6851562261581421 0.10694444179534912 0.0026041667442768812 0.012037036940455437
0 0.6848958134651184 0.10694444179534912 0.0031250000465661287 0.012037036940455437
0 0.6848958134651184 0.10925926268100739 0.0031250000465661287 0.007407407276332378
0 0.6851562261581421 0.10694444179534912 0.0026041667442768812 0.012037036940455437
0 0.04869791492819786 0.10694444179534912 0.004687500186264515 0.012037036940455437
0 0.2005208283662796 0.2143518477678299 0.0062500000931322575 0.021296296268701553
0 0.684374988079071 0.11388888955116272 0.0031250000465661287 0.007407407276332378
0 0.7421875 0.182407408952713 0.0052083334885537624 0.018518518656492233
0 0.37812501192092896 0.21805556118488312 0.004166666883975267 0.021296296268701553
0 0.9375 0.2666666805744171 0.010416666977107525 0.025925925001502037
0 0.6851562261581421 0.10694444179534912 0.0026041667442768812 0.012037036940455437
0 0.6848958134651184 0.10694444179534912 0.0031250000465661287 0.012037036940455437
0 0.4244791567325592 0.21388888359069824 0.0031250000465661287 0.020370369777083397
0 0.6854166388511658 0.1041666641831398 0.0031250000465661287 0.012037036940455437
0 0.9106770753860474 0.255092591047287 0.008854166604578495 0.015740741044282913
1 0.6104166507720947 0.47777777910232544 0.0625 0.05370370298624039
1 0.6682291626930237 0.15925925970077515 0.014583333395421505 0.018518518656492233
1 0.3734374940395355 0.29120370745658875 0.02187499962747097 0.028703704476356506
1 0.8643229007720947 0.3152777850627899 0.05677083507180214 0.034259259700775146
