1 0.5940104126930237 0.4055555462837219 0.05260416492819786 0.04444444552063942
1 0.6585937738418579 0.14907407760620117 0.013020833022892475 0.01666666753590107
1 0.3854166567325592 0.26157405972480774 0.01979166641831398 0.02500000037252903
1 0.8263021111488342 0.28101852536201477 0.0494791679084301 0.03055555559694767
6 0.42395833134651184 0.28611111640930176 0.0052083334885537624 0.02222222276031971
1 0.6893228888511658 0.11712963134050369 0.010937499813735485 0.012037036940455437
1 0.6833333373069763 0.11342592537403107 0.010416666977107525 0.012037036940455437
8 0.914843738079071 0.27037036418914795 0.01718750037252903 0.029629629105329514
1 0.9434896111488342 0.28935185074806213 0.04843749850988388 0.043518517166376114
1 0.6770833134651184 0.2101851850748062 0.02500000037252903 0.020370369777083397
1 0.8177083134651184 0.2212962955236435 0.02604166604578495 0.025925925001502037
2 0.4986979067325592 0.26527777314186096 0.02552083320915699 0.08981481194496155
8 0.8578125238418579 0.6120370626449585 0.04062499850988388 0.05000000074505806
8 0.67578125 0.10972221940755844 0.00572916679084301 0.010185184888541698
7 0.7958333492279053 0.6134259104728699 0.04895833507180214 0.049074072390794754
7 0.5716145634651184 0.21898147463798523 0.015104166232049465 0.01944444514811039
2 0.6528645753860474 0.09907407313585281 0.02656250074505806 0.031481482088565826
0 0.9125000238418579 0.244907408952713 0.00937500037252903 0.023148147389292717
0 0.6768229007720947 0.09212963283061981 0.0026041667442768812 0.012037036940455437
0 0.6778646111488342 0.09351851791143417 0.0026041667442768812 0.011111111380159855
0 0.676562488079071 0.10833333432674408 0.0031250000465661287 0.007407407276332378
0 0.6768229007720947 0.10601852089166641 0.0026041667442768812 0.012037036940455437
0 0.6768229007720947 0.10601852089166641 0.0026041667442768812 0.012037036940455437
0 0.6773437261581421 0.10185185074806213 0.0026041667442768812 0.011111111380159855
0 0.676562488079071 0.10833333432674408 0.0031250000465661287 0.007407407276332378
0 0.6768229007720947 0.10601852089166641 0.0026041667442768812 0.012037036940455437
0 0.6773437261581421 0.10185185074806213 0.0026041667442768812 0.011111111380159855
0 0.6768229007720947 0.10601852089166641 0.0026041667442768812 0.012037036940455437
0 0.6768229007720947 0.10601852089166641 0.0026041667442768812 0.012037036940455437
0 0.6768229007720947 0.1050925925374031 0.0026041667442768812 0.008333333767950535
0 0.6773437261581421 0.10185185074806213 0.0026041667442768812 0.011111111380159855
0 0.6773437261581421 0.10185185074806213 0.0026041667442768812 0.011111111380159855
0 0.6770833134651184 0.1041666641831398 0.0031250000465661287 0.006481481250375509
0 0.6773437261581421 0.10185185074806213 0.0026041667442768812 0.011111111380159855
0 0.06536458432674408 0.10185185074806213 0.004687500186264515 0.011111111380159855
0 0.22473958134651184 0.19768518209457397 0.00572916679084301 0.01944444514811039
0 0.676562488079071 0.10833333432674408 0.0031250000465661287 0.007407407276332378
0 0.03880208358168602 0.10138888657093048 0.004687500186264515 0.010185184888541698
0 0.05677083507180214 0.10185185074806213 0.004166666883975267 0.011111111380159855
0 0.727343738079071 0.17037037014961243 0.004687500186264515 0.01666666753590107
0 0.8999999761581421 0.2421296238899231 0.00937500037252903 0.023148147389292717
0 0.6773437261581421 0.10185185074806213 0.0026041667442768812 0.011111111380159855
0 0.6773437261581421 0.10185185074806213 0.0026041667442768812 0.011111111380159855
0 0.4281249940395355 0.19675925374031067 0.0031250000465661287 0.01944444514811039
0 0.6773437261581421 0.09907407313585281 0.0026041667442768812 0.011111111380159855
0 0.8736979365348816 0.23101851344108582 0.0078125 0.013888888992369175
1 0.5940104126930237 0.4055555462837219 0.05260416492819786 0.04444444552063942
1 0.6585937738418579 0.14907407760620117 0.013020833022892475 0.01666666753590107
1 0.3854166567325592 0.26157405972480774 0.01979166641831398 0.02500000037252903
1 0.8263021111488342 0.28101852536201477 0.0494791679084301 0.03055555559694767
