1 0.6083333492279053 0.46898147463798523 0.06145833432674408 0.05277777835726738
1 0.667187511920929 0.1578703671693802 0.014583333395421505 0.017592592164874077
1 0.3747395873069763 0.2874999940395355 0.02135416679084301 0.028703704476356506
1 0.8596354126930237 0.31111112236976624 0.05572916567325592 0.035185184329748154
6 0.41588541865348816 0.3166666626930237 0.00572916679084301 0.024074073880910873
1 0.6973958611488342 0.12268518656492233 0.01145833358168602 0.013888888992369175
1 0.690625011920929 0.11851851642131805 0.01145833358168602 0.012962962500751019
8 0.9549478888511658 0.2976851761341095 0.02031249925494194 0.032407406717538834
1 0.98046875 0.3203703761100769 0.0390625 0.05000000074505806
1 0.6796875 0.22638888657093048 0.02708333358168602 0.021296296268701553
1 0.8497396111488342 0.24537037312984467 0.02968749962747097 0.029629629105329514
2 0.4986979067325592 0.29398149251937866 0.02864583395421505 0.10092592239379883
8 0.9440104365348816 0.762499988079071 0.05572916567325592 0.06203703582286835
8 0.6822916865348816 0.11481481790542603 0.0062500000931322575 0.011111111380159855
7 0.8671875 0.7638888955116272 0.06562499701976776 0.06111111119389534
7 0.5864583253860474 0.2370370328426361 0.01666666753590107 0.020370369777083397
2 0.659375011920929 0.10370370000600815 0.02708333358168602 0.031481482088565826
0 0.946093738079071 0.26620370149612427 0.010937499813735485 0.02500000037252903
0 0.6841145753860474 0.09398148208856583 0.0026041667442768812 0.012037036940455437
0 0.6848958134651184 0.09768518805503845 0.0031250000465661287 0.012037036940455437
0 0.6833333373069763 0.11296296119689941 0.0031250000465661287 0.007407407276332378
0 0.6838541626930237 0.11064814776182175 0.0031250000465661287 0.012037036940455437
0 0.6838541626930237 0.11064814776182175 0.0031250000465661287 0.012037036940455437
0 0.6841145753860474 0.10601852089166641 0.0026041667442768812 0.012037036940455437
0 0.6833333373069763 0.11296296119689941 0.0031250000465661287 0.007407407276332378
0 0.6838541626930237 0.11064814776182175 0.0031250000465661287 0.012037036940455437
0 0.6841145753860474 0.10601852089166641 0.0026041667442768812 0.012037036940455437
0 0.6838541626930237 0.11064814776182175 0.0031250000465661287 0.012037036940455437
0 0.6838541626930237 0.11064814776182175 0.0031250000465661287 0.012037036940455437
0 0.6838541626930237 0.10972221940755844 0.0020833334419876337 0.008333333767950535
0 0.6841145753860474 0.10601852089166641 0.0026041667442768812 0.012037036940455437
0 0.6841145753860474 0.10648148506879807 0.0026041667442768812 0.011111111380159855
0 0.6838541626930237 0.10879629850387573 0.0031250000465661287 0.006481481250375509
0 0.6841145753860474 0.10601852089166641 0.0026041667442768812 0.012037036940455437
0 0.05026041716337204 0.10648148506879807 0.004687500186264515 0.011111111380159855
0 0.20338541269302368 0.21203704178333282 0.006770833395421505 0.020370369777083397
0 0.6833333373069763 0.11296296119689941 0.0031250000465661287 0.007407407276332378
0 0.02239583246409893 0.10555555671453476 0.0052083334885537624 0.011111111380159855
0 0.03880208358168602 0.10648148506879807 0.004687500186264515 0.011111111380159855
0 0.7403646111488342 0.18101851642131805 0.004687500186264515 0.017592592164874077
0 0.9333333373069763 0.26342591643333435 0.010416666977107525 0.02500000037252903
0 0.6841145753860474 0.10601852089166641 0.0026041667442768812 0.012037036940455437
0 0.6841145753860474 0.10648148506879807 0.0026041667442768812 0.011111111380159855
0 0.42500001192092896 0.21203704178333282 0.0031250000465661287 0.020370369777083397
0 0.684374988079071 0.10324074327945709 0.0031250000465661287 0.012037036940455437
0 0.90625 0.2518518567085266 0.008333333767950535 0.014814814552664757
1 0.6083333492279053 0.46898147463798523 0.06145833432674408 0.05277777835726738
1 0.667187511920929 0.1578703671693802 0.014583333395421505 0.017592592164874077
1 0.3747395873069763 0.2874999940395355 0.02135416679084301 0.028703704476356506
1 0.8596354126930237 0.31111112236976624 0.05572916567325592 0.035185184329748154
