1 0.606249988079071 0.45972222089767456 0.06041666492819786 0.05092592537403107
1 0.6658853888511658 0.15694443881511688 0.01406249962747097 0.017592592164874077
1 0.3763020932674408 0.28425925970077515 0.02135416679084301 0.02777777798473835
1 0.8552083373069763 0.30694442987442017 0.05520833283662796 0.034259259700775146
6 0.4169270694255829 0.3125 0.00572916679084301 0.02500000037252903
1 0.6963541507720947 0.12222222238779068 0.01145833358168602 0.012962962500751019
1 0.6895833611488342 0.11759259551763535 0.01145833358168602 0.012962962500751019
8 0.9494791626930237 0.29398149251937866 0.01979166641831398 0.032407406717538834
1 0.9776041507720947 0.3162037134170532 0.04479166492819786 0.049074072390794754
1 0.6791666746139526 0.22453702986240387 0.02708333358168602 0.021296296268701553
1 0.8453124761581421 0.2421296238899231 0.02916666679084301 0.028703704476356506
2 0.4984374940395355 0.2898148000240326 0.02812499925494194 0.10000000149011612
8 0.9309895634651184 0.739814817905426 0.05364583432674408 0.06111111119389534
8 0.6817708611488342 0.11388888955116272 0.0062500000931322575 0.011111111380159855
7 0.8565104007720947 0.7412037253379822 0.06302083283662796 0.06018518656492233
7 0.585156261920929 0.23425926268100739 0.01614583283662796 0.020370369777083397
2 0.6585937738418579 0.10277777910232544 0.02760416641831398 0.031481482088565826
0 0.9416666626930237 0.2629629671573639 0.010416666977107525 0.024074073880910873
0 0.6833333373069763 0.09398148208856583 0.0031250000465661287 0.012037036940455437
0 0.6841145753860474 0.09768518805503845 0.0026041667442768812 0.012037036940455437
0 0.682812511920929 0.1120370402932167 0.0031250000465661287 0.007407407276332378
0 0.682812511920929 0.10972221940755844 0.0031250000465661287 0.012037036940455437
0 0.682812511920929 0.10972221940755844 0.0031250000465661287 0.012037036940455437
0 0.6833333373069763 0.10555555671453476 0.0031250000465661287 0.011111111380159855
0 0.6825520992279053 0.11249999701976776 0.0026041667442768812 0.006481481250375509
0 0.682812511920929 0.10972221940755844 0.0031250000465661287 0.012037036940455437
0 0.6833333373069763 0.10555555671453476 0.0031250000465661287 0.011111111380159855
0 0.682812511920929 0.10972221940755844 0.0031250000465661287 0.012037036940455437
0 0.682812511920929 0.10972221940755844 0.0031250000465661287 0.012037036940455437
0 0.6830729246139526 0.10879629850387573 0.0026041667442768812 0.008333333767950535
0 0.6833333373069763 0.10555555671453476 0.0031250000465661287 0.011111111380159855
0 0.6833333373069763 0.10601852089166641 0.0031250000465661287 0.012037036940455437
0 0.6830729246139526 0.10833333432674408 0.0026041667442768812 0.007407407276332378
0 0.6833333373069763 0.10555555671453476 0.0031250000465661287 0.011111111380159855
0 0.20624999701976776 0.2101851850748062 0.0062500000931322575 0.020370369777083397
0 0.682812511920929 0.1120370402932167 0.0031250000465661287 0.007407407276332378
0 0.02447916753590107 0.10462962836027145 0.0052083334885537624 0.011111111380159855
0 0.7388020753860474 0.18009258806705475 0.004687500186264515 0.017592592164874077
0 0.9286458492279053 0.2606481611728668 0.010416666977107525 0.02500000037252903
0 0.6833333373069763 0.10555555671453476 0.0031250000465661287 0.011111111380159855
0 0.6833333373069763 0.10601852089166641 0.0031250000465661287 0.012037036940455437
0 0.4255208373069763 0.2101851850748062 0.0031250000465661287 0.020370369777083397
0 0.68359375 0.10324074327945709 0.0026041667442768812 0.012037036940455437
0 0.9018229246139526 0.2490740716457367 0.008854166604578495 0.014814814552664757
1 0.606249988079071 0.45972222089767456 0.06041666492819786 0.05092592537403107
1 0.6658853888511658 0.15694443881511688 0.01406249962747097 0.017592592164874077
1 0.3763020932674408 0.28425925970077515 0.02135416679084301 0.02777777798473835
1 0.8552083373069763 0.30694442987442017 0.05520833283662796 0.034259259700775146
