1 0.6283854246139526 0.5578703880310059 0.07447917014360428 0.06574074178934097
1 0.676562488079071 0.16851851344108582 0.015625 0.018518518656492233
1 0.36119791865348816 0.31990739703178406 0.02447916753590107 0.032407406717538834
1 0.9020833373069763 0.34953704476356506 0.06458333134651184 0.03981481492519379
6 0.4059895873069763 0.3550925850868225 0.006770833395421505 0.028703704476356506
1 0.706250011920929 0.12916666269302368 0.012500000186264515 0.013888888992369175
1 0.6989583373069763 0.1240740716457367 0.012500000186264515 0.012962962500751019
8 0.9963541626930237 0.33194443583488464 0.0072916666977107525 0.03611111268401146
1 0.6822916865348816 0.24675926566123962 0.02916666679084301 0.023148147389292717
1 0.889843761920929 0.2750000059604645 0.03593749925494194 0.03333333507180214
2 0.4984374940395355 0.3305555582046509 0.03229166567325592 0.11666666716337204
8 0.6901041865348816 0.11990740895271301 0.0062500000931322575 0.012037036940455437
7 0.9703124761581421 0.9893518686294556 0.05937499925494194 0.021296296268701553
7 0.5940104126930237 0.25833332538604736 0.01822916604578495 0.02222222276031971
2 0.6664062738418579 0.10833333432674408 0.02864583395421505 0.03333333507180214
0 0.9869791865348816 0.29120370745658875 0.012500000186264515 0.026851851493120193
0 0.6916666626930237 0.10185185074806213 0.0031250000465661287 0.012962962500751019
0 0.6927083134651184 0.10231481492519379 0.0031250000465661287 0.012037036940455437
0 0.6911458373069763 0.11851851642131805 0.0031250000465661287 0.007407407276332378
0 0.6911458373069763 0.11574073880910873 0.0031250000465661287 0.012962962500751019
0 0.6911458373069763 0.11574073880910873 0.0031250000465661287 0.012962962500751019
0 0.6916666626930237 0.1111111119389534 0.0031250000465661287 0.012962962500751019
0 0.6911458373069763 0.11851851642131805 0.0031250000465661287 0.007407407276332378
0 0.6911458373069763 0.11574073880910873 0.0031250000465661287 0.012962962500751019
0 0.6916666626930237 0.1111111119389534 0.0031250000465661287 0.012962962500751019
0 0.6911458373069763 0.11574073880910873 0.0031250000465661287 0.012962962500751019
0 0.6911458373069763 0.11574073880910873 0.0031250000465661287 0.012962962500751019
0 0.69140625 0.11435185372829437 0.0026041667442768812 0.008333333767950535
0 0.6916666626930237 0.1111111119389534 0.0031250000465661287 0.012962962500751019
0 0.6916666626930237 0.11157407611608505 0.0031250000465661287 0.012037036940455437
0 0.6916666626930237 0.11388888955116272 0.0031250000465661287 0.007407407276332378
0 0.6916666626930237 0.1111111119389534 0.0031250000465661287 0.012962962500751019
0 0.03307291492819786 0.1111111119389534 0.004687500186264515 0.011111111380159855
0 0.6911458373069763 0.11851851642131805 0.0031250000465661287 0.007407407276332378
0 0.0036458333488553762 0.11064814776182175 0.0052083334885537624 0.012037036940455437
0 0.01848958246409893 0.1111111119389534 0.004687500186264515 0.011111111380159855
0 0.7554687261581421 0.1935185194015503 0.00572916679084301 0.018518518656492233
0 0.36666667461395264 0.23425926268100739 0.004166666883975267 0.02222222276031971
0 0.973437488079071 0.2898148000240326 0.012500000186264515 0.02777777798473835
0 0.6916666626930237 0.1111111119389534 0.0031250000465661287 0.012962962500751019
0 0.6916666626930237 0.11157407611608505 0.0031250000465661287 0.012037036940455437
0 0.4205729067325592 0.22962963581085205 0.0036458333488553762 0.02222222276031971
0 0.692187488079071 0.10879629850387573 0.0031250000465661287 0.012037036940455437
0 0.9458333253860474 0.2777777910232544 0.010416666977107525 0.01666666753590107
1 0.6283854246139526 0.5578703880310059 0.07447917014360428 0.06574074178934097
1 0.676562488079071 0.16851851344108582 0.015625 0.018518518656492233
1 0.36119791865348816 0.31990739703178406 0.02447916753590107 0.032407406717538834
1 0.9020833373069763 0.34953704476356506 0.06458333134651184 0.03981481492519379
