1 0.6148437261581421 0.49768519401550293 0.06614582985639572 0.05648148059844971
1 0.6705729365348816 0.16203702986240387 0.015104166232049465 0.018518518656492233
1 0.3700520694255829 0.2986111044883728 0.02239583246409893 0.03055555559694767
1 0.874218761920929 0.3245370388031006 0.05885416641831398 0.03611111268401146
6 0.4127604067325592 0.3296296298503876 0.00572916679084301 0.025925925001502037
1 0.7007812261581421 0.125 0.01197916641831398 0.012962962500751019
1 0.6937500238418579 0.12037037312984467 0.01145833358168602 0.012962962500751019
8 0.9721354246139526 0.3097222149372101 0.02239583246409893 0.034259259700775146
1 0.9893229007720947 0.33379629254341125 0.02135416679084301 0.05277777835726738
1 0.680468738079071 0.23379629850387573 0.02760416641831398 0.021296296268701553
1 0.86328125 0.255092591047287 0.03177083283662796 0.03055555559694767
2 0.4984374940395355 0.30601853132247925 0.03020833246409893 0.10648148506879807
8 0.9781249761581421 0.8398148417472839 0.04374999925494194 0.06851851940155029
8 0.6854166388511658 0.11666666716337204 0.0062500000931322575 0.011111111380159855
7 0.9036458134651184 0.8412036895751953 0.07395832985639572 0.06759259104728699
7 0.589062511920929 0.2439814805984497 0.01666666753590107 0.021296296268701553
2 0.6619791388511658 0.1050925925374031 0.02812499925494194 0.032407406717538834
0 0.960156261920929 0.2750000059604645 0.010937499813735485 0.025925925001502037
0 0.6869791746139526 0.09583333134651184 0.0031250000465661287 0.012037036940455437
0 0.6877604126930237 0.09953703731298447 0.0026041667442768812 0.012037036940455437
0 0.6861979365348816 0.11481481790542603 0.0026041667442768812 0.007407407276332378
0 0.6864583492279053 0.11249999701976776 0.0031250000465661287 0.012037036940455437
0 0.6864583492279053 0.11249999701976776 0.0031250000465661287 0.012037036940455437
0 0.6869791746139526 0.10787037014961243 0.0031250000465661287 0.012037036940455437
0 0.6861979365348816 0.11481481790542603 0.0026041667442768812 0.007407407276332378
0 0.6864583492279053 0.11249999701976776 0.0031250000465661287 0.012037036940455437
0 0.6869791746139526 0.10787037014961243 0.0031250000465661287 0.012037036940455437
0 0.6864583492279053 0.11249999701976776 0.0031250000465661287 0.012037036940455437
0 0.6864583492279053 0.11249999701976776 0.0031250000465661287 0.012037036940455437
0 0.686718761920929 0.11157407611608505 0.0026041667442768812 0.008333333767950535
0 0.6869791746139526 0.10787037014961243 0.0031250000465661287 0.012037036940455437
0 0.6869791746139526 0.10879629850387573 0.0031250000465661287 0.012037036940455437
0 0.6864583492279053 0.11064814776182175 0.0031250000465661287 0.006481481250375509
0 0.6869791746139526 0.10787037014961243 0.0031250000465661287 0.012037036940455437
0 0.04453124850988388 0.10787037014961243 0.004687500186264515 0.012037036940455437
0 0.6861979365348816 0.11481481790542603 0.0026041667442768812 0.007407407276332378
0 0.03151041641831398 0.10833333432674408 0.004687500186264515 0.011111111380159855
0 0.7458333373069763 0.18518517911434174 0.0052083334885537624 0.018518518656492233
0 0.375 0.22268518805503845 0.004166666883975267 0.021296296268701553
0 0.9471353888511658 0.2726851999759674 0.010937499813735485 0.02500000037252903
0 0.6869791746139526 0.10787037014961243 0.0031250000465661287 0.012037036940455437
0 0.6869791746139526 0.10833333432674408 0.0031250000465661287 0.011111111380159855
0 0.4234375059604645 0.21805556118488312 0.0031250000465661287 0.021296296268701553
0 0.6872395873069763 0.1050925925374031 0.0026041667442768812 0.012037036940455437
0 0.9200521111488342 0.2611111104488373 0.008854166604578495 0.014814814552664757
1 0.6148437261581421 0.49768519401550293 0.06614582985639572 0.05648148059844971
1 0.6705729365348816 0.16203702986240387 0.015104166232049465 0.018518518656492233
1 0.3700520694255829 0.2986111044883728 0.02239583246409893 0.03055555559694767
1 0.874218761920929 0.3245370388031006 0.05885416641831398 0.03611111268401146
