1 0.6174479126930237 0.5087962746620178 0.06718750298023224 0.05833333358168602
1 0.6716145873069763 0.16296295821666718 0.015104166232049465 0.018518518656492233
1 0.3682291805744171 0.3027777671813965 0.02291666716337204 0.029629629105329514
1 0.8794270753860474 0.32870370149612427 0.0598958320915699 0.03703703731298447
6 0.4114583432674408 0.33472222089767456 0.0062500000931322575 0.026851851493120193
1 0.7018229365348816 0.12546296417713165 0.01197916641831398 0.013888888992369175
1 0.6947916746139526 0.12129629403352737 0.01145833358168602 0.012962962500751019
8 0.9783853888511658 0.3143518567085266 0.02239583246409893 0.034259259700775146
1 0.9927083253860474 0.33888888359069824 0.014583333395421505 0.05370370298624039
1 0.6807291507720947 0.2361111044883728 0.02812499925494194 0.02222222276031971
1 0.8684895634651184 0.25925925374031067 0.03281249850988388 0.031481482088565826
2 0.4984374940395355 0.3106481432914734 0.03020833246409893 0.10833333432674408
8 0.9861978888511658 0.8708333373069763 0.02760416641831398 0.07129629701375961
8 0.6861979365348816 0.11712963134050369 0.006770833395421505 0.012037036940455437
7 0.9184895753860474 0.8726851940155029 0.07760416716337204 0.0694444477558136
7 0.58984375 0.24722221493721008 0.01718750037252903 0.02222222276031971
2 0.6627604365348816 0.10601852089166641 0.02760416641831398 0.032407406717538834
0 0.9651041626930237 0.2777777910232544 0.01145833358168602 0.025925925001502037
0 0.6880208253860474 0.0972222238779068 0.0031250000465661287 0.012962962500751019
0 0.6885416507720947 0.10046296566724777 0.0031250000465661287 0.012037036940455437
0 0.6869791746139526 0.11574073880910873 0.0031250000465661287 0.007407407276332378
0 0.6875 0.11342592537403107 0.0031250000465661287 0.012037036940455437
0 0.6875 0.11342592537403107 0.0031250000465661287 0.012037036940455437
0 0.6880208253860474 0.10879629850387573 0.0031250000465661287 0.012037036940455437
0 0.6869791746139526 0.11574073880910873 0.0031250000465661287 0.007407407276332378
0 0.6875 0.11342592537403107 0.0031250000465661287 0.012037036940455437
0 0.6880208253860474 0.10879629850387573 0.0031250000465661287 0.012037036940455437
0 0.6875 0.11342592537403107 0.0031250000465661287 0.012037036940455437
0 0.6875 0.11342592537403107 0.0031250000465661287 0.012037036940455437
0 0.6877604126930237 0.1120370402932167 0.0026041667442768812 0.009259259328246117
0 0.6880208253860474 0.10879629850387573 0.0031250000465661287 0.012037036940455437
0 0.6877604126930237 0.10879629850387573 0.0026041667442768812 0.012037036940455437
0 0.6875 0.1111111119389534 0.0031250000465661287 0.007407407276332378
0 0.6880208253860474 0.10879629850387573 0.0031250000465661287 0.012037036940455437
0 0.04192708432674408 0.10879629850387573 0.004687500186264515 0.012037036940455437
0 0.6869791746139526 0.11574073880910873 0.0031250000465661287 0.007407407276332378
0 0.01328125037252903 0.10787037014961243 0.004687500186264515 0.012037036940455437
0 0.02890625037252903 0.10879629850387573 0.004687500186264515 0.012037036940455437
0 0.7479166388511658 0.18703703582286835 0.0052083334885537624 0.018518518656492233
0 0.9520833492279053 0.2759259343147278 0.01145833358168602 0.025925925001502037
0 0.6880208253860474 0.10879629850387573 0.0031250000465661287 0.012037036940455437
0 0.6877604126930237 0.10879629850387573 0.0026041667442768812 0.012037036940455437
0 0.4229166805744171 0.2203703671693802 0.0031250000465661287 0.020370369777083397
0 0.6880208253860474 0.10601852089166641 0.0031250000465661287 0.012037036940455437
0 0.925000011920929 0.26435184478759766 0.00937500037252903 0.015740741044282913
1 0.6174479126930237 0.5092592835426331 0.06718750298023224 0.05740740895271301
1 0.6716145873069763 0.16296295821666718 0.015104166232049465 0.018518518656492233
1 0.3682291805744171 0.3027777671813965 0.02291666716337204 0.029629629105329514
1 0.8794270753860474 0.32870370149612427 0.0598958320915699 0.03703703731298447
