1 0.635937511920929 0.5981481671333313 0.08020833134651184 0.07037036865949631
1 0.6783854365348816 0.17175926268100739 0.01614583283662796 0.01944444514811039
1 0.35364583134651184 0.33379629254341125 0.02500000037252903 0.034259259700775146
1 0.917187511920929 0.3643518388271332 0.0677083358168602 0.0416666679084301
6 0.4000000059604645 0.3722222149372101 0.0072916666977107525 0.029629629105329514
1 0.7072916626930237 0.1310185194015503 0.012500000186264515 0.013888888992369175
1 0.699999988079071 0.1259259283542633 0.012500000186264515 0.012962962500751019
1 0.6812499761581421 0.25462964177131653 0.03020833246409893 0.024074073880910873
1 0.9039062261581421 0.28703704476356506 0.03802083432674408 0.035185184329748154
2 0.49609375 0.3462963104248047 0.0338541679084301 0.12222222238779068
8 0.6908854246139526 0.12175925821065903 0.006770833395421505 0.012037036940455437
7 0.5947916507720947 0.2671296298503876 0.01875000074505806 0.023148147389292717
2 0.667187511920929 0.11064814776182175 0.02916666679084301 0.034259259700775146
0 0.996874988079071 0.30092594027519226 0.0062500000931322575 0.02777777798473835
0 0.6963541507720947 0.09953703731298447 0.0031250000465661287 0.012037036940455437
0 0.6932291388511658 0.1041666641831398 0.0031250000465661287 0.012037036940455437
0 0.6916666626930237 0.12037037312984467 0.0031250000465661287 0.007407407276332378
0 0.6919270753860474 0.11759259551763535 0.0026041667442768812 0.012962962500751019
0 0.6919270753860474 0.11759259551763535 0.0026041667442768812 0.012962962500751019
0 0.692187488079071 0.11296296119689941 0.0031250000465661287 0.012962962500751019
0 0.6916666626930237 0.12037037312984467 0.0031250000465661287 0.007407407276332378
0 0.6919270753860474 0.11759259551763535 0.0026041667442768812 0.012962962500751019
0 0.692187488079071 0.11296296119689941 0.0031250000465661287 0.012962962500751019
0 0.6919270753860474 0.11759259551763535 0.0026041667442768812 0.012962962500751019
0 0.6919270753860474 0.11759259551763535 0.0026041667442768812 0.012962962500751019
0 0.6919270753860474 0.11620370298624039 0.0026041667442768812 0.008333333767950535
0 0.692187488079071 0.11296296119689941 0.0031250000465661287 0.012962962500751019
0 0.692187488079071 0.11342592537403107 0.0031250000465661287 0.012037036940455437
0 0.692187488079071 0.11574073880910873 0.0031250000465661287 0.007407407276332378
0 0.692187488079071 0.11296296119689941 0.0031250000465661287 0.012962962500751019
0 0.0234375 0.11342592537403107 0.0052083334885537624 0.012037036940455437
0 0.6916666626930237 0.12037037312984467 0.0031250000465661287 0.007407407276332378
0 0.0072916666977107525 0.11342592537403107 0.0052083334885537624 0.012037036940455437
0 0.7591145634651184 0.19768518209457397 0.00572916679084301 0.01944444514811039
0 0.359375 0.2421296238899231 0.0052083334885537624 0.023148147389292717
0 0.9864583611488342 0.2995370328426361 0.012500000186264515 0.028703704476356506
0 0.692187488079071 0.11296296119689941 0.0031250000465661287 0.012962962500751019
0 0.692187488079071 0.11342592537403107 0.0031250000465661287 0.012037036940455437
0 0.41718751192092896 0.2370370328426361 0.004166666883975267 0.02222222276031971
0 0.6927083134651184 0.1101851835846901 0.0031250000465661287 0.012962962500751019
0 0.9591146111488342 0.28796297311782837 0.010937499813735485 0.01666666753590107
1 0.635937511920929 0.5981481671333313 0.08020833134651184 0.07037036865949631
1 0.6783854365348816 0.17175926268100739 0.01614583283662796 0.01944444514811039
1 0.35364583134651184 0.33379629254341125 0.02500000037252903 0.034259259700775146
1 0.917187511920929 0.3643518388271332 0.0677083358168602 0.0416666679084301
