1 0.6791666746139526 0.7888888716697693 0.11041666567325592 0.10185185074806213
1 0.6924479007720947 0.1865740716457367 0.01822916604578495 0.021296296268701553
1 0.3309895694255829 0.3879629671573639 0.02968749962747097 0.040740739554166794
1 0.9742187261581421 0.4305555522441864 0.05156249925494194 0.05000000074505806
6 0.3828125 0.43888887763023376 0.00937500037252903 0.03703703731298447
1 0.7197916507720947 0.13935184478759766 0.01354166679084301 0.015740741044282913
1 0.7114583253860474 0.13379628956317902 0.01354166679084301 0.013888888992369175
1 0.6854166388511658 0.28518518805503845 0.03437500074505806 0.02777777798473835
1 0.9731770753860474 0.3384259343147278 0.0494791679084301 0.043518517166376114
2 0.4958333373069763 0.4097222089767456 0.04062499850988388 0.1509259194135666
8 0.7015625238418579 0.12916666269302368 0.0072916666977107525 0.012037036940455437
7 0.6065104007720947 0.30092594027519226 0.02135416679084301 0.025925925001502037
2 0.6773437261581421 0.11712963134050369 0.03072916716337204 0.03611111268401146
0 0.70703125 0.10740740597248077 0.0036458333488553762 0.012962962500751019
0 0.703906238079071 0.11064814776182175 0.0036458333488553762 0.013888888992369175
0 0.702343761920929 0.12731482088565826 0.0036458333488553762 0.008333333767950535
0 0.7026041746139526 0.125 0.0031250000465661287 0.012962962500751019
0 0.7026041746139526 0.125 0.0031250000465661287 0.012962962500751019
0 0.703125 0.11944444477558136 0.0031250000465661287 0.012962962500751019
0 0.702343761920929 0.12731482088565826 0.0036458333488553762 0.008333333767950535
0 0.7026041746139526 0.125 0.0031250000465661287 0.012962962500751019
0 0.703125 0.11944444477558136 0.0031250000465661287 0.012962962500751019
0 0.7026041746139526 0.125 0.0031250000465661287 0.012962962500751019
0 0.7026041746139526 0.125 0.0031250000465661287 0.012962962500751019
0 0.7026041746139526 0.12314815074205399 0.0031250000465661287 0.009259259328246117
0 0.703125 0.11944444477558136 0.0031250000465661287 0.012962962500751019
0 0.7028645873069763 0.12037037312984467 0.0036458333488553762 0.012962962500751019
0 0.7026041746139526 0.12268518656492233 0.0031250000465661287 0.008333333767950535
0 0.703125 0.11944444477558136 0.0031250000465661287 0.012962962500751019
0 0.0020833334419876337 0.11990740895271301 0.004166666883975267 0.012037036940455437
0 0.12526041269302368 0.26527777314186096 0.00989583320915699 0.02500000037252903
0 0.702343761920929 0.12731482088565826 0.0036458333488553762 0.008333333767950535
0 0.78125 0.21574074029922485 0.0062500000931322575 0.020370369777083397
0 0.33984375 0.27037036418914795 0.00572916679084301 0.025925925001502037
0 0.703125 0.11944444477558136 0.0031250000465661287 0.012962962500751019
0 0.7028645873069763 0.12037037312984467 0.0036458333488553762 0.012962962500751019
0 0.4111979305744171 0.26435184478759766 0.004687500186264515 0.02500000037252903
0 0.7033854126930237 0.11666666716337204 0.0036458333488553762 0.012962962500751019
0 0.6151041388511658 0.31203705072402954 0.0062500000931322575 0.029629629105329514
1 0.6794270873069763 0.7888888716697693 0.10989583283662796 0.10185185074806213
1 0.6924479007720947 0.1865740716457367 0.01822916604578495 0.021296296268701553
1 0.3309895694255829 0.3879629671573639 0.02968749962747097 0.040740739554166794
1 0.9742187261581421 0.4305555522441864 0.05156249925494194 0.05000000074505806
