1 0.6544271111488342 0.6800925731658936 0.09322916716337204 0.08425925672054291
1 0.6851562261581421 0.17870371043682098 0.01718750037252903 0.020370369777083397
1 0.34322917461395264 0.3583333194255829 0.02708333358168602 0.03703703731298447
1 0.9505208134651184 0.3949074149131775 0.07500000298023224 0.04537037014961243
6 0.3921875059604645 0.4027777910232544 0.008333333767950535 0.03333333507180214
1 0.7135416865348816 0.13518518209457397 0.01354166679084301 0.014814814552664757
1 0.7054687738418579 0.130092591047287 0.013020833022892475 0.013888888992369175
1 0.6833333373069763 0.2689814865589142 0.03229166567325592 0.02500000037252903
1 0.9356771111488342 0.31018519401550293 0.04322916641831398 0.03888889029622078
2 0.49609375 0.375 0.03697916492819786 0.13518518209457397
8 0.696093738079071 0.12546296417713165 0.006770833395421505 0.012037036940455437
7 0.6005208492279053 0.28333333134651184 0.01979166641831398 0.024074073880910873
2 0.6723958253860474 0.11388888955116272 0.03020833246409893 0.035185184329748154
0 0.7015625238418579 0.10185185074806213 0.0031250000465661287 0.012962962500751019
0 0.698437511920929 0.10740740597248077 0.0031250000465661287 0.012962962500751019
0 0.6968749761581421 0.12361110746860504 0.0031250000465661287 0.008333333767950535
0 0.6971353888511658 0.12129629403352737 0.0036458333488553762 0.012962962500751019
0 0.6971353888511658 0.12129629403352737 0.0036458333488553762 0.012962962500751019
0 0.6976562738418579 0.11574073880910873 0.0036458333488553762 0.012962962500751019
0 0.6968749761581421 0.12361110746860504 0.0031250000465661287 0.008333333767950535
0 0.6971353888511658 0.12129629403352737 0.0036458333488553762 0.012962962500751019
0 0.6976562738418579 0.11574073880910873 0.0036458333488553762 0.012962962500751019
0 0.6971353888511658 0.12129629403352737 0.0036458333488553762 0.012962962500751019
0 0.6971353888511658 0.12129629403352737 0.0036458333488553762 0.012962962500751019
0 0.6971353888511658 0.11990740895271301 0.0026041667442768812 0.008333333767950535
0 0.6976562738418579 0.11574073880910873 0.0036458333488553762 0.012962962500751019
0 0.6973958611488342 0.11666666716337204 0.0031250000465661287 0.012962962500751019
0 0.6973958611488342 0.11898148059844971 0.0031250000465661287 0.008333333767950535
0 0.6976562738418579 0.11574073880910873 0.0036458333488553762 0.012962962500751019
0 0.013020833022892475 0.11620370298624039 0.0052083334885537624 0.012037036940455437
0 0.6968749761581421 0.12361110746860504 0.0031250000465661287 0.008333333767950535
0 0.7697916626930237 0.20648148655891418 0.0062500000931322575 0.020370369777083397
0 0.6976562738418579 0.11620370298624039 0.0036458333488553762 0.012037036940455437
0 0.6973958611488342 0.11666666716337204 0.0031250000465661287 0.012962962500751019
0 0.41458332538604736 0.25 0.004166666883975267 0.024074073880910873
0 0.6979166865348816 0.11342592537403107 0.0031250000465661287 0.012037036940455437
0 0.9888020753860474 0.30694442987442017 0.01197916641831398 0.017592592164874077
1 0.6546875238418579 0.6800925731658936 0.09270833432674408 0.08425925672054291
1 0.6851562261581421 0.17870371043682098 0.01718750037252903 0.020370369777083397
1 0.34322917461395264 0.3583333194255829 0.02708333358168602 0.03703703731298447
1 0.9505208134651184 0.3949074149131775 0.07500000298023224 0.04537037014961243
