1 0.6468750238418579 0.645370364189148 0.08749999850988388 0.07777778059244156
1 0.682812511920929 0.17592592537403107 0.01666666753590107 0.020370369777083397
1 0.34765625 0.34861111640930176 0.02656250074505806 0.03611111268401146
1 0.9369791746139526 0.38240739703178406 0.07187499850988388 0.04444444552063942
6 0.3955729305744171 0.3898148238658905 0.0078125 0.031481482088565826
1 0.7111979126930237 0.13333334028720856 0.013020833022892475 0.014814814552664757
1 0.7033854126930237 0.12824073433876038 0.013020833022892475 0.013888888992369175
1 0.682812511920929 0.26342591643333435 0.03125 0.02500000037252903
1 0.9229166507720947 0.30092594027519226 0.04062499850988388 0.03703703731298447
2 0.4963541626930237 0.3629629611968994 0.03541666641831398 0.12962962687015533
8 0.6940104365348816 0.1240740716457367 0.006770833395421505 0.011111111380159855
7 0.598437488079071 0.2768518626689911 0.01979166641831398 0.024074073880910873
2 0.6705729365348816 0.11249999701976776 0.02968749962747097 0.034259259700775146
0 0.6994791626930237 0.10092592239379883 0.0031250000465661287 0.012962962500751019
0 0.6966145634651184 0.10601852089166641 0.0036458333488553762 0.012037036940455437
0 0.6947916746139526 0.12222222238779068 0.0031250000465661287 0.007407407276332378
0 0.6953125 0.11944444477558136 0.0031250000465661287 0.012962962500751019
0 0.6953125 0.11944444477558136 0.0031250000465661287 0.012962962500751019
0 0.6958333253860474 0.11481481790542603 0.0031250000465661287 0.012962962500751019
0 0.6947916746139526 0.12222222238779068 0.0031250000465661287 0.007407407276332378
0 0.6953125 0.11944444477558136 0.0031250000465661287 0.012962962500751019
0 0.6958333253860474 0.11481481790542603 0.0031250000465661287 0.012962962500751019
0 0.6953125 0.11944444477558136 0.0031250000465661287 0.012962962500751019
0 0.6953125 0.11944444477558136 0.0031250000465661287 0.012962962500751019
0 0.6953125 0.11851851642131805 0.0031250000465661287 0.009259259328246117
0 0.6958333253860474 0.11481481790542603 0.0031250000465661287 0.012962962500751019
0 0.6958333253860474 0.11527777463197708 0.0031250000465661287 0.012037036940455437
0 0.6953125 0.11759259551763535 0.0031250000465661287 0.007407407276332378
0 0.6958333253860474 0.11481481790542603 0.0031250000465661287 0.012962962500751019
0 0.01718750037252903 0.11527777463197708 0.0052083334885537624 0.012037036940455437
0 0.6947916746139526 0.12222222238779068 0.0031250000465661287 0.007407407276332378
0 0.0010416667209938169 0.11527777463197708 0.0020833334419876337 0.012037036940455437
0 0.765625 0.20324073731899261 0.0062500000931322575 0.01944444514811039
0 0.9989583492279053 0.3106481432914734 0.0020833334419876337 0.028703704476356506
0 0.6958333253860474 0.11481481790542603 0.0031250000465661287 0.012962962500751019
0 0.6958333253860474 0.11527777463197708 0.0031250000465661287 0.012037036940455437
0 0.4156250059604645 0.244907408952713 0.004166666883975267 0.023148147389292717
0 0.6958333253860474 0.1120370402932167 0.0031250000465661287 0.012962962500751019
0 0.9770833253860474 0.29907408356666565 0.01145833358168602 0.01666666753590107
1 0.6468750238418579 0.6458333134651184 0.08749999850988388 0.07870370149612427
1 0.682812511920929 0.17592592537403107 0.01666666753590107 0.020370369777083397
1 0.34765625 0.34861111640930176 0.02656250074505806 0.03611111268401146
1 0.9369791746139526 0.38240739703178406 0.07187499850988388 0.04444444552063942
