1 0.6684895753860474 0.7412037253379822 0.10260416567325592 0.09351851791143417
1 0.6895833611488342 0.18333333730697632 0.01770833320915699 0.020370369777083397
1 0.3361979126930237 0.375 0.02864583395421505 0.03888889029622078
1 0.9666666388511658 0.41527777910232544 0.06666667014360428 0.049074072390794754
6 0.3869791626930237 0.42314815521240234 0.00937500037252903 0.035185184329748154
1 0.7171875238418579 0.1379629671573639 0.01354166679084301 0.014814814552664757
1 0.7091146111488342 0.1319444477558136 0.013020833022892475 0.013888888992369175
1 0.684374988079071 0.27824074029922485 0.03333333507180214 0.026851851493120193
1 0.9572916626930237 0.3263888955116272 0.046875 0.0416666679084301
2 0.49609375 0.3949074149131775 0.0390625 0.14351852238178253
8 0.6994791626930237 0.12777778506278992 0.0072916666977107525 0.012962962500751019
7 0.6041666865348816 0.29398149251937866 0.02083333395421505 0.02500000037252903
2 0.6755208373069763 0.11574073880910873 0.03020833246409893 0.035185184329748154
0 0.7046874761581421 0.10462962836027145 0.0031250000465661287 0.012962962500751019
0 0.7015625238418579 0.10925926268100739 0.0031250000465661287 0.012962962500751019
0 0.699999988079071 0.12546296417713165 0.0031250000465661287 0.008333333767950535
0 0.7002604007720947 0.12314815074205399 0.0036458333488553762 0.012962962500751019
0 0.7002604007720947 0.12314815074205399 0.0036458333488553762 0.012962962500751019
0 0.7007812261581421 0.11851851642131805 0.0036458333488553762 0.012962962500751019
0 0.699999988079071 0.1259259283542633 0.0031250000465661287 0.007407407276332378
0 0.7002604007720947 0.12314815074205399 0.0036458333488553762 0.012962962500751019
0 0.7007812261581421 0.11851851642131805 0.0036458333488553762 0.012962962500751019
0 0.7002604007720947 0.12314815074205399 0.0036458333488553762 0.012962962500751019
0 0.7002604007720947 0.12314815074205399 0.0036458333488553762 0.012962962500751019
0 0.7005208134651184 0.12222222238779068 0.0031250000465661287 0.009259259328246117
0 0.7007812261581421 0.11851851642131805 0.0036458333488553762 0.012962962500751019
0 0.7007812261581421 0.11851851642131805 0.0036458333488553762 0.012962962500751019
0 0.7005208134651184 0.12129629403352737 0.0031250000465661287 0.007407407276332378
0 0.7007812261581421 0.11851851642131805 0.0036458333488553762 0.012962962500751019
0 0.1341145783662796 0.25925925374031067 0.008854166604578495 0.024074073880910873
0 0.699999988079071 0.12546296417713165 0.0031250000465661287 0.008333333767950535
0 0.776562511920929 0.21203704178333282 0.0062500000931322575 0.020370369777083397
0 0.34427082538604736 0.26435184478759766 0.0052083334885537624 0.02500000037252903
0 0.7007812261581421 0.11851851642131805 0.0036458333488553762 0.012962962500751019
0 0.7007812261581421 0.11851851642131805 0.0036458333488553762 0.012962962500751019
0 0.4124999940395355 0.25833332538604736 0.004166666883975267 0.024074073880910873
0 0.7010416388511658 0.11574073880910873 0.0031250000465661287 0.012962962500751019
0 0.6127604246139526 0.3037036955356598 0.00572916679084301 0.02777777798473835
1 0.6684895753860474 0.7412037253379822 0.10260416567325592 0.09351851791143417
1 0.6895833611488342 0.18333333730697632 0.01770833320915699 0.020370369777083397
1 0.3361979126930237 0.375 0.02864583395421505 0.03888889029622078
1 0.9666666388511658 0.41527777910232544 0.06666667014360428 0.049074072390794754
