1 0.6588541865348816 0.6990740895271301 0.09583333134651184 0.08703703433275223
1 0.686718761920929 0.1805555522441864 0.01718750037252903 0.020370369777083397
1 0.3408854305744171 0.3638888895511627 0.02760416641831398 0.03703703731298447
1 0.957812488079071 0.4009259343147278 0.07604166865348816 0.046296294778585434
6 0.390625 0.4087963104248047 0.008333333767950535 0.034259259700775146
1 0.71484375 0.13611111044883728 0.013020833022892475 0.014814814552664757
1 0.7065104246139526 0.1310185194015503 0.013020833022892475 0.013888888992369175
1 0.68359375 0.27222222089767456 0.03281249850988388 0.025925925001502037
1 0.9424479007720947 0.3152777850627899 0.0442708320915699 0.03981481492519379
2 0.4958333373069763 0.38148146867752075 0.03750000149011612 0.13703703880310059
8 0.6971353888511658 0.12638889253139496 0.006770833395421505 0.012037036940455437
7 0.6015625 0.2865740656852722 0.01979166641831398 0.02500000037252903
2 0.6734374761581421 0.11481481790542603 0.03020833246409893 0.035185184329748154
0 0.7026041746139526 0.10277777910232544 0.0031250000465661287 0.012962962500751019
0 0.6994791626930237 0.10833333432674408 0.0031250000465661287 0.012962962500751019
0 0.6979166865348816 0.1240740716457367 0.0031250000465661287 0.007407407276332378
0 0.6981770992279053 0.12129629403352737 0.0036458333488553762 0.012962962500751019
0 0.6981770992279053 0.12129629403352737 0.0036458333488553762 0.012962962500751019
0 0.698437511920929 0.11666666716337204 0.0031250000465661287 0.012962962500751019
0 0.6979166865348816 0.12453703582286835 0.0031250000465661287 0.008333333767950535
0 0.6981770992279053 0.12129629403352737 0.0036458333488553762 0.012962962500751019
0 0.698437511920929 0.11666666716337204 0.0031250000465661287 0.012962962500751019
0 0.6981770992279053 0.12129629403352737 0.0036458333488553762 0.012962962500751019
0 0.6981770992279053 0.12175925821065903 0.0036458333488553762 0.012037036940455437
0 0.6981770992279053 0.12037037312984467 0.0026041667442768812 0.009259259328246117
0 0.698437511920929 0.11666666716337204 0.0031250000465661287 0.012962962500751019
0 0.698437511920929 0.11759259551763535 0.0031250000465661287 0.012962962500751019
0 0.698437511920929 0.11990740895271301 0.0031250000465661287 0.008333333767950535
0 0.698437511920929 0.11666666716337204 0.0031250000465661287 0.012962962500751019
0 0.6979166865348816 0.1240740716457367 0.0031250000465661287 0.007407407276332378
0 0.7718750238418579 0.2083333283662796 0.0062500000931322575 0.020370369777083397
0 0.698437511920929 0.11666666716337204 0.0031250000465661287 0.012962962500751019
0 0.698437511920929 0.11759259551763535 0.0031250000465661287 0.012962962500751019
0 0.4140625 0.2527777850627899 0.004166666883975267 0.024074073880910873
0 0.6989583373069763 0.11388888955116272 0.0031250000465661287 0.012962962500751019
0 0.9945312738418579 0.31111112236976624 0.010937499813735485 0.018518518656492233
1 0.6588541865348816 0.6990740895271301 0.09583333134651184 0.08703703433275223
1 0.686718761920929 0.1805555522441864 0.01718750037252903 0.020370369777083397
1 0.3408854305744171 0.3638888895511627 0.02760416641831398 0.03703703731298447
1 0.957812488079071 0.4009259343147278 0.07604166865348816 0.046296294778585434
