1 0.6739583611488342 0.7643518447875977 0.10625000298023224 0.0972222238779068
1 0.6911458373069763 0.18472221493721008 0.01770833320915699 0.021296296268701553
1 0.33385416865348816 0.3810185194015503 0.02916666679084301 0.03981481492519379
1 0.9705728888511658 0.4226851761341095 0.05885416641831398 0.049074072390794754
6 0.38489583134651184 0.43101853132247925 0.00937500037252903 0.03611111268401146
1 0.71875 0.13842593133449554 0.01354166679084301 0.015740741044282913
1 0.710156261920929 0.1328703761100769 0.013020833022892475 0.013888888992369175
1 0.6848958134651184 0.2819444537162781 0.03333333507180214 0.026851851493120193
1 0.9651041626930237 0.3324074149131775 0.04791666567325592 0.04259259253740311
2 0.4958333373069763 0.40231481194496155 0.03958333283662796 0.14722222089767456
8 0.7005208134651184 0.12824073433876038 0.0072916666977107525 0.012037036940455437
7 0.6052083373069763 0.2976851761341095 0.02083333395421505 0.02500000037252903
2 0.676562488079071 0.11666666716337204 0.03020833246409893 0.035185184329748154
0 0.7057291865348816 0.10601852089166641 0.0031250000465661287 0.013888888992369175
0 0.7028645873069763 0.1101851835846901 0.0036458333488553762 0.012962962500751019
0 0.7010416388511658 0.12638889253139496 0.0031250000465661287 0.008333333767950535
0 0.7013021111488342 0.1240740716457367 0.0036458333488553762 0.012962962500751019
0 0.7013021111488342 0.1240740716457367 0.0036458333488553762 0.012962962500751019
0 0.7018229365348816 0.11851851642131805 0.0036458333488553762 0.012962962500751019
0 0.7010416388511658 0.12638889253139496 0.0031250000465661287 0.008333333767950535
0 0.7013021111488342 0.1240740716457367 0.0036458333488553762 0.012962962500751019
0 0.7018229365348816 0.11851851642131805 0.0036458333488553762 0.012962962500751019
0 0.7013021111488342 0.1240740716457367 0.0036458333488553762 0.012962962500751019
0 0.7013021111488342 0.1240740716457367 0.0036458333488553762 0.012962962500751019
0 0.7015625238418579 0.12222222238779068 0.0031250000465661287 0.009259259328246117
0 0.7018229365348816 0.11851851642131805 0.0036458333488553762 0.012962962500751019
0 0.7018229365348816 0.11944444477558136 0.0036458333488553762 0.012962962500751019
0 0.7015625238418579 0.12175925821065903 0.0031250000465661287 0.008333333767950535
0 0.7018229365348816 0.11851851642131805 0.0036458333488553762 0.012962962500751019
0 0.00390625 0.11898148059844971 0.00572916679084301 0.012037036940455437
0 0.12968750298023224 0.2620370388031006 0.00937500037252903 0.024074073880910873
0 0.7010416388511658 0.12638889253139496 0.0031250000465661287 0.008333333767950535
0 0.7786458134651184 0.21388888359069824 0.0062500000931322575 0.020370369777083397
0 0.34192708134651184 0.2671296298503876 0.00572916679084301 0.02500000037252903
0 0.7018229365348816 0.11851851642131805 0.0036458333488553762 0.012962962500751019
0 0.7018229365348816 0.11944444477558136 0.0036458333488553762 0.012962962500751019
0 0.41197916865348816 0.2611111104488373 0.004166666883975267 0.024074073880910873
0 0.7020833492279053 0.11620370298624039 0.0031250000465661287 0.013888888992369175
0 0.614062488079071 0.30787035822868347 0.0062500000931322575 0.028703704476356506
1 0.6739583611488342 0.7648147940635681 0.10625000298023224 0.09814814478158951
1 0.6911458373069763 0.18472221493721008 0.01770833320915699 0.021296296268701553
1 0.33385416865348816 0.3810185194015503 0.02916666679084301 0.03981481492519379
1 0.9705728888511658 0.4226851761341095 0.05885416641831398 0.049074072390794754
