1 0.7135416865348816 0.9365741014480591 0.1354166716337204 0.1268518567085266
1 0.7005208134651184 0.1944444477558136 0.01875000074505806 0.02222222276031971
1 0.3166666626930237 0.4217592477798462 0.03229166567325592 0.04537037014961243
6 0.3721354305744171 0.48148149251937866 0.010937499813735485 0.040740739554166794
1 0.7265625 0.14398148655891418 0.014583333395421505 0.015740741044282913
1 0.7174479365348816 0.1379629671573639 0.01406249962747097 0.014814814552664757
1 0.6877604126930237 0.30324074625968933 0.03593749925494194 0.028703704476356506
1 0.9945312738418579 0.3708333373069763 0.010937499813735485 0.049074072390794754
2 0.49531251192092896 0.4513888955116272 0.04479166492819786 0.16944444179534912
8 0.7072916626930237 0.13333334028720856 0.0072916666977107525 0.012962962500751019
7 0.6135416626930237 0.32175925374031067 0.02291666716337204 0.026851851493120193
2 0.6825520992279053 0.12083332985639572 0.03177083283662796 0.037962961941957474
0 0.715624988079071 0.10972221940755844 0.0031250000465661287 0.013888888992369175
0 0.7096354365348816 0.11435185372829437 0.0036458333488553762 0.013888888992369175
0 0.707812488079071 0.1310185194015503 0.0031250000465661287 0.008333333767950535
0 0.7080729007720947 0.12824073433876038 0.0036458333488553762 0.013888888992369175
0 0.7080729007720947 0.12824073433876038 0.0036458333488553762 0.013888888992369175
0 0.7085937261581421 0.12314815074205399 0.0036458333488553762 0.012962962500751019
0 0.707812488079071 0.1310185194015503 0.0031250000465661287 0.008333333767950535
0 0.7080729007720947 0.12824073433876038 0.0036458333488553762 0.013888888992369175
0 0.7085937261581421 0.12314815074205399 0.0036458333488553762 0.012962962500751019
0 0.7080729007720947 0.12824073433876038 0.0036458333488553762 0.013888888992369175
0 0.7080729007720947 0.12824073433876038 0.0036458333488553762 0.013888888992369175
0 0.7083333134651184 0.1268518567085266 0.0031250000465661287 0.009259259328246117
0 0.7085937261581421 0.12314815074205399 0.0036458333488553762 0.012962962500751019
0 0.7085937261581421 0.1240740716457367 0.0036458333488553762 0.012962962500751019
0 0.7083333134651184 0.12638889253139496 0.0031250000465661287 0.008333333767950535
0 0.7085937261581421 0.12314815074205399 0.0036458333488553762 0.012962962500751019
0 0.10208333283662796 0.28101852536201477 0.010416666977107525 0.026851851493120193
0 0.707812488079071 0.1310185194015503 0.0031250000465661287 0.008333333767950535
0 0.7934895753860474 0.22592592239379883 0.006770833395421505 0.02222222276031971
0 0.328125 0.2865740656852722 0.0062500000931322575 0.026851851493120193
0 0.7085937261581421 0.12314815074205399 0.0036458333488553762 0.012962962500751019
0 0.7085937261581421 0.1240740716457367 0.0036458333488553762 0.012962962500751019
0 0.4078125059604645 0.28009259700775146 0.0052083334885537624 0.026851851493120193
0 0.7091146111488342 0.12037037312984467 0.0036458333488553762 0.012962962500751019
0 0.6205729246139526 0.33472222089767456 0.006770833395421505 0.03055555559694767
1 0.7135416865348816 0.9365741014480591 0.1354166716337204 0.1268518567085266
1 0.7005208134651184 0.1944444477558136 0.01875000074505806 0.02222222276031971
1 0.3166666626930237 0.4217592477798462 0.03229166567325592 0.04537037014961243
