1 0.7072916626930237 0.20185184478759766 0.01979166641831398 0.024074073880910873
1 0.3033854067325592 0.4532407522201538 0.03489583358168602 0.049074072390794754
6 0.36119791865348816 0.5222222208976746 0.01197916641831398 0.046296294778585434
1 0.7320312261581421 0.14814814925193787 0.015104166232049465 0.01666666753590107
1 0.7229166626930237 0.14212962985038757 0.014583333395421505 0.015740741044282913
1 0.6898437738418579 0.31990739703178406 0.03802083432674408 0.03055555559694767
2 0.4947916567325592 0.49074074625968933 0.04895833507180214 0.18703703582286835
8 0.7119791507720947 0.13703703880310059 0.0072916666977107525 0.012962962500751019
7 0.6200520992279053 0.3402777910232544 0.02447916753590107 0.028703704476356506
2 0.6872395873069763 0.1240740716457367 0.03281249850988388 0.03888889029622078
0 0.7205728888511658 0.11157407611608505 0.0036458333488553762 0.013888888992369175
0 0.7143229246139526 0.11712963134050369 0.0036458333488553762 0.013888888992369175
0 0.7127603888511658 0.13472221791744232 0.0036458333488553762 0.008333333767950535
0 0.7127603888511658 0.1319444477558136 0.0036458333488553762 0.013888888992369175
0 0.7127603888511658 0.1319444477558136 0.0036458333488553762 0.013888888992369175
0 0.7132812738418579 0.12638889253139496 0.0036458333488553762 0.013888888992369175
0 0.7127603888511658 0.13472221791744232 0.0036458333488553762 0.008333333767950535
0 0.7127603888511658 0.1319444477558136 0.0036458333488553762 0.013888888992369175
0 0.7132812738418579 0.12638889253139496 0.0036458333488553762 0.013888888992369175
0 0.7127603888511658 0.1319444477558136 0.0036458333488553762 0.013888888992369175
0 0.7127603888511658 0.1319444477558136 0.0036458333488553762 0.013888888992369175
0 0.7130208611488342 0.13055555522441864 0.0031250000465661287 0.009259259328246117
0 0.7132812738418579 0.12638889253139496 0.0036458333488553762 0.013888888992369175
0 0.7132812738418579 0.12731482088565826 0.0036458333488553762 0.013888888992369175
0 0.7132812738418579 0.12962962687015533 0.0036458333488553762 0.009259259328246117
0 0.7132812738418579 0.12638889253139496 0.0036458333488553762 0.013888888992369175
0 0.08124999701976776 0.2953703701496124 0.01145833358168602 0.02777777798473835
0 0.7127603888511658 0.13472221791744232 0.0036458333488553762 0.008333333767950535
0 0.8041666746139526 0.23472222685813904 0.0072916666977107525 0.023148147389292717
0 0.3174479305744171 0.3018518388271332 0.006770833395421505 0.02777777798473835
0 0.7132812738418579 0.12638889253139496 0.0036458333488553762 0.013888888992369175
0 0.7132812738418579 0.12731482088565826 0.0036458333488553762 0.013888888992369175
0 0.7593749761581421 0.19583334028720856 0.0052083334885537624 0.01944444514811039
0 0.4046874940395355 0.2944444417953491 0.0052083334885537624 0.02777777798473835
0 0.7138020992279053 0.12361110746860504 0.0036458333488553762 0.013888888992369175
0 0.6260416507720947 0.3550925850868225 0.0072916666977107525 0.032407406717538834
1 0.7072916626930237 0.20185184478759766 0.01979166641831398 0.024074073880910873
1 0.3033854067325592 0.4532407522201538 0.03489583358168602 0.049074072390794754
