1 0.698437511920929 0.8722222447395325 0.12395833432674408 0.11666666716337204
1 0.6973958611488342 0.19166666269302368 0.01875000074505806 0.02222222276031971
1 0.3229166567325592 0.4069444537162781 0.03125 0.043518517166376114
6 0.3765625059604645 0.4634259343147278 0.010416666977107525 0.03981481492519379
1 0.7236979007720947 0.14212962985038757 0.01406249962747097 0.015740741044282913
1 0.7151041626930237 0.13657407462596893 0.01354166679084301 0.013888888992369175
1 0.686718761920929 0.2958333194255829 0.03489583358168602 0.028703704476356506
1 0.9859374761581421 0.3569444417953491 0.02812499925494194 0.04722222313284874
2 0.49557292461395264 0.4333333373069763 0.04322916641831398 0.16111111640930176
8 0.7049478888511658 0.13148148357868195 0.0078125 0.012962962500751019
7 0.6106770634651184 0.3134259283542633 0.02239583246409893 0.026851851493120193
2 0.680468738079071 0.11944444477558136 0.03177083283662796 0.03703703731298447
0 0.7132812738418579 0.10925926268100739 0.0036458333488553762 0.012962962500751019
0 0.7072916626930237 0.11249999701976776 0.0031250000465661287 0.013888888992369175
0 0.7054687738418579 0.12916666269302368 0.0036458333488553762 0.008333333767950535
0 0.7057291865348816 0.1268518567085266 0.0031250000465661287 0.012962962500751019
0 0.7057291865348816 0.1268518567085266 0.0031250000465661287 0.012962962500751019
0 0.7065104246139526 0.12175925821065903 0.0036458333488553762 0.013888888992369175
0 0.7054687738418579 0.12962962687015533 0.0036458333488553762 0.007407407276332378
0 0.7057291865348816 0.1268518567085266 0.0031250000465661287 0.012962962500751019
0 0.7065104246139526 0.12175925821065903 0.0036458333488553762 0.013888888992369175
0 0.7057291865348816 0.1268518567085266 0.0031250000465661287 0.012962962500751019
0 0.7057291865348816 0.1268518567085266 0.0031250000465661287 0.012962962500751019
0 0.7059895992279053 0.1259259283542633 0.0026041667442768812 0.009259259328246117
0 0.7065104246139526 0.12175925821065903 0.0036458333488553762 0.013888888992369175
0 0.706250011920929 0.12222222238779068 0.0031250000465661287 0.012962962500751019
0 0.7059895992279053 0.12453703582286835 0.0036458333488553762 0.008333333767950535
0 0.7065104246139526 0.12175925821065903 0.0036458333488553762 0.013888888992369175
0 0.7054687738418579 0.12916666269302368 0.0036458333488553762 0.008333333767950535
0 0.788281261920929 0.22175925970077515 0.006770833395421505 0.021296296268701553
0 0.3330729305744171 0.28009259700775146 0.00572916679084301 0.026851851493120193
0 0.7065104246139526 0.12175925821065903 0.0036458333488553762 0.013888888992369175
0 0.706250011920929 0.12222222238779068 0.0031250000465661287 0.012962962500751019
0 0.4091145694255829 0.27314814925193787 0.004687500186264515 0.025925925001502037
0 0.7065104246139526 0.11898148059844971 0.0036458333488553762 0.013888888992369175
0 0.6184895634651184 0.3254629671573639 0.006770833395421505 0.03055555559694767
1 0.698437511920929 0.8722222447395325 0.12395833432674408 0.11666666716337204
1 0.6973958611488342 0.19166666269302368 0.01875000074505806 0.02222222276031971
1 0.3229166567325592 0.4069444537162781 0.03125 0.043518517166376114
