1 0.7057291865348816 0.9041666388511658 0.12916666269302368 0.12314815074205399
1 0.6989583373069763 0.19305555522441864 0.01875000074505806 0.023148147389292717
1 0.31979167461395264 0.4138889014720917 0.03125 0.04444444552063942
6 0.37421876192092896 0.4722222089767456 0.010937499813735485 0.040740739554166794
1 0.7252604365348816 0.14305555820465088 0.01406249962747097 0.015740741044282913
1 0.7164062261581421 0.13750000298023224 0.01406249962747097 0.013888888992369175
1 0.6872395873069763 0.2995370328426361 0.03593749925494194 0.028703704476356506
1 0.9901041388511658 0.3638888895511627 0.01979166641831398 0.04814814776182175
2 0.49557292461395264 0.442592591047287 0.0442708320915699 0.1648148149251938
8 0.7059895992279053 0.13240741193294525 0.0078125 0.012962962500751019
7 0.6122395992279053 0.31712964177131653 0.02239583246409893 0.026851851493120193
2 0.6815103888511658 0.12037037312984467 0.03177083283662796 0.03703703731298447
0 0.7143229246139526 0.10925926268100739 0.0036458333488553762 0.012962962500751019
0 0.7085937261581421 0.11342592537403107 0.0036458333488553762 0.013888888992369175
0 0.7065104246139526 0.130092591047287 0.0036458333488553762 0.008333333767950535
0 0.70703125 0.12777778506278992 0.0036458333488553762 0.012962962500751019
0 0.70703125 0.12777778506278992 0.0036458333488553762 0.012962962500751019
0 0.7075520753860474 0.12268518656492233 0.0036458333488553762 0.013888888992369175
0 0.7065104246139526 0.130092591047287 0.0036458333488553762 0.008333333767950535
0 0.70703125 0.12777778506278992 0.0036458333488553762 0.012962962500751019
0 0.7075520753860474 0.12268518656492233 0.0036458333488553762 0.013888888992369175
0 0.70703125 0.12777778506278992 0.0036458333488553762 0.012962962500751019
0 0.70703125 0.12777778506278992 0.0036458333488553762 0.012962962500751019
0 0.7072916626930237 0.12638889253139496 0.0031250000465661287 0.010185184888541698
0 0.7075520753860474 0.12268518656492233 0.0036458333488553762 0.013888888992369175
0 0.7075520753860474 0.12314815074205399 0.0036458333488553762 0.012962962500751019
0 0.70703125 0.12546296417713165 0.0036458333488553762 0.008333333767950535
0 0.7075520753860474 0.12268518656492233 0.0036458333488553762 0.013888888992369175
0 0.7065104246139526 0.130092591047287 0.0036458333488553762 0.008333333767950535
0 0.7908853888511658 0.22361111640930176 0.006770833395421505 0.021296296268701553
0 0.3307291567325592 0.28333333134651184 0.0062500000931322575 0.025925925001502037
0 0.7075520753860474 0.12268518656492233 0.0036458333488553762 0.013888888992369175
0 0.7075520753860474 0.12314815074205399 0.0036458333488553762 0.012962962500751019
0 0.4085937440395355 0.2768518626689911 0.004687500186264515 0.025925925001502037
0 0.707812488079071 0.11990740895271301 0.0031250000465661287 0.013888888992369175
0 0.6195312738418579 0.33009257912635803 0.006770833395421505 0.03055555559694767
1 0.7057291865348816 0.9041666388511658 0.12916666269302368 0.12314815074205399
1 0.6989583373069763 0.19305555522441864 0.01875000074505806 0.023148147389292717
1 0.31979167461395264 0.4138889014720917 0.03125 0.04444444552063942
