1 0.6854166388511658 0.8148148059844971 0.1145833358168602 0.10740740597248077
1 0.6940104365348816 0.18796296417713165 0.01822916604578495 0.02222222276031971
1 0.3283854126930237 0.3939814865589142 0.02968749962747097 0.0416666679084301
6 0.38098958134651184 0.44675925374031067 0.00989583320915699 0.037962961941957474
1 0.7210937738418579 0.14027777314186096 0.01406249962747097 0.015740741044282913
1 0.7124999761581421 0.13472221791744232 0.01354166679084301 0.013888888992369175
1 0.6859375238418579 0.2888889014720917 0.03437500074505806 0.02777777798473835
1 0.9781249761581421 0.3444444537162781 0.04374999925494194 0.04444444552063942
2 0.49557292461395264 0.4175925850868225 0.04114583507180214 0.1537037044763565
8 0.7026041746139526 0.130092591047287 0.0072916666977107525 0.012037036940455437
7 0.6080729365348816 0.30509260296821594 0.02135416679084301 0.026851851493120193
2 0.6783854365348816 0.1180555522441864 0.03072916716337204 0.03611111268401146
0 0.7080729007720947 0.10879629850387573 0.0036458333488553762 0.013888888992369175
0 0.7049478888511658 0.1111111119389534 0.0036458333488553762 0.012962962500751019
0 0.7033854126930237 0.12824073433876038 0.0036458333488553762 0.008333333767950535
0 0.7036458253860474 0.125 0.0031250000465661287 0.012962962500751019
0 0.7036458253860474 0.125 0.0031250000465661287 0.012962962500751019
0 0.7041666507720947 0.12037037312984467 0.0031250000465661287 0.012962962500751019
0 0.7033854126930237 0.12824073433876038 0.0036458333488553762 0.008333333767950535
0 0.7036458253860474 0.125 0.0031250000465661287 0.012962962500751019
0 0.7041666507720947 0.12037037312984467 0.0031250000465661287 0.012962962500751019
0 0.7036458253860474 0.125 0.0031250000465661287 0.012962962500751019
0 0.7036458253860474 0.125 0.0031250000465661287 0.012962962500751019
0 0.7036458253860474 0.1240740716457367 0.0031250000465661287 0.009259259328246117
0 0.7041666507720947 0.12037037312984467 0.0031250000465661287 0.012962962500751019
0 0.7041666507720947 0.12083332985639572 0.0031250000465661287 0.013888888992369175
0 0.703906238079071 0.12361110746860504 0.0036458333488553762 0.008333333767950535
0 0.7041666507720947 0.12037037312984467 0.0031250000465661287 0.012962962500751019
0 0.7033854126930237 0.12824073433876038 0.0036458333488553762 0.008333333767950535
0 0.7835937738418579 0.21759259700775146 0.006770833395421505 0.020370369777083397
0 0.33776041865348816 0.27314814925193787 0.00572916679084301 0.025925925001502037
0 0.7041666507720947 0.12037037312984467 0.0031250000465661287 0.012962962500751019
0 0.7041666507720947 0.12083332985639572 0.0031250000465661287 0.013888888992369175
0 0.41067707538604736 0.2671296298503876 0.004687500186264515 0.02500000037252903
0 0.7044270634651184 0.11759259551763535 0.0036458333488553762 0.012962962500751019
0 0.6161458492279053 0.3166666626930237 0.0062500000931322575 0.029629629105329514
1 0.6854166388511658 0.8148148059844971 0.1145833358168602 0.10740740597248077
1 0.6940104365348816 0.18796296417713165 0.01822916604578495 0.02222222276031971
1 0.3283854126930237 0.3939814865589142 0.02968749962747097 0.0416666679084301
