1 0.7106770873069763 0.20555555820465088 0.02031249925494194 0.024074073880910873
1 0.2966145873069763 0.46990740299224854 0.03593749925494194 0.05277777835726738
6 0.3557291626930237 0.5444444417953491 0.01354166679084301 0.04814814776182175
1 0.735156238079071 0.15000000596046448 0.015104166232049465 0.01666666753590107
1 0.7255208492279053 0.14398148655891418 0.014583333395421505 0.015740741044282913
1 0.6908854246139526 0.3282407522201538 0.0390625 0.032407406717538834
2 0.4945312440395355 0.5120370388031006 0.05156249925494194 0.19814814627170563
8 0.7143229246139526 0.13842593133449554 0.0078125 0.013888888992369175
7 0.6239583492279053 0.3490740656852722 0.02500000037252903 0.029629629105329514
2 0.6895833611488342 0.1259259283542633 0.03333333507180214 0.03888889029622078
0 0.7231770753860474 0.11342592537403107 0.0036458333488553762 0.013888888992369175
0 0.7169271111488342 0.1180555522441864 0.0036458333488553762 0.013888888992369175
0 0.71484375 0.13564814627170563 0.0036458333488553762 0.008333333767950535
0 0.7153645753860474 0.1328703761100769 0.0036458333488553762 0.013888888992369175
0 0.7153645753860474 0.1328703761100769 0.0036458333488553762 0.013888888992369175
0 0.7158854007720947 0.12824073433876038 0.0036458333488553762 0.013888888992369175
0 0.71484375 0.13611111044883728 0.0036458333488553762 0.009259259328246117
0 0.7153645753860474 0.1328703761100769 0.0036458333488553762 0.013888888992369175
0 0.7158854007720947 0.12824073433876038 0.0036458333488553762 0.013888888992369175
0 0.7153645753860474 0.1328703761100769 0.0036458333488553762 0.013888888992369175
0 0.7153645753860474 0.1328703761100769 0.0036458333488553762 0.013888888992369175
0 0.7151041626930237 0.1319444477558136 0.0031250000465661287 0.010185184888541698
0 0.7158854007720947 0.12824073433876038 0.0036458333488553762 0.013888888992369175
0 0.7158854007720947 0.12824073433876038 0.0036458333488553762 0.013888888992369175
0 0.7153645753860474 0.1310185194015503 0.0036458333488553762 0.008333333767950535
0 0.7158854007720947 0.12824073433876038 0.0036458333488553762 0.013888888992369175
0 0.07057292014360428 0.3027777671813965 0.01197916641831398 0.02777777798473835
0 0.71484375 0.13564814627170563 0.0036458333488553762 0.008333333767950535
0 0.8098958134651184 0.23935185372829437 0.0072916666977107525 0.023148147389292717
0 0.3122395873069763 0.3092592656612396 0.006770833395421505 0.02777777798473835
0 0.7158854007720947 0.12824073433876038 0.0036458333488553762 0.013888888992369175
0 0.7158854007720947 0.12824073433876038 0.0036458333488553762 0.013888888992369175
0 0.7638021111488342 0.19953703880310059 0.00572916679084301 0.01944444514811039
0 0.40312498807907104 0.3018518388271332 0.0052083334885537624 0.02777777798473835
0 0.7158854007720947 0.12546296417713165 0.0036458333488553762 0.013888888992369175
0 0.6286458373069763 0.36574074625968933 0.0072916666977107525 0.03333333507180214
1 0.7106770873069763 0.20555555820465088 0.02031249925494194 0.024074073880910873
1 0.2966145873069763 0.46990740299224854 0.03593749925494194 0.05277777835726738
