1 0.7182291746139526 0.2134259194135666 0.02187499962747097 0.02500000037252903
1 0.27942708134651184 0.5097222328186035 0.0390625 0.05833333358168602
6 0.34166666865348816 0.5976851582527161 0.015625 0.05462963134050369
1 0.7411458492279053 0.15416666865348816 0.015625 0.017592592164874077
1 0.7309895753860474 0.1476851850748062 0.015104166232049465 0.015740741044282913
1 0.6932291388511658 0.34768518805503845 0.0416666679084301 0.034259259700775146
2 0.49427083134651184 0.5638889074325562 0.0572916679084301 0.2240740805864334
8 0.719531238079071 0.14212962985038757 0.0078125 0.013888888992369175
7 0.6328125 0.3712962865829468 0.02708333358168602 0.031481482088565826
2 0.6942708492279053 0.12916666269302368 0.03437500074505806 0.03981481492519379
0 0.7281249761581421 0.11851851642131805 0.004166666883975267 0.014814814552664757
0 0.7221354246139526 0.12175925821065903 0.0036458333488553762 0.013888888992369175
0 0.7200520634651184 0.13935184478759766 0.0036458333488553762 0.008333333767950535
0 0.7203124761581421 0.13657407462596893 0.004166666883975267 0.013888888992369175
0 0.7203124761581421 0.13657407462596893 0.004166666883975267 0.013888888992369175
0 0.7210937738418579 0.1310185194015503 0.0036458333488553762 0.013888888992369175
0 0.7200520634651184 0.1398148089647293 0.0036458333488553762 0.009259259328246117
0 0.7203124761581421 0.13657407462596893 0.004166666883975267 0.013888888992369175
0 0.7210937738418579 0.1310185194015503 0.0036458333488553762 0.013888888992369175
0 0.7203124761581421 0.13657407462596893 0.004166666883975267 0.013888888992369175
0 0.7203124761581421 0.13657407462596893 0.004166666883975267 0.013888888992369175
0 0.7203124761581421 0.13564814627170563 0.0031250000465661287 0.010185184888541698
0 0.7210937738418579 0.1310185194015503 0.0036458333488553762 0.013888888992369175
0 0.7208333611488342 0.1319444477558136 0.004166666883975267 0.013888888992369175
0 0.7205728888511658 0.13472221791744232 0.0036458333488553762 0.008333333767950535
0 0.7210937738418579 0.1310185194015503 0.0036458333488553762 0.013888888992369175
0 0.04609375074505806 0.3194444477558136 0.013020833022892475 0.029629629105329514
0 0.7200520634651184 0.13935184478759766 0.0036458333488553762 0.008333333767950535
0 0.8221353888511658 0.2490740716457367 0.0078125 0.024074073880910873
0 0.2997395694255829 0.32685184478759766 0.0078125 0.029629629105329514
0 0.7210937738418579 0.13148148357868195 0.0036458333488553762 0.014814814552664757
0 0.7208333611488342 0.1319444477558136 0.004166666883975267 0.013888888992369175
0 0.7734375 0.2074074000120163 0.0062500000931322575 0.020370369777083397
0 0.3994791805744171 0.3185185194015503 0.0052083334885537624 0.029629629105329514
0 0.7210937738418579 0.12824073433876038 0.0036458333488553762 0.013888888992369175
0 0.6348958611488342 0.3907407522201538 0.008333333767950535 0.035185184329748154
1 0.7182291746139526 0.2134259194135666 0.02187499962747097 0.02500000037252903
1 0.27942708134651184 0.5097222328186035 0.0390625 0.05833333358168602
