1 0.7124999761581421 0.20694445073604584 0.02083333395421505 0.02500000037252903
1 0.2927083373069763 0.47870370745658875 0.0364583320915699 0.05370370298624039
6 0.3526041805744171 0.5564814805984497 0.01354166679084301 0.05000000074505806
1 0.7364583611488342 0.1509259194135666 0.015625 0.01666666753590107
1 0.7268229126930237 0.1449074000120163 0.015104166232049465 0.015740741044282913
1 0.6911458373069763 0.33287036418914795 0.03958333283662796 0.032407406717538834
2 0.4945312440395355 0.5236111283302307 0.05260416492819786 0.20277777314186096
8 0.7153645753860474 0.13935184478759766 0.0078125 0.013888888992369175
7 0.625781238079071 0.35462963581085205 0.02552083320915699 0.029629629105329514
2 0.690625011920929 0.12638889253139496 0.03333333507180214 0.03981481492519379
0 0.7242187261581421 0.11435185372829437 0.0036458333488553762 0.013888888992369175
0 0.717968761920929 0.11898148059844971 0.0036458333488553762 0.013888888992369175
0 0.7158854007720947 0.13657407462596893 0.0036458333488553762 0.008333333767950535
0 0.7164062261581421 0.13379628956317902 0.0036458333488553762 0.013888888992369175
0 0.7164062261581421 0.13379628956317902 0.0036458333488553762 0.013888888992369175
0 0.7169271111488342 0.12870369851589203 0.0036458333488553762 0.014814814552664757
0 0.7158854007720947 0.13703703880310059 0.0036458333488553762 0.009259259328246117
0 0.7164062261581421 0.13379628956317902 0.0036458333488553762 0.013888888992369175
0 0.7169271111488342 0.12870369851589203 0.0036458333488553762 0.014814814552664757
0 0.7164062261581421 0.13379628956317902 0.0036458333488553762 0.013888888992369175
0 0.7164062261581421 0.13379628956317902 0.0036458333488553762 0.013888888992369175
0 0.7166666388511658 0.1328703761100769 0.0031250000465661287 0.010185184888541698
0 0.7169271111488342 0.12870369851589203 0.0036458333488553762 0.014814814552664757
0 0.7169271111488342 0.12916666269302368 0.0036458333488553762 0.013888888992369175
0 0.7166666388511658 0.1319444477558136 0.004166666883975267 0.008333333767950535
0 0.7169271111488342 0.12870369851589203 0.0036458333488553762 0.014814814552664757
0 0.06484375149011612 0.3064814805984497 0.01197916641831398 0.02777777798473835
0 0.7158854007720947 0.13657407462596893 0.0036458333488553762 0.008333333767950535
0 0.8127604126930237 0.24120371043682098 0.0078125 0.023148147389292717
0 0.30937498807907104 0.3134259283542633 0.0072916666977107525 0.028703704476356506
0 0.7169271111488342 0.12916666269302368 0.0036458333488553762 0.013888888992369175
0 0.7169271111488342 0.12916666269302368 0.0036458333488553762 0.013888888992369175
0 0.7658854126930237 0.2013888955116272 0.00572916679084301 0.01944444514811039
0 0.40234375 0.3055555522441864 0.00572916679084301 0.02777777798473835
0 0.7174479365348816 0.12546296417713165 0.0036458333488553762 0.013888888992369175
0 0.6299479007720947 0.3717592656612396 0.0078125 0.034259259700775146
1 0.7124999761581421 0.20694445073604584 0.02083333395421505 0.02500000037252903
1 0.2927083373069763 0.47870370745658875 0.0364583320915699 0.05370370298624039
