1 0.7164062261581421 0.21064814925193787 0.02135416679084301 0.02500000037252903
1 0.2841145694255829 0.49953705072402954 0.03802083432674408 0.05648148059844971
6 0.34557291865348816 0.582870364189148 0.015104166232049465 0.05277777835726738
1 0.7395833134651184 0.1527777761220932 0.015625 0.01666666753590107
1 0.7294270992279053 0.1467592567205429 0.015104166232049465 0.015740741044282913
1 0.6927083134651184 0.34259259700775146 0.04062499850988388 0.03333333507180214
2 0.49401041865348816 0.550000011920929 0.05572916567325592 0.21666666865348816
8 0.7182291746139526 0.14120370149612427 0.008333333767950535 0.013888888992369175
7 0.6302083134651184 0.3652777671813965 0.02604166604578495 0.03055555559694767
2 0.6932291388511658 0.12824073433876038 0.03437500074505806 0.03981481492519379
0 0.7268229126930237 0.11712963134050369 0.0036458333488553762 0.013888888992369175
0 0.7205728888511658 0.12083332985639572 0.0036458333488553762 0.013888888992369175
0 0.71875 0.13842593133449554 0.004166666883975267 0.008333333767950535
0 0.7190104126930237 0.13564814627170563 0.0036458333488553762 0.013888888992369175
0 0.7190104126930237 0.13564814627170563 0.0036458333488553762 0.013888888992369175
0 0.719531238079071 0.130092591047287 0.0036458333488553762 0.013888888992369175
0 0.7184895873069763 0.1388888955116272 0.0036458333488553762 0.009259259328246117
0 0.7190104126930237 0.13564814627170563 0.0036458333488553762 0.013888888992369175
0 0.719531238079071 0.130092591047287 0.0036458333488553762 0.013888888992369175
0 0.7190104126930237 0.13564814627170563 0.0036458333488553762 0.013888888992369175
0 0.7190104126930237 0.13564814627170563 0.0036458333488553762 0.013888888992369175
0 0.7192708253860474 0.13472221791744232 0.0031250000465661287 0.010185184888541698
0 0.719531238079071 0.130092591047287 0.0036458333488553762 0.013888888992369175
0 0.719531238079071 0.1310185194015503 0.0036458333488553762 0.013888888992369175
0 0.7192708253860474 0.13379628956317902 0.004166666883975267 0.008333333767950535
0 0.719531238079071 0.130092591047287 0.0036458333488553762 0.013888888992369175
0 0.05260416492819786 0.3152777850627899 0.012500000186264515 0.028703704476356506
0 0.71875 0.13842593133449554 0.004166666883975267 0.008333333767950535
0 0.8190104365348816 0.24675926566123962 0.0078125 0.023148147389292717
0 0.3031249940395355 0.3222222328186035 0.0072916666977107525 0.029629629105329514
0 0.719531238079071 0.13055555522441864 0.0036458333488553762 0.014814814552664757
0 0.719531238079071 0.1310185194015503 0.0036458333488553762 0.013888888992369175
0 0.7710937261581421 0.20555555820465088 0.00572916679084301 0.020370369777083397
0 0.40052083134651184 0.31388887763023376 0.0052083334885537624 0.029629629105329514
0 0.7200520634651184 0.12731482088565826 0.0036458333488553762 0.013888888992369175
0 0.6330729126930237 0.38425925374031067 0.0078125 0.035185184329748154
1 0.7164062261581421 0.21064814925193787 0.02135416679084301 0.02500000037252903
1 0.2841145694255829 0.49953705072402954 0.03802083432674408 0.05648148059844971
