1 0.7307291626930237 0.22638888657093048 0.02395833283662796 0.026851851493120193
1 0.24817708134651184 0.5842592716217041 0.04531250149011612 0.07037036865949631
6 0.3153645694255829 0.6995370388031006 0.02031249925494194 0.06759259104728699
1 0.7510416507720947 0.16111111640930176 0.01666666753590107 0.018518518656492233
1 0.7398437261581421 0.1537037044763565 0.01614583283662796 0.01666666753590107
1 0.6981770992279053 0.3810185194015503 0.04531250149011612 0.037962961941957474
2 0.49296873807907104 0.664814829826355 0.06927083432674408 0.2777777910232544
8 0.7278645634651184 0.1476851850748062 0.008854166604578495 0.013888888992369175
7 0.651562511920929 0.4097222089767456 0.03020833246409893 0.034259259700775146
2 0.7018229365348816 0.13472221791744232 0.03593749925494194 0.0416666679084301
0 0.7380208373069763 0.12222222238779068 0.004166666883975267 0.014814814552664757
0 0.73046875 0.1268518567085266 0.0036458333488553762 0.014814814552664757
0 0.7281249761581421 0.14537036418914795 0.004166666883975267 0.009259259328246117
0 0.7286458611488342 0.14259259402751923 0.004166666883975267 0.014814814552664757
0 0.7286458611488342 0.14259259402751923 0.004166666883975267 0.014814814552664757
0 0.7291666865348816 0.13703703880310059 0.004166666883975267 0.014814814552664757
0 0.7281249761581421 0.14537036418914795 0.004166666883975267 0.009259259328246117
0 0.7286458611488342 0.14259259402751923 0.004166666883975267 0.014814814552664757
0 0.7291666865348816 0.13703703880310059 0.004166666883975267 0.014814814552664757
0 0.7286458611488342 0.14259259402751923 0.004166666883975267 0.014814814552664757
0 0.7286458611488342 0.14259259402751923 0.004166666883975267 0.014814814552664757
0 0.7286458611488342 0.14120370149612427 0.0031250000465661287 0.010185184888541698
0 0.7291666865348816 0.13703703880310059 0.004166666883975267 0.014814814552664757
0 0.7291666865348816 0.13703703880310059 0.004166666883975267 0.014814814552664757
0 0.7286458611488342 0.1398148089647293 0.004166666883975267 0.009259259328246117
0 0.7291666865348816 0.13703703880310059 0.004166666883975267 0.014814814552664757
0 0.00598958320915699 0.3481481373310089 0.01197916641831398 0.031481482088565826
0 0.7281249761581421 0.14537036418914795 0.004166666883975267 0.009259259328246117
0 0.842968761920929 0.26620370149612427 0.008854166604578495 0.02500000037252903
0 0.2789062559604645 0.3569444417953491 0.008854166604578495 0.032407406717538834
0 0.7291666865348816 0.13703703880310059 0.004166666883975267 0.014814814552664757
0 0.7291666865348816 0.13703703880310059 0.004166666883975267 0.014814814552664757
0 0.7895833253860474 0.22083333134651184 0.0062500000931322575 0.021296296268701553
0 0.3932291567325592 0.3472222089767456 0.0062500000931322575 0.031481482088565826
0 0.729687511920929 0.13333334028720856 0.004166666883975267 0.014814814552664757
0 0.6463541388511658 0.4342592656612396 0.00937500037252903 0.03888889029622078
1 0.7307291626930237 0.22638888657093048 0.02395833283662796 0.026851851493120193
1 0.24817708134651184 0.5842592716217041 0.04531250149011612 0.07037036865949631
