1 0.7395833134651184 0.23564815521240234 0.02500000037252903 0.028703704476356506
1 0.22265625 0.644444465637207 0.05052083358168602 0.07962962985038757
6 0.29296875 0.7861111164093018 0.02447916753590107 0.07962962985038757
1 0.7578125 0.1657407432794571 0.01770833320915699 0.018518518656492233
1 0.7463541626930237 0.15833333134651184 0.01666666753590107 0.01666666753590107
1 0.7015625238418579 0.40648147463798523 0.04895833507180214 0.040740739554166794
2 0.49166667461395264 0.7509258985519409 0.07916666567325592 0.32592591643333435
8 0.733593761920929 0.1518518477678299 0.008854166604578495 0.014814814552664757
7 0.6682291626930237 0.43888887763023376 0.03229166567325592 0.03703703731298447
2 0.70703125 0.1379629671573639 0.03697916492819786 0.04259259253740311
0 0.7440103888511658 0.1259259283542633 0.004687500186264515 0.014814814552664757
0 0.7359374761581421 0.130092591047287 0.004166666883975267 0.015740741044282913
0 0.7338541746139526 0.14907407760620117 0.004166666883975267 0.009259259328246117
0 0.734375 0.14629629254341125 0.004166666883975267 0.014814814552664757
0 0.734375 0.14629629254341125 0.004166666883975267 0.014814814552664757
0 0.7348958253860474 0.14027777314186096 0.004166666883975267 0.015740741044282913
0 0.7338541746139526 0.14907407760620117 0.004166666883975267 0.009259259328246117
0 0.734375 0.14629629254341125 0.004166666883975267 0.014814814552664757
0 0.7348958253860474 0.14027777314186096 0.004166666883975267 0.015740741044282913
0 0.734375 0.14629629254341125 0.004166666883975267 0.014814814552664757
0 0.7341145873069763 0.14629629254341125 0.0036458333488553762 0.014814814552664757
0 0.7341145873069763 0.1449074000120163 0.0036458333488553762 0.010185184888541698
0 0.7348958253860474 0.14027777314186096 0.004166666883975267 0.015740741044282913
0 0.7348958253860474 0.14120370149612427 0.004166666883975267 0.015740741044282913
0 0.734375 0.14351852238178253 0.004166666883975267 0.009259259328246117
0 0.7348958253860474 0.14074073731899261 0.004166666883975267 0.014814814552664757
0 0.7338541746139526 0.14907407760620117 0.004166666883975267 0.009259259328246117
0 0.2627604305744171 0.3791666626930237 0.00989583320915699 0.034259259700775146
0 0.7348958253860474 0.14074073731899261 0.004166666883975267 0.014814814552664757
0 0.7348958253860474 0.14074073731899261 0.004166666883975267 0.014814814552664757
0 0.8010416626930237 0.22962963581085205 0.0072916666977107525 0.02222222276031971
0 0.38880208134651184 0.36851853132247925 0.006770833395421505 0.03333333507180214
0 0.7354166507720947 0.13703703880310059 0.004166666883975267 0.014814814552664757
0 0.6549479365348816 0.46759259700775146 0.00989583320915699 0.040740739554166794
1 0.7395833134651184 0.23564815521240234 0.02500000037252903 0.028703704476356506
1 0.22265625 0.644444465637207 0.05052083358168602 0.07962962985038757
