1 0.7328125238418579 0.22870370745658875 0.02395833283662796 0.02777777798473835
1 0.2421875 0.5986111164093018 0.046875 0.07129629701375961
6 0.3098958432674408 0.720370352268219 0.02083333395421505 0.07037036865949631
1 0.7528645992279053 0.16249999403953552 0.01718750037252903 0.017592592164874077
1 0.7416666746139526 0.1546296328306198 0.01666666753590107 0.01666666753590107
1 0.69921875 0.38749998807907104 0.04635416716337204 0.037962961941957474
2 0.4924479126930237 0.6847222447395325 0.07135416567325592 0.28796297311782837
8 0.7294270992279053 0.14907407760620117 0.008854166604578495 0.014814814552664757
7 0.655468761920929 0.4166666567325592 0.03072916716337204 0.035185184329748154
2 0.703125 0.13564814627170563 0.0364583320915699 0.0416666679084301
0 0.7395833134651184 0.12268518656492233 0.004166666883975267 0.015740741044282913
0 0.7317708134651184 0.12777778506278992 0.004166666883975267 0.014814814552664757
0 0.729687511920929 0.14629629254341125 0.004166666883975267 0.009259259328246117
0 0.7299479246139526 0.14351852238178253 0.0036458333488553762 0.014814814552664757
0 0.7299479246139526 0.14351852238178253 0.0036458333488553762 0.014814814552664757
0 0.7307291626930237 0.1379629671573639 0.004166666883975267 0.014814814552664757
0 0.729687511920929 0.14629629254341125 0.004166666883975267 0.009259259328246117
0 0.7299479246139526 0.14351852238178253 0.0036458333488553762 0.014814814552664757
0 0.7307291626930237 0.1379629671573639 0.004166666883975267 0.014814814552664757
0 0.7299479246139526 0.14351852238178253 0.0036458333488553762 0.014814814552664757
0 0.7299479246139526 0.14351852238178253 0.0036458333488553762 0.014814814552664757
0 0.7299479246139526 0.14212962985038757 0.0036458333488553762 0.010185184888541698
0 0.7307291626930237 0.1379629671573639 0.004166666883975267 0.014814814552664757
0 0.7307291626930237 0.1379629671573639 0.004166666883975267 0.014814814552664757
0 0.7302083373069763 0.14074073731899261 0.004166666883975267 0.009259259328246117
0 0.7307291626930237 0.1379629671573639 0.004166666883975267 0.014814814552664757
0 0.0023437500931322575 0.35370370745658875 0.004687500186264515 0.031481482088565826
0 0.729687511920929 0.14629629254341125 0.004166666883975267 0.009259259328246117
0 0.846875011920929 0.26944443583488464 0.00937500037252903 0.025925925001502037
0 0.2747395932674408 0.36250001192092896 0.008854166604578495 0.032407406717538834
0 0.7307291626930237 0.1379629671573639 0.004166666883975267 0.014814814552664757
0 0.7307291626930237 0.1379629671573639 0.004166666883975267 0.014814814552664757
0 0.7924479246139526 0.22268518805503845 0.006770833395421505 0.021296296268701553
0 0.3921875059604645 0.3523148000240326 0.0062500000931322575 0.032407406717538834
0 0.7309895753860474 0.13425925374031067 0.0036458333488553762 0.014814814552664757
0 0.6484375 0.442592591047287 0.00937500037252903 0.03888889029622078
1 0.7328125238418579 0.22870370745658875 0.02395833283662796 0.02777777798473835
1 0.2421875 0.5986111164093018 0.046875 0.07129629701375961
