1 0.7445312738418579 0.24027778208255768 0.02552083320915699 0.028703704476356506
1 0.20781250298023224 0.6805555820465088 0.05416666716337204 0.08518518507480621
6 0.27916666865348816 0.8388888835906982 0.02708333358168602 0.08703703433275223
1 0.7614583373069763 0.16851851344108582 0.01770833320915699 0.018518518656492233
1 0.7497395873069763 0.1606481522321701 0.01718750037252903 0.017592592164874077
1 0.703906238079071 0.4203703701496124 0.05052083358168602 0.04259259253740311
2 0.4911458194255829 0.8046296238899231 0.08645833283662796 0.35740742087364197
8 0.7367187738418579 0.15416666865348816 0.008854166604578495 0.013888888992369175
7 0.6783854365348816 0.45509257912635803 0.0338541679084301 0.037962961941957474
2 0.7098958492279053 0.14027777314186096 0.03750000149011612 0.043518517166376114
0 0.7471354007720947 0.12824073433876038 0.004687500186264515 0.015740741044282913
0 0.739062488079071 0.1319444477558136 0.004166666883975267 0.015740741044282913
0 0.7369791865348816 0.1509259194135666 0.004166666883975267 0.009259259328246117
0 0.7369791865348816 0.14814814925193787 0.004166666883975267 0.014814814552664757
0 0.7369791865348816 0.14814814925193787 0.004166666883975267 0.014814814552664757
0 0.7380208373069763 0.14259259402751923 0.004166666883975267 0.014814814552664757
0 0.7367187738418579 0.15138888359069824 0.004687500186264515 0.010185184888541698
0 0.7369791865348816 0.14814814925193787 0.004166666883975267 0.014814814552664757
0 0.7380208373069763 0.14259259402751923 0.004166666883975267 0.014814814552664757
0 0.7369791865348816 0.14814814925193787 0.004166666883975267 0.014814814552664757
0 0.7369791865348816 0.14814814925193787 0.004166666883975267 0.014814814552664757
0 0.7372395992279053 0.1467592567205429 0.0036458333488553762 0.010185184888541698
0 0.7380208373069763 0.14259259402751923 0.004166666883975267 0.014814814552664757
0 0.7380208373069763 0.14305555820465088 0.004166666883975267 0.015740741044282913
0 0.737500011920929 0.14629629254341125 0.004166666883975267 0.009259259328246117
0 0.7380208373069763 0.14259259402751923 0.004166666883975267 0.014814814552664757
0 0.7369791865348816 0.1509259194135666 0.004166666883975267 0.009259259328246117
0 0.2541666626930237 0.3916666805744171 0.010416666977107525 0.035185184329748154
0 0.7380208373069763 0.14259259402751923 0.004166666883975267 0.014814814552664757
0 0.7380208373069763 0.14305555820465088 0.004166666883975267 0.015740741044282913
0 0.8072916865348816 0.23472222685813904 0.0072916666977107525 0.023148147389292717
0 0.38619792461395264 0.380092591047287 0.006770833395421505 0.034259259700775146
0 0.73828125 0.13935184478759766 0.004687500186264515 0.015740741044282913
0 0.6598958373069763 0.48657408356666565 0.010416666977107525 0.0416666679084301
1 0.7445312738418579 0.24027778208255768 0.02552083320915699 0.028703704476356506
1 0.20781250298023224 0.6805555820465088 0.05416666716337204 0.08518518507480621
