1 0.7419270873069763 0.23749999701976776 0.02552083320915699 0.028703704476356506
1 0.21562500298023224 0.6615740656852722 0.0520833320915699 0.0824074074625969
6 0.2861979305744171 0.8111110925674438 0.02552083320915699 0.0833333358168602
1 0.7598958611488342 0.1666666716337204 0.01770833320915699 0.018518518656492233
1 0.7479166388511658 0.1597222238779068 0.01666666753590107 0.017592592164874077
1 0.7028645873069763 0.41296297311782837 0.0494791679084301 0.040740739554166794
2 0.49140626192092896 0.7768518328666687 0.08281250298023224 0.34074074029922485
8 0.735156238079071 0.15324074029922485 0.008854166604578495 0.013888888992369175
7 0.6729166507720947 0.44675925374031067 0.03333333507180214 0.037962961941957474
2 0.7083333134651184 0.1388888955116272 0.03750000149011612 0.04259259253740311
0 0.7455729246139526 0.1268518567085266 0.004687500186264515 0.014814814552664757
0 0.737500011920929 0.1310185194015503 0.004166666883975267 0.015740741044282913
0 0.7354166507720947 0.15000000596046448 0.004166666883975267 0.009259259328246117
0 0.7354166507720947 0.14722222089767456 0.004166666883975267 0.014814814552664757
0 0.7354166507720947 0.14722222089767456 0.004166666883975267 0.014814814552664757
0 0.7364583611488342 0.14120370149612427 0.004166666883975267 0.015740741044282913
0 0.7354166507720947 0.15000000596046448 0.004166666883975267 0.009259259328246117
0 0.7354166507720947 0.14722222089767456 0.004166666883975267 0.014814814552664757
0 0.7364583611488342 0.14120370149612427 0.004166666883975267 0.015740741044282913
0 0.7354166507720947 0.14722222089767456 0.004166666883975267 0.014814814552664757
0 0.7354166507720947 0.14722222089767456 0.004166666883975267 0.014814814552664757
0 0.7356770634651184 0.1458333283662796 0.0036458333488553762 0.010185184888541698
0 0.7364583611488342 0.14120370149612427 0.004166666883975267 0.015740741044282913
0 0.7364583611488342 0.14212962985038757 0.004166666883975267 0.015740741044282913
0 0.7359374761581421 0.1449074000120163 0.004166666883975267 0.010185184888541698
0 0.7364583611488342 0.14166666567325592 0.004166666883975267 0.014814814552664757
0 0.7354166507720947 0.15000000596046448 0.004166666883975267 0.009259259328246117
0 0.25859373807907104 0.385185182094574 0.00989583320915699 0.035185184329748154
0 0.7364583611488342 0.14166666567325592 0.004166666883975267 0.014814814552664757
0 0.7364583611488342 0.14212962985038757 0.004166666883975267 0.015740741044282913
0 0.8041666746139526 0.23240740597248077 0.0072916666977107525 0.02222222276031971
0 0.38723957538604736 0.3740740716457367 0.006770833395421505 0.03333333507180214
0 0.7367187738418579 0.13842593133449554 0.004687500186264515 0.015740741044282913
0 0.6575520634651184 0.47685185074806213 0.00989583320915699 0.040740739554166794
1 0.7419270873069763 0.23749999701976776 0.02552083320915699 0.028703704476356506
1 0.21562500298023224 0.6615740656852722 0.0520833320915699 0.0824074074625969
