1 0.768750011920929 0.2657407522201538 0.03020833246409893 0.03333333507180214
1 0.11354167014360428 0.9050925970077515 0.07395832985639572 0.12870369851589203
1 0.9450520873069763 0.7199074029922485 0.10989583283662796 0.15648147463798523
1 0.7791666388511658 0.1805555522441864 0.01979166641831398 0.020370369777083397
1 0.765625 0.17222222685813904 0.01875000074505806 0.018518518656492233
1 0.7263020873069763 0.49768519401550293 0.06093750149011612 0.05092592537403107
2 0.4856770932674408 0.9365741014480591 0.1380208283662796 0.1268518567085266
8 0.7513020634651184 0.16435185074806213 0.00989583320915699 0.015740741044282913
7 0.7408854365348816 0.5467592477798462 0.04322916641831398 0.04537037014961243
2 0.7229166626930237 0.15000000596046448 0.04062499850988388 0.046296294778585434
0 0.7619791626930237 0.13518518209457397 0.0052083334885537624 0.01666666753590107
0 0.75390625 0.14074073731899261 0.004687500186264515 0.01666666753590107
0 0.7513020634651184 0.16111111640930176 0.004687500186264515 0.009259259328246117
0 0.7515624761581421 0.1578703671693802 0.004166666883975267 0.015740741044282913
0 0.7515624761581421 0.1578703671693802 0.004166666883975267 0.015740741044282913
0 0.7523437738418579 0.1518518477678299 0.004687500186264515 0.01666666753590107
0 0.7513020634651184 0.1615740805864334 0.004687500186264515 0.010185184888541698
0 0.7515624761581421 0.1578703671693802 0.004166666883975267 0.015740741044282913
0 0.7523437738418579 0.1518518477678299 0.004687500186264515 0.01666666753590107
0 0.7515624761581421 0.1578703671693802 0.004166666883975267 0.015740741044282913
0 0.7515624761581421 0.1578703671693802 0.004166666883975267 0.015740741044282913
0 0.7518228888511658 0.15648147463798523 0.0036458333488553762 0.011111111380159855
0 0.7523437738418579 0.1518518477678299 0.004687500186264515 0.01666666753590107
0 0.7523437738418579 0.1527777761220932 0.004687500186264515 0.01666666753590107
0 0.7518228888511658 0.15555556118488312 0.004687500186264515 0.009259259328246117
0 0.7523437738418579 0.1518518477678299 0.004687500186264515 0.01666666753590107
0 0.7513020634651184 0.16111111640930176 0.004687500186264515 0.009259259328246117
0 0.20624999701976776 0.4592592716217041 0.01354166679084301 0.03888889029622078
0 0.7523437738418579 0.1518518477678299 0.004687500186264515 0.01666666753590107
0 0.7523437738418579 0.15231481194496155 0.004687500186264515 0.015740741044282913
0 0.8388020992279053 0.260185182094574 0.008854166604578495 0.024074073880910873
0 0.3721354305744171 0.4444444477558136 0.008854166604578495 0.03888889029622078
0 0.7528645992279053 0.14861111342906952 0.004687500186264515 0.015740741044282913
0 0.688281238079071 0.5944444537162781 0.013020833022892475 0.04814814776182175
1 0.768750011920929 0.2657407522201538 0.03020833246409893 0.03333333507180214
1 0.11354167014360428 0.9050925970077515 0.07395832985639572 0.12870369851589203
1 0.9453125 0.7208333611488342 0.109375 0.15648147463798523
