1 0.7747395634651184 0.2717592716217041 0.03072916716337204 0.034259259700775146
1 0.08359374850988388 0.9518518447875977 0.0807291641831398 0.0962962955236435
1 0.9557291865348816 0.7648147940635681 0.0885416641831398 0.17222222685813904
1 0.7835937738418579 0.18333333730697632 0.02031249925494194 0.020370369777083397
1 0.76953125 0.1745370328426361 0.01927083358168602 0.01944444514811039
1 0.7348958253860474 0.5189814567565918 0.06354166567325592 0.05462963134050369
2 0.4833333194255829 0.9782407283782959 0.15937499701976776 0.043518517166376114
8 0.7549479007720947 0.16712963581085205 0.00989583320915699 0.015740741044282913
7 0.7583333253860474 0.5722222328186035 0.04583333432674408 0.046296294778585434
2 0.725781261920929 0.1518518477678299 0.04114583507180214 0.046296294778585434
0 0.7653645873069763 0.1379629671573639 0.004687500186264515 0.01666666753590107
0 0.7572916746139526 0.14305555820465088 0.0052083334885537624 0.015740741044282913
0 0.7544270753860474 0.16342592239379883 0.004687500186264515 0.010185184888541698
0 0.7549479007720947 0.16018518805503845 0.004687500186264515 0.01666666753590107
0 0.7549479007720947 0.16018518805503845 0.004687500186264515 0.01666666753590107
0 0.7559896111488342 0.15416666865348816 0.004687500186264515 0.015740741044282913
0 0.7544270753860474 0.16342592239379883 0.004687500186264515 0.010185184888541698
0 0.7549479007720947 0.16018518805503845 0.004687500186264515 0.01666666753590107
0 0.7559896111488342 0.15416666865348816 0.004687500186264515 0.015740741044282913
0 0.7549479007720947 0.16018518805503845 0.004687500186264515 0.01666666753590107
0 0.7549479007720947 0.16018518805503845 0.004687500186264515 0.01666666753590107
0 0.7552083134651184 0.1587962955236435 0.004166666883975267 0.012037036940455437
0 0.7557291388511658 0.15416666865348816 0.0052083334885537624 0.015740741044282913
0 0.7554687261581421 0.1546296328306198 0.004687500186264515 0.01666666753590107
0 0.7554687261581421 0.1578703671693802 0.004687500186264515 0.010185184888541698
0 0.7557291388511658 0.15416666865348816 0.0052083334885537624 0.015740741044282913
0 0.7544270753860474 0.16342592239379883 0.004687500186264515 0.010185184888541698
0 0.19322916865348816 0.4773148000240326 0.014583333395421505 0.0416666679084301
0 0.7557291388511658 0.15416666865348816 0.0052083334885537624 0.015740741044282913
0 0.7554687261581421 0.1546296328306198 0.004687500186264515 0.01666666753590107
0 0.8466145992279053 0.26620370149612427 0.008854166604578495 0.02500000037252903
0 0.3684895932674408 0.46157407760620117 0.008854166604578495 0.03981481492519379
0 0.7559896111488342 0.1509259194135666 0.004687500186264515 0.01666666753590107
0 0.696093738079071 0.6240741014480591 0.01406249962747097 0.05000000074505806
1 0.7747395634651184 0.2717592716217041 0.03072916716337204 0.034259259700775146
1 0.08359374850988388 0.9518518447875977 0.0807291641831398 0.0962962955236435
1 0.9559895992279053 0.7657407522201538 0.08802083134651184 0.17222222685813904
