1 0.8070312738418579 0.30092594027519226 0.03593749925494194 0.03888889029622078
1 0.8075520992279053 0.19722221791744232 0.02239583246409893 0.02222222276031971
1 0.7919270992279053 0.18703703582286835 0.02135416679084301 0.020370369777083397
1 0.7854166626930237 0.6245370507240295 0.08020833134651184 0.06759259104728699
8 0.7757812738418579 0.17870371043682098 0.010937499813735485 0.01666666753590107
7 0.8520833253860474 0.7032407522201538 0.06145833432674408 0.05648148059844971
2 0.7445312738418579 0.16203702986240387 0.04531250149011612 0.05000000074505806
0 0.785937488079071 0.14953704178333282 0.0052083334885537624 0.017592592164874077
0 0.778124988079071 0.15231481194496155 0.0052083334885537624 0.017592592164874077
0 0.7749999761581421 0.17407406866550446 0.0052083334885537624 0.011111111380159855
0 0.7755208611488342 0.17083333432674408 0.0052083334885537624 0.017592592164874077
0 0.7755208611488342 0.17083333432674408 0.0052083334885537624 0.017592592164874077
0 0.7760416865348816 0.16435185074806213 0.0052083334885537624 0.017592592164874077
0 0.7747395634651184 0.1745370328426361 0.004687500186264515 0.010185184888541698
0 0.7755208611488342 0.17083333432674408 0.0052083334885537624 0.017592592164874077
0 0.7760416865348816 0.16435185074806213 0.0052083334885537624 0.017592592164874077
0 0.7755208611488342 0.17083333432674408 0.0052083334885537624 0.017592592164874077
0 0.7755208611488342 0.17083333432674408 0.0052083334885537624 0.017592592164874077
0 0.7755208611488342 0.16944444179534912 0.004166666883975267 0.012962962500751019
0 0.7760416865348816 0.16435185074806213 0.0052083334885537624 0.017592592164874077
0 0.7760416865348816 0.16527777910232544 0.0052083334885537624 0.017592592164874077
0 0.7755208611488342 0.16851851344108582 0.0052083334885537624 0.011111111380159855
0 0.7760416865348816 0.16435185074806213 0.0052083334885537624 0.017592592164874077
0 0.7749999761581421 0.17407406866550446 0.0052083334885537624 0.011111111380159855
0 0.13671875 0.5615741014480591 0.01927083358168602 0.04722222313284874
0 0.7760416865348816 0.16435185074806213 0.0052083334885537624 0.017592592164874077
0 0.7760416865348816 0.16527777910232544 0.0052083334885537624 0.017592592164874077
0 0.35494792461395264 0.542129635810852 0.010937499813735485 0.04537037014961243
0 0.776562511920929 0.1606481522321701 0.0052083334885537624 0.017592592164874077
0 0.7408854365348816 0.7819444537162781 0.01927083358168602 0.06018518656492233
1 0.8070312738418579 0.30092594027519226 0.03593749925494194 0.03888889029622078
