1 0.8661458492279053 0.32592591643333435 0.0416666679084301 0.04444444552063942
1 0.8643229007720947 0.21111111342906952 0.02552083320915699 0.024074073880910873
1 0.846875011920929 0.19907407462596893 0.02395833283662796 0.02222222276031971
1 0.848437488079071 0.7027778029441833 0.09583333134651184 0.0833333358168602
8 0.8283854126930237 0.18981482088565826 0.01197916641831398 0.018518518656492233
7 0.9434896111488342 0.8083333373069763 0.07760416716337204 0.06851851940155029
2 0.7947916388511658 0.17222222685813904 0.05000000074505806 0.05370370298624039
0 0.840624988079071 0.15833333134651184 0.0062500000931322575 0.018518518656492233
0 0.831250011920929 0.16296295821666718 0.0062500000931322575 0.018518518656492233
0 0.827343761920929 0.18518517911434174 0.00572916679084301 0.011111111380159855
0 0.828125 0.18194444477558136 0.0062500000931322575 0.017592592164874077
0 0.828125 0.18194444477558136 0.0062500000931322575 0.017592592164874077
0 0.8291666507720947 0.17499999701976776 0.0062500000931322575 0.018518518656492233
0 0.827343761920929 0.1856481432914734 0.00572916679084301 0.012037036940455437
0 0.828125 0.18194444477558136 0.0062500000931322575 0.017592592164874077
0 0.8291666507720947 0.17499999701976776 0.0062500000931322575 0.018518518656492233
0 0.828125 0.18194444477558136 0.0062500000931322575 0.017592592164874077
0 0.828125 0.18194444477558136 0.0062500000931322575 0.017592592164874077
0 0.828125 0.1805555522441864 0.0052083334885537624 0.012962962500751019
0 0.8291666507720947 0.17499999701976776 0.0062500000931322575 0.018518518656492233
0 0.8291666507720947 0.17592592537403107 0.0062500000931322575 0.018518518656492233
0 0.8283854126930237 0.17916665971279144 0.00572916679084301 0.012037036940455437
0 0.8291666507720947 0.17499999701976776 0.0062500000931322575 0.018518518656492233
0 0.827343761920929 0.18518517911434174 0.00572916679084301 0.011111111380159855
0 0.15234375 0.5768518447875977 0.01927083358168602 0.04814814776182175
0 0.8291666507720947 0.17499999701976776 0.0062500000931322575 0.018518518656492233
0 0.8291666507720947 0.17592592537403107 0.0062500000931322575 0.018518518656492233
0 0.3778645694255829 0.5717592835426331 0.010937499813735485 0.04722222313284874
0 0.8299478888511658 0.17129629850387573 0.00572916679084301 0.018518518656492233
0 0.7955729365348816 0.8925926089286804 0.02447916753590107 0.06666667014360428
1 0.8661458492279053 0.32592591643333435 0.0416666679084301 0.04444444552063942
