1 0.7903645634651184 0.28796297311782837 0.0338541679084301 0.03703703731298447
1 0.9880208373069763 0.895370364189148 0.02395833283662796 0.2092592567205429
1 0.7940104007720947 0.19120369851589203 0.02135416679084301 0.021296296268701553
1 0.7789062261581421 0.1814814805984497 0.02031249925494194 0.020370369777083397
1 0.760937511920929 0.5787037014961243 0.0729166641831398 0.06111111119389534
8 0.7635416388511658 0.17314815521240234 0.010416666977107525 0.01666666753590107
7 0.8091145753860474 0.6458333134651184 0.0546875 0.05277777835726738
2 0.7333333492279053 0.15740740299224854 0.04374999925494194 0.04814814776182175
0 0.7739583253860474 0.1458333283662796 0.0052083334885537624 0.017592592164874077
0 0.7658854126930237 0.14814814925193787 0.004687500186264515 0.01666666753590107
0 0.7627604007720947 0.16944444179534912 0.004687500186264515 0.011111111380159855
0 0.7632812261581421 0.1666666716337204 0.004687500186264515 0.01666666753590107
0 0.7632812261581421 0.1666666716337204 0.004687500186264515 0.01666666753590107
0 0.7640625238418579 0.16018518805503845 0.0052083334885537624 0.01666666753590107
0 0.7627604007720947 0.16990740597248077 0.004687500186264515 0.010185184888541698
0 0.7632812261581421 0.1666666716337204 0.004687500186264515 0.01666666753590107
0 0.7640625238418579 0.16018518805503845 0.0052083334885537624 0.01666666753590107
0 0.7632812261581421 0.1666666716337204 0.004687500186264515 0.01666666753590107
0 0.7632812261581421 0.1666666716337204 0.004687500186264515 0.01666666753590107
0 0.7635416388511658 0.16435185074806213 0.004166666883975267 0.012037036940455437
0 0.7640625238418579 0.16018518805503845 0.0052083334885537624 0.01666666753590107
0 0.7640625238418579 0.1606481522321701 0.0052083334885537624 0.017592592164874077
0 0.7635416388511658 0.16388888657093048 0.0052083334885537624 0.011111111380159855
0 0.7640625238418579 0.16018518805503845 0.0052083334885537624 0.01666666753590107
0 0.7627604007720947 0.16944444179534912 0.004687500186264515 0.011111111380159855
0 0.15625 0.5287036895751953 0.01770833320915699 0.04444444552063942
0 0.7640625238418579 0.16018518805503845 0.0052083334885537624 0.01666666753590107
0 0.7640625238418579 0.1606481522321701 0.0052083334885537624 0.017592592164874077
0 0.35755208134651184 0.5097222328186035 0.00989583320915699 0.043518517166376114
0 0.7645833492279053 0.15648147463798523 0.0052083334885537624 0.01666666753590107
0 0.7192708253860474 0.7129629850387573 0.01666666753590107 0.0555555559694767
1 0.7903645634651184 0.28796297311782837 0.0338541679084301 0.03703703731298447
1 0.98828125 0.8958333134651184 0.0234375 0.2083333283662796
