1 0.8184896111488342 0.3064814805984497 0.03697916492819786 0.040740739554166794
1 0.8182291388511658 0.20000000298023224 0.02291666716337204 0.02222222276031971
1 0.8020833134651184 0.18981482088565826 0.02187499962747097 0.020370369777083397
1 0.7992187738418579 0.644444465637207 0.08385416865348816 0.07037036865949631
8 0.78515625 0.18101851642131805 0.010937499813735485 0.017592592164874077
7 0.8731771111488342 0.7291666865348816 0.0651041641831398 0.05833333358168602
2 0.7536458373069763 0.16435185074806213 0.04583333432674408 0.05092592537403107
0 0.796093761920929 0.15138888359069824 0.00572916679084301 0.017592592164874077
0 0.7877604365348816 0.15509259700775146 0.00572916679084301 0.017592592164874077
0 0.784375011920929 0.17685185372829437 0.0052083334885537624 0.011111111380159855
0 0.7848958373069763 0.1736111044883728 0.0052083334885537624 0.017592592164874077
0 0.7848958373069763 0.1736111044883728 0.0052083334885537624 0.017592592164874077
0 0.785937488079071 0.1666666716337204 0.0052083334885537624 0.01666666753590107
0 0.784375011920929 0.17685185372829437 0.0052083334885537624 0.011111111380159855
0 0.7848958373069763 0.1736111044883728 0.0052083334885537624 0.017592592164874077
0 0.785937488079071 0.1666666716337204 0.0052083334885537624 0.01666666753590107
0 0.7848958373069763 0.1736111044883728 0.0052083334885537624 0.017592592164874077
0 0.7848958373069763 0.1736111044883728 0.0052083334885537624 0.017592592164874077
0 0.78515625 0.17175926268100739 0.004687500186264515 0.012037036940455437
0 0.785937488079071 0.1666666716337204 0.0052083334885537624 0.01666666753590107
0 0.785937488079071 0.16712963581085205 0.0052083334885537624 0.017592592164874077
0 0.7854166626930237 0.17037037014961243 0.0052083334885537624 0.011111111380159855
0 0.785937488079071 0.1666666716337204 0.0052083334885537624 0.01666666753590107
0 0.784375011920929 0.17685185372829437 0.0052083334885537624 0.011111111380159855
0 0.13515624403953552 0.5699074268341064 0.01927083358168602 0.04722222313284874
0 0.785937488079071 0.1666666716337204 0.0052083334885537624 0.01666666753590107
0 0.785937488079071 0.16712963581085205 0.0052083334885537624 0.017592592164874077
0 0.35755208134651184 0.5527777671813965 0.010937499813735485 0.046296294778585434
0 0.7864583134651184 0.16342592239379883 0.0052083334885537624 0.017592592164874077
0 0.7528645992279053 0.8111110925674438 0.02031249925494194 0.06111111119389534
1 0.8184896111488342 0.3064814805984497 0.03697916492819786 0.040740739554166794
