1 0.7841145992279053 0.28101852536201477 0.03281249850988388 0.03611111268401146
1 0.9742187261581421 0.842129647731781 0.05156249925494194 0.20092593133449554
1 0.7901041507720947 0.1884259283542633 0.02083333395421505 0.021296296268701553
1 0.7755208611488342 0.17870371043682098 0.01979166641831398 0.020370369777083397
1 0.75 0.5532407164573669 0.06875000149011612 0.05833333358168602
8 0.7604166865348816 0.17083333432674408 0.010416666977107525 0.015740741044282913
7 0.7875000238418579 0.6138888597488403 0.05104166641831398 0.05000000074505806
2 0.7307291626930237 0.15555556118488312 0.04270833358168602 0.04814814776182175
0 0.7708333134651184 0.14212962985038757 0.0052083334885537624 0.017592592164874077
0 0.7627604007720947 0.14629629254341125 0.004687500186264515 0.01666666753590107
0 0.7598958611488342 0.16712963581085205 0.0052083334885537624 0.010185184888541698
0 0.7601562738418579 0.16388888657093048 0.004687500186264515 0.01666666753590107
0 0.7601562738418579 0.16388888657093048 0.004687500186264515 0.01666666753590107
0 0.7611979246139526 0.15740740299224854 0.004687500186264515 0.01666666753590107
0 0.7596353888511658 0.16712963581085205 0.004687500186264515 0.010185184888541698
0 0.7601562738418579 0.16388888657093048 0.004687500186264515 0.01666666753590107
0 0.7611979246139526 0.15740740299224854 0.004687500186264515 0.01666666753590107
0 0.7601562738418579 0.16388888657093048 0.004687500186264515 0.01666666753590107
0 0.7601562738418579 0.16388888657093048 0.004687500186264515 0.01666666753590107
0 0.7604166865348816 0.16249999403953552 0.004166666883975267 0.012037036940455437
0 0.7611979246139526 0.15740740299224854 0.004687500186264515 0.01666666753590107
0 0.7611979246139526 0.15833333134651184 0.004687500186264515 0.01666666753590107
0 0.7606770992279053 0.1615740805864334 0.004687500186264515 0.010185184888541698
0 0.7611979246139526 0.15740740299224854 0.004687500186264515 0.01666666753590107
0 0.7598958611488342 0.16712963581085205 0.0052083334885537624 0.010185184888541698
0 0.17265625298023224 0.5064814686775208 0.01614583283662796 0.04259259253740311
0 0.7611979246139526 0.15740740299224854 0.004687500186264515 0.01666666753590107
0 0.7611979246139526 0.15833333134651184 0.004687500186264515 0.01666666753590107
0 0.36250001192092896 0.4893518388271332 0.00937500037252903 0.0416666679084301
0 0.76171875 0.15416666865348816 0.004687500186264515 0.017592592164874077
0 0.7093750238418579 0.6740740537643433 0.015625 0.05370370298624039
1 0.7841145992279053 0.28101852536201477 0.03281249850988388 0.03611111268401146
1 0.9742187261581421 0.8430555462837219 0.05156249925494194 0.20092593133449554
