1 0.8361979126930237 0.3143518567085266 0.0390625 0.0416666679084301
1 0.8348958492279053 0.20416666567325592 0.02395833283662796 0.023148147389292717
1 0.8179687261581421 0.19305555522441864 0.02239583246409893 0.021296296268701553
1 0.8182291388511658 0.6685185432434082 0.0885416641831398 0.07592592388391495
8 0.80078125 0.18472221493721008 0.01197916641831398 0.017592592164874077
7 0.901562511920929 0.7620370388031006 0.06979166716337204 0.06296296417713165
2 0.7684895992279053 0.1675925999879837 0.04739583283662796 0.051851850003004074
0 0.8122395873069763 0.1537037044763565 0.00572916679084301 0.018518518656492233
0 0.8033854365348816 0.1578703671693802 0.00572916679084301 0.017592592164874077
0 0.800000011920929 0.18009258806705475 0.0052083334885537624 0.010185184888541698
0 0.8002604246139526 0.17638888955116272 0.00572916679084301 0.017592592164874077
0 0.8002604246139526 0.17638888955116272 0.00572916679084301 0.017592592164874077
0 0.801562488079071 0.16990740597248077 0.0052083334885537624 0.017592592164874077
0 0.7997395992279053 0.1805555522441864 0.00572916679084301 0.011111111380159855
0 0.8002604246139526 0.17638888955116272 0.00572916679084301 0.017592592164874077
0 0.801562488079071 0.16990740597248077 0.0052083334885537624 0.017592592164874077
0 0.8002604246139526 0.17638888955116272 0.00572916679084301 0.017592592164874077
0 0.8002604246139526 0.17638888955116272 0.00572916679084301 0.017592592164874077
0 0.80078125 0.17499999701976776 0.004687500186264515 0.012962962500751019
0 0.801562488079071 0.16990740597248077 0.0052083334885537624 0.017592592164874077
0 0.8013020753860474 0.17083333432674408 0.00572916679084301 0.017592592164874077
0 0.80078125 0.17407406866550446 0.00572916679084301 0.011111111380159855
0 0.801562488079071 0.16990740597248077 0.0052083334885537624 0.017592592164874077
0 0.800000011920929 0.18009258806705475 0.0052083334885537624 0.010185184888541698
0 0.13880208134651184 0.5763888955116272 0.01927083358168602 0.04722222313284874
0 0.8013020753860474 0.16990740597248077 0.00572916679084301 0.017592592164874077
0 0.8013020753860474 0.17083333432674408 0.00572916679084301 0.017592592164874077
0 0.36406248807907104 0.5634258985519409 0.01145833358168602 0.04722222313284874
0 0.8023437261581421 0.16620370745658875 0.00572916679084301 0.017592592164874077
0 0.7697916626930237 0.8458333611488342 0.02187499962747097 0.06388889253139496
1 0.8361979126930237 0.3143518567085266 0.0390625 0.0416666679084301
