1 0.9158853888511658 0.34490740299224854 0.04635416716337204 0.04722222313284874
1 0.9140625 0.2222222238779068 0.02812499925494194 0.025925925001502037
1 0.8947916626930237 0.20972222089767456 0.02604166604578495 0.023148147389292717
1 0.8958333134651184 0.7523148059844971 0.10729166865348816 0.0972222238779068
8 0.875 0.19907407462596893 0.01354166679084301 0.018518518656492233
7 0.9817708134651184 0.8791666626930237 0.0364583320915699 0.07870370149612427
2 0.8393229246139526 0.1796296238899231 0.0546875 0.05740740895271301
0 0.8890625238418579 0.16620370745658875 0.0072916666977107525 0.01944444514811039
0 0.8786458373069763 0.17083333432674408 0.0072916666977107525 0.01944444514811039
0 0.8739583492279053 0.1944444477558136 0.0062500000931322575 0.011111111380159855
0 0.8747395873069763 0.19074073433876038 0.006770833395421505 0.018518518656492233
0 0.8747395873069763 0.19074073433876038 0.006770833395421505 0.018518518656492233
0 0.8760416507720947 0.18333333730697632 0.0072916666977107525 0.018518518656492233
0 0.8739583492279053 0.19490741193294525 0.0062500000931322575 0.012037036940455437
0 0.8747395873069763 0.19074073433876038 0.006770833395421505 0.018518518656492233
0 0.8760416507720947 0.18333333730697632 0.0072916666977107525 0.018518518656492233
0 0.8747395873069763 0.19074073433876038 0.006770833395421505 0.018518518656492233
0 0.8747395873069763 0.19074073433876038 0.006770833395421505 0.018518518656492233
0 0.875 0.18888889253139496 0.0062500000931322575 0.012962962500751019
0 0.8760416507720947 0.18333333730697632 0.0072916666977107525 0.018518518656492233
0 0.8760416507720947 0.18425926566123962 0.0072916666977107525 0.018518518656492233
0 0.8752604126930237 0.1875 0.006770833395421505 0.012037036940455437
0 0.8760416507720947 0.18333333730697632 0.0072916666977107525 0.018518518656492233
0 0.8739583492279053 0.1944444477558136 0.0062500000931322575 0.011111111380159855
0 0.18020834028720856 0.5699074268341064 0.01770833320915699 0.04722222313284874
0 0.8760416507720947 0.18333333730697632 0.0072916666977107525 0.018518518656492233
0 0.8760416507720947 0.18425926566123962 0.0072916666977107525 0.018518518656492233
0 0.40182292461395264 0.5787037014961243 0.00989583320915699 0.04814814776182175
0 0.8768228888511658 0.1796296238899231 0.006770833395421505 0.018518518656492233
0 0.8348958492279053 0.9564814567565918 0.02812499925494194 0.07037036865949631
1 0.9158853888511658 0.34490740299224854 0.04635416716337204 0.04722222313284874
