1 0.9765625 0.8995370268821716 0.046875 0.1398148089647293
8 0.9963541626930237 0.2273148149251938 0.0072916666977107525 0.021296296268701553
2 0.9580729007720947 0.20324073731899261 0.0703125 0.06574074178934097
0 0.9979166388511658 0.2212962955236435 0.004166666883975267 0.012962962500751019
0 0.9981771111488342 0.2171296328306198 0.0036458333488553762 0.021296296268701553
0 0.9981771111488342 0.2171296328306198 0.0036458333488553762 0.021296296268701553
0 0.9994791746139526 0.20972222089767456 0.0010416667209938169 0.021296296268701553
0 0.9979166388511658 0.22175925970077515 0.004166666883975267 0.013888888992369175
0 0.9981771111488342 0.2171296328306198 0.0036458333488553762 0.021296296268701553
0 0.9994791746139526 0.20972222089767456 0.0010416667209938169 0.021296296268701553
0 0.9981771111488342 0.2171296328306198 0.0036458333488553762 0.021296296268701553
0 0.9981771111488342 0.2171296328306198 0.0036458333488553762 0.021296296268701553
0 0.9989583492279053 0.21574074029922485 0.0020833334419876337 0.014814814552664757
0 0.9994791746139526 0.20972222089767456 0.0010416667209938169 0.021296296268701553
0 0.999218761920929 0.21064814925193787 0.0015625000232830644 0.021296296268701553
0 0.9989583492279053 0.2143518477678299 0.0020833334419876337 0.013888888992369175
0 0.9994791746139526 0.20972222089767456 0.0010416667209938169 0.021296296268701553
0 0.09583333134651184 0.1328703761100769 0.0052083334885537624 0.013888888992369175
0 0.9979166388511658 0.2212962955236435 0.004166666883975267 0.012962962500751019
0 0.0807291641831398 0.125 0.0052083334885537624 0.012962962500751019
0 0.07864583283662796 0.1259259283542633 0.0052083334885537624 0.012962962500751019
0 0.24427083134651184 0.5550925731658936 0.015625 0.04722222313284874
0 0.9994791746139526 0.20972222089767456 0.0010416667209938169 0.021296296268701553
0 0.999218761920929 0.21064814925193787 0.0015625000232830644 0.021296296268701553
0 0.01953125 0.14907407760620117 0.006770833395421505 0.014814814552664757
0 0.4583333432674408 0.5972222089767456 0.00937500037252903 0.05000000074505806
