6 0.04505208507180214 0.6356481313705444 0.0234375 0.04722222313284874
0 0.3440104126930237 0.11249999701976776 0.0026041667442768812 0.012037036940455437
0 0.20807291567325592 0.37268519401550293 0.010937499813735485 0.034259259700775146
0 0.3356770873069763 0.1050925925374031 0.0026041667442768812 0.012037036940455437
0 0.3330729305744171 0.10555555671453476 0.0026041667442768812 0.011111111380159855
0 0.39765626192092896 0.5611110925674438 0.010937499813735485 0.04814814776182175
0 0.15859374403953552 0.14537036418914795 0.004687500186264515 0.014814814552664757
0 0.2916666567325592 0.12083332985639572 0.0031250000465661287 0.012037036940455437
0 0.6190103888511658 0.7189815044403076 0.01406249962747097 0.05833333358168602
0 0.21380208432674408 0.13935184478759766 0.004687500186264515 0.013888888992369175
0 0.19895833730697632 0.13657407462596893 0.004166666883975267 0.013888888992369175
0 0.171875 0.16018518805503845 0.004166666883975267 0.011111111380159855
