0 0.31197917461395264 0.11435185372829437 0.0031250000465661287 0.012037036940455437
0 0.17786458134651184 0.3787037134170532 0.01197916641831398 0.035185184329748154
0 0.3031249940395355 0.10648148506879807 0.0031250000465661287 0.011111111380159855
0 0.30026042461395264 0.10694444179534912 0.0026041667442768812 0.012037036940455437
0 0.3763020932674408 0.5546296238899231 0.010937499813735485 0.04814814776182175
0 0.11822916567325592 0.14953704178333282 0.0052083334885537624 0.015740741044282913
0 0.2575520873069763 0.12314815074205399 0.0036458333488553762 0.012962962500751019
0 0.5932291746139526 0.6902777552604675 0.012500000186264515 0.05648148059844971
0 0.17682291567325592 0.14259259402751923 0.004687500186264515 0.014814814552664757
0 0.16119791567325592 0.14074073731899261 0.004687500186264515 0.014814814552664757
0 0.13359375298023224 0.16435185074806213 0.004687500186264515 0.012037036940455437
