1 0.9781249761581421 0.3712962865829468 0.04374999925494194 0.05370370298624039
1 0.9807291626930237 0.23842592537403107 0.03229166567325592 0.028703704476356506
1 0.9591146111488342 0.2240740805864334 0.02968749962747097 0.025925925001502037
1 0.9481770992279053 0.8199074268341064 0.10364583134651184 0.11574073880910873
8 0.9369791746139526 0.21203704178333282 0.015625 0.020370369777083397
2 0.897656261920929 0.19074073433876038 0.06197916716337204 0.06111111119389534
0 0.9533854126930237 0.17731481790542603 0.008854166604578495 0.021296296268701553
0 0.9416666626930237 0.182407408952713 0.008333333767950535 0.020370369777083397
0 0.9359375238418579 0.20694445073604584 0.0072916666977107525 0.012037036940455437
0 0.9369791746139526 0.20324073731899261 0.008333333767950535 0.01944444514811039
0 0.9369791746139526 0.20324073731899261 0.008333333767950535 0.01944444514811039
0 0.9385416507720947 0.1953703761100769 0.008333333767950535 0.020370369777083397
0 0.9359375238418579 0.2074074000120163 0.0072916666977107525 0.012962962500751019
0 0.9369791746139526 0.20324073731899261 0.008333333767950535 0.01944444514811039
0 0.9385416507720947 0.1953703761100769 0.008333333767950535 0.020370369777083397
0 0.9369791746139526 0.20324073731899261 0.008333333767950535 0.01944444514811039
0 0.9369791746139526 0.20324073731899261 0.008333333767950535 0.01944444514811039
0 0.9372395873069763 0.2013888955116272 0.006770833395421505 0.013888888992369175
0 0.9385416507720947 0.1953703761100769 0.008333333767950535 0.020370369777083397
0 0.9385416507720947 0.19629628956317902 0.008333333767950535 0.020370369777083397
0 0.9375 0.20000000298023224 0.0072916666977107525 0.012962962500751019
0 0.9385416507720947 0.1953703761100769 0.008333333767950535 0.020370369777083397
0 0.0403645820915699 0.13935184478759766 0.00572916679084301 0.013888888992369175
0 0.9359375238418579 0.20694445073604584 0.0072916666977107525 0.012037036940455437
0 0.02317708358168602 0.1319444477558136 0.00572916679084301 0.013888888992369175
0 0.02109375037252903 0.1328703761100769 0.00572916679084301 0.013888888992369175
0 0.21458333730697632 0.5606481432914734 0.01666666753590107 0.04722222313284874
0 0.9385416507720947 0.1953703761100769 0.008333333767950535 0.020370369777083397
0 0.9385416507720947 0.19629628956317902 0.008333333767950535 0.020370369777083397
0 0.4312500059604645 0.5865740776062012 0.00937500037252903 0.049074072390794754
0 0.9395833611488342 0.19166666269302368 0.008333333767950535 0.020370369777083397
1 0.9781249761581421 0.3712962865829468 0.04374999925494194 0.05370370298624039
