4 0.10000000149011612 0.10972221940755844 0.02916666679084301 0.049074072390794754
6 0.13333334028720856 0.5546296238899231 0.015625 0.04259259253740311
6 0.16302083432674408 0.7018518447875977 0.01979166641831398 0.05740740895271301
6 0.1458333283662796 0.6171296238899231 0.01666666753590107 0.049074072390794754
1 0.1080729141831398 0.130092591047287 0.013020833022892475 0.017592592164874077
7 0.1419270783662796 0.23981481790542603 0.01197916641831398 0.024074073880910873
1 0.05416666716337204 0.18333333730697632 0.02708333358168602 0.020370369777083397
2 0.09479166567325592 0.13425925374031067 0.02500000037252903 0.04814814776182175
0 0.46484375 0.11157407611608505 0.0015625000232830644 0.012037036940455437
0 0.31562501192092896 0.36666667461395264 0.008333333767950535 0.03333333507180214
0 0.45885416865348816 0.10370370000600815 0.0020833334419876337 0.011111111380159855
0 0.4554687440395355 0.10370370000600815 0.0015625000232830644 0.011111111380159855
0 0.4802083373069763 0.6157407164573669 0.00937500037252903 0.051851850003004074
0 0.29869791865348816 0.13379628956317902 0.0036458333488553762 0.013888888992369175
0 0.06588541716337204 0.19583334028720856 0.006770833395421505 0.01944444514811039
0 0.078125 0.0912037044763565 0.0031250000465661287 0.010185184888541698
0 0.41718751192092896 0.11666666716337204 0.0020833334419876337 0.012962962500751019
0 0.09869791567325592 0.08842592686414719 0.0036458333488553762 0.010185184888541698
0 0.7434895634651184 0.917129635810852 0.02447916753590107 0.0694444477558136
0 0.34453123807907104 0.1310185194015503 0.0026041667442768812 0.013888888992369175
0 0.0872395858168602 0.0902777761220932 0.0036458333488553762 0.010185184888541698
0 0.33411458134651184 0.12777778506278992 0.0026041667442768812 0.012962962500751019
0 0.0481770820915699 0.08796296268701553 0.0036458333488553762 0.009259259328246117
0 0.3062500059604645 0.14907407760620117 0.0031250000465661287 0.011111111380159855
4 0.10000000149011612 0.10972221940755844 0.02916666679084301 0.049074072390794754
