4 0.13203124701976776 0.10740740597248077 0.02656250074505806 0.04814814776182175
6 0.14557291567325592 0.5652777552604675 0.01406249962747097 0.043518517166376114
6 0.16875000298023224 0.7263888716697693 0.01875000074505806 0.06203703582286835
6 0.15520833432674408 0.6328703761100769 0.01666666753590107 0.05092592537403107
8 0.006770833395421505 0.192592591047287 0.01354166679084301 0.018518518656492233
1 0.13958333432674408 0.12777778506278992 0.012500000186264515 0.01666666753590107
7 0.16770833730697632 0.23981481790542603 0.01145833358168602 0.024074073880910873
1 0.01588541641831398 0.19583334028720856 0.03177083283662796 0.026851851493120193
1 0.08411458134651184 0.18009258806705475 0.02552083320915699 0.01944444514811039
2 0.12578125298023224 0.13148148357868195 0.0234375 0.04814814776182175
0 0.48906248807907104 0.11249999701976776 0.0020833334419876337 0.012037036940455437
0 0.3333333432674408 0.37361112236976624 0.008333333767950535 0.034259259700775146
0 0.48359376192092896 0.1041666641831398 0.0015625000232830644 0.012037036940455437
0 0.47994792461395264 0.10370370000600815 0.0015625000232830644 0.011111111380159855
0 0.4963541626930237 0.6481481194496155 0.00937500037252903 0.05370370298624039
0 0.3239583373069763 0.1328703761100769 0.0031250000465661287 0.013888888992369175
0 0.09713541716337204 0.19212962687015533 0.006770833395421505 0.01944444514811039
0 0.11302082985639572 0.08888889104127884 0.0031250000465661287 0.009259259328246117
0 0.44218748807907104 0.11759259551763535 0.0020833334419876337 0.012962962500751019
0 0.13229165971279144 0.08611111342906952 0.0031250000465661287 0.009259259328246117
0 0.7867187261581421 0.9921296238899231 0.02968749962747097 0.015740741044282913
0 0.3687500059604645 0.13148148357868195 0.0031250000465661287 0.012962962500751019
0 0.12187500298023224 0.08796296268701553 0.0031250000465661287 0.009259259328246117
0 0.3591145873069763 0.12777778506278992 0.0026041667442768812 0.012962962500751019
0 0.08437500149011612 0.08518518507480621 0.0031250000465661287 0.009259259328246117
0 0.3307291567325592 0.14907407760620117 0.0031250000465661287 0.011111111380159855
4 0.13255208730697632 0.10740740597248077 0.02656250074505806 0.04814814776182175
