4 0.2874999940395355 0.10000000149011612 0.01770833320915699 0.046296294778585434
6 0.19895833730697632 0.6537036895751953 0.014583333395421505 0.0555555559694767
6 0.17552083730697632 0.9259259104728699 0.02291666716337204 0.09074074029922485
6 0.18958333134651184 0.7611111402511597 0.01770833320915699 0.06851851940155029
2 0.10833333432674408 0.1736111044883728 0.05833333358168602 0.05462963134050369
8 0.16249999403953552 0.17685185372829437 0.01145833358168602 0.01666666753590107
1 0.29114583134651184 0.11990740895271301 0.00937500037252903 0.015740741044282913
7 0.2955729067325592 0.24675926566123962 0.008854166604578495 0.02500000037252903
1 0.17630209028720856 0.17916665971279144 0.02968749962747097 0.023148147389292717
1 0.22604165971279144 0.16990740597248077 0.02083333395421505 0.017592592164874077
7 0.05078125 0.1953703761100769 0.02031249925494194 0.018518518656492233
2 0.27682292461395264 0.12361110746860504 0.01822916604578495 0.04537037014961243
0 0.6273437738418579 0.1240740716457367 0.0026041667442768812 0.012962962500751019
0 0.4299479126930237 0.42824074625968933 0.006770833395421505 0.037962961941957474
0 0.6247395873069763 0.11435185372829437 0.0026041667442768812 0.012037036940455437
0 0.6197916865348816 0.11342592537403107 0.0020833334419876337 0.012037036940455437
0 0.12656250596046448 0.17222222685813904 0.0062500000931322575 0.01666666753590107
0 0.594531238079071 0.9379629492759705 0.01718750037252903 0.07037036865949631
0 0.45885416865348816 0.13611111044883728 0.0020833334419876337 0.014814814552664757
0 0.03229166567325592 0.21203704178333282 0.0072916666977107525 0.012962962500751019
0 0.24791666865348816 0.182407408952713 0.004166666883975267 0.018518518656492233
0 0.2786458432674408 0.08009259402751923 0.0020833334419876337 0.008333333767950535
0 0.5807291865348816 0.1259259283542633 0.0020833334419876337 0.012962962500751019
0 0.2927083373069763 0.07870370149612427 0.0020833334419876337 0.009259259328246117
0 0.49947917461395264 0.13750000298023224 0.0020833334419876337 0.013888888992369175
0 0.28593748807907104 0.07962962985038757 0.0020833334419876337 0.009259259328246117
0 0.4945312440395355 0.1328703761100769 0.0015625000232830644 0.013888888992369175
0 0.25312501192092896 0.0763888880610466 0.0020833334419876337 0.008333333767950535
0 0.4583333432674408 0.1537037044763565 0.0020833334419876337 0.011111111380159855
4 0.2877604067325592 0.10000000149011612 0.01718750037252903 0.046296294778585434
