4 0.21875 0.10231481492519379 0.02083333395421505 0.04722222313284874
6 0.17343750596046448 0.6129629611968994 0.012500000186264515 0.05000000074505806
6 0.17343750596046448 0.8305555582046509 0.01666666753590107 0.07592592388391495
6 0.1731770783662796 0.7013888955116272 0.01406249962747097 0.06018518656492233
2 0.02890625037252903 0.18287037312984467 0.05781250074505806 0.05833333358168602
8 0.0924479141831398 0.18287037312984467 0.013020833022892475 0.017592592164874077
1 0.2239583283662796 0.12268518656492233 0.010416666977107525 0.015740741044282913
7 0.23776040971279144 0.2430555522441864 0.00989583320915699 0.02500000037252903
1 0.1041666641831398 0.18611110746860504 0.03333333507180214 0.024074073880910873
1 0.16223958134651184 0.17407406866550446 0.02239583246409893 0.018518518656492233
2 0.2096354216337204 0.1259259283542633 0.02031249925494194 0.046296294778585434
0 0.5619791746139526 0.1180555522441864 0.0020833334419876337 0.012037036940455437
0 0.3841145932674408 0.40138888359069824 0.0078125 0.03611111268401146
0 0.5583333373069763 0.10879629850387573 0.0020833334419876337 0.012037036940455437
0 0.553906261920929 0.10833333432674408 0.0015625000232830644 0.011111111380159855
0 0.04583333432674408 0.1814814805984497 0.0072916666977107525 0.018518518656492233
0 0.5463541746139526 0.7847222089767456 0.012500000186264515 0.06203703582286835
0 0.3971354067325592 0.13379628956317902 0.0026041667442768812 0.013888888992369175
0 0.18072916567325592 0.18611110746860504 0.0052083334885537624 0.018518518656492233
0 0.20624999701976776 0.0833333358168602 0.0020833334419876337 0.009259259328246117
0 0.515625 0.12129629403352737 0.0020833334419876337 0.012962962500751019
0 0.22213540971279144 0.08148147910833359 0.0026041667442768812 0.009259259328246117
0 0.4388020932674408 0.13379628956317902 0.0026041667442768812 0.013888888992369175
0 0.21380208432674408 0.08287037163972855 0.0026041667442768812 0.008333333767950535
0 0.4322916567325592 0.12962962687015533 0.0020833334419876337 0.012962962500751019
0 0.17942708730697632 0.07962962985038757 0.0026041667442768812 0.009259259328246117
0 0.39921873807907104 0.1509259194135666 0.0026041667442768812 0.011111111380159855
4 0.21901041269302368 0.10231481492519379 0.02135416679084301 0.04722222313284874
