4 0.2057291716337204 0.10324074327945709 0.02187499962747097 0.04722222313284874
6 0.16875000298023224 0.6060185432434082 0.012500000186264515 0.049074072390794754
6 0.17239584028720856 0.8148148059844971 0.01666666753590107 0.07407407462596893
6 0.17005208134651184 0.6912037134170532 0.01406249962747097 0.05833333358168602
2 0.02109375037252903 0.18518517911434174 0.04218750074505806 0.05925925821065903
8 0.07890625298023224 0.18472221493721008 0.013020833022892475 0.017592592164874077
1 0.21119791269302368 0.12314815074205399 0.010937499813735485 0.01666666753590107
7 0.22708334028720856 0.2421296238899231 0.010416666977107525 0.02500000037252903
1 0.09036458283662796 0.1875 0.0338541679084301 0.02500000037252903
1 0.15052083134651184 0.17499999701976776 0.02291666716337204 0.018518518656492233
2 0.19687500596046448 0.12638889253139496 0.02083333395421505 0.04722222313284874
0 0.5505208373069763 0.11712963134050369 0.0020833334419876337 0.012037036940455437
0 0.3760416805744171 0.3967592716217041 0.0072916666977107525 0.03611111268401146
0 0.5463541746139526 0.10787037014961243 0.0020833334419876337 0.012037036940455437
0 0.542187511920929 0.10740740597248077 0.0020833334419876337 0.011111111380159855
0 0.02994791604578495 0.18333333730697632 0.0078125 0.018518518656492233
0 0.5385416746139526 0.7620370388031006 0.01145833358168602 0.06111111119389534
0 0.3856770694255829 0.13379628956317902 0.0026041667442768812 0.013888888992369175
0 0.16822916269302368 0.18703703582286835 0.0052083334885537624 0.018518518656492233
0 0.19244791567325592 0.08425925672054291 0.0026041667442768812 0.009259259328246117
0 0.5041666626930237 0.12037037312984467 0.0020833334419876337 0.012962962500751019
0 0.20859375596046448 0.08194444328546524 0.0026041667442768812 0.008333333767950535
0 0.42786458134651184 0.13379628956317902 0.0026041667442768812 0.013888888992369175
0 0.20026041567325592 0.0833333358168602 0.0026041667442768812 0.009259259328246117
0 0.4208333194255829 0.12916666269302368 0.0020833334419876337 0.013888888992369175
0 0.1653645783662796 0.08055555820465088 0.0026041667442768812 0.009259259328246117
0 0.38880208134651184 0.15046297013759613 0.0026041667442768812 0.010185184888541698
4 0.2057291716337204 0.10324074327945709 0.02187499962747097 0.04722222313284874
