4 0.39244791865348816 0.09953703731298447 0.013020833022892475 0.04722222313284874
6 0.20911458134651184 0.8074073791503906 0.02447916753590107 0.07592592388391495
6 0.24140624701976776 0.5449073910713196 0.01614583283662796 0.032407406717538834
6 0.17135415971279144 0.9694444537162781 0.03333333507180214 0.06111111119389534
2 0.22499999403953552 0.16805554926395416 0.05000000074505806 0.05092592537403107
8 0.26249998807907104 0.1736111044883728 0.010416666977107525 0.015740741044282913
1 0.39401042461395264 0.11990740895271301 0.0078125 0.015740741044282913
7 0.3825520873069763 0.26620370149612427 0.0078125 0.026851851493120193
1 0.27942708134651184 0.17731481790542603 0.02760416641831398 0.021296296268701553
1 0.3187499940395355 0.17083333432674408 0.01979166641831398 0.017592592164874077
7 0.1744791716337204 0.1856481432914734 0.01666666753590107 0.017592592164874077
2 0.3791666626930237 0.1259259283542633 0.015625 0.03888889029622078
0 0.7510416507720947 0.14259259402751923 0.004166666883975267 0.014814814552664757
0 0.5072916746139526 0.5166666507720947 0.0062500000931322575 0.04444444552063942
0 0.7510416507720947 0.13055555522441864 0.004166666883975267 0.012962962500751019
0 0.7440103888511658 0.12824073433876038 0.0036458333488553762 0.013888888992369175
0 0.24036458134651184 0.1666666716337204 0.004687500186264515 0.01666666753590107
0 0.0078125 0.1736111044883728 0.0072916666977107525 0.017592592164874077
0 0.5648437738418579 0.14629629254341125 0.0026041667442768812 0.014814814552664757
0 0.1458333283662796 0.20324073731899261 0.0062500000931322575 0.012037036940455437
0 0.3486979305744171 0.18518517911434174 0.0036458333488553762 0.018518518656492233
0 0.0020833334419876337 0.20277777314186096 0.004166666883975267 0.020370369777083397
0 0.38880208134651184 0.07870370149612427 0.0015625000232830644 0.009259259328246117
0 0.7013021111488342 0.14166666567325592 0.0036458333488553762 0.014814814552664757
0 0.3997395932674408 0.0773148164153099 0.0015625000232830644 0.008333333767950535
0 0.007031249813735485 0.20277777314186096 0.008854166604578495 0.020370369777083397
0 0.604687511920929 0.15138888359069824 0.0031250000465661287 0.015740741044282913
0 0.06041666492819786 0.2023148089647293 0.008333333767950535 0.01944444514811039
0 0.39505207538604736 0.07777778059244156 0.0015625000232830644 0.009259259328246117
0 0.6044270992279053 0.14444445073604584 0.0026041667442768812 0.014814814552664757
0 0.36250001192092896 0.07361111044883728 0.0010416667209938169 0.008333333767950535
0 0.5583333373069763 0.16712963581085205 0.0020833334419876337 0.012037036940455437
4 0.39270833134651184 0.10000000149011612 0.01354166679084301 0.046296294778585434
