4 0.39921873807907104 0.10000000149011612 0.013020833022892475 0.046296294778585434
6 0.20598958432674408 0.8282407522201538 0.02552083320915699 0.07870370149612427
6 0.24296875298023224 0.5537037253379822 0.01614583283662796 0.03333333507180214
6 0.16458334028720856 0.9847221970558167 0.03541666641831398 0.03055555559694767
2 0.23203125596046448 0.16851851344108582 0.0494791679084301 0.05000000074505806
8 0.2684895694255829 0.1745370328426361 0.00989583320915699 0.015740741044282913
1 0.4007812440395355 0.12083332985639572 0.0078125 0.015740741044282913
7 0.3880208432674408 0.26851850748062134 0.0072916666977107525 0.02777777798473835
1 0.2854166626930237 0.17824074625968933 0.02708333358168602 0.021296296268701553
1 0.3244791626930237 0.17129629850387573 0.01979166641831398 0.01666666753590107
7 0.18151041865348816 0.1856481432914734 0.01718750037252903 0.017592592164874077
2 0.3856770694255829 0.12638889253139496 0.015104166232049465 0.037962961941957474
0 0.7606770992279053 0.14444445073604584 0.004687500186264515 0.014814814552664757
0 0.5127604007720947 0.5273148417472839 0.006770833395421505 0.04537037014961243
0 0.760937511920929 0.1319444477558136 0.004166666883975267 0.013888888992369175
0 0.7533854246139526 0.12962962687015533 0.0036458333488553762 0.012962962500751019
0 0.24713541567325592 0.1666666716337204 0.004687500186264515 0.01666666753590107
0 0.01666666753590107 0.1726851910352707 0.0072916666977107525 0.017592592164874077
0 0.5723958611488342 0.1476851850748062 0.0020833334419876337 0.015740741044282913
0 0.15208333730697632 0.20324073731899261 0.0062500000931322575 0.012037036940455437
0 0.3552083373069763 0.1856481432914734 0.0031250000465661287 0.017592592164874077
0 0.008333333767950535 0.20185184478759766 0.008333333767950535 0.020370369777083397
0 0.3958333432674408 0.07870370149612427 0.0010416667209938169 0.009259259328246117
0 0.7106770873069763 0.14351852238178253 0.0036458333488553762 0.014814814552664757
0 0.40677082538604736 0.07777778059244156 0.0010416667209938169 0.009259259328246117
0 0.014843749813735485 0.2023148089647293 0.008854166604578495 0.01944444514811039
0 0.612500011920929 0.15231481194496155 0.0031250000465661287 0.015740741044282913
0 0.06718750298023224 0.2013888955116272 0.008333333767950535 0.01944444514811039
0 0.0020833334419876337 0.17916665971279144 0.004166666883975267 0.017592592164874077
0 0.40234375 0.07824073731899261 0.0015625000232830644 0.008333333767950535
0 0.612500011920929 0.14629629254341125 0.0031250000465661287 0.014814814552664757
0 0.3695312440395355 0.07361111044883728 0.0015625000232830644 0.008333333767950535
0 0.5653645992279053 0.16851851344108582 0.0026041667442768812 0.011111111380159855
4 0.39921873807907104 0.10000000149011612 0.013020833022892475 0.046296294778585434
