4 0.3492187559604645 0.09907407313585281 0.015104166232049465 0.046296294778585434
6 0.21067708730697632 0.7250000238418579 0.01927083358168602 0.06481481343507767
6 0.22447916865348816 0.5097222328186035 0.01666666753590107 0.028703704476356506
6 0.18802084028720856 0.8666666746139526 0.02500000037252903 0.0833333358168602
2 0.1783854216337204 0.16944444179534912 0.05260416492819786 0.051851850003004074
8 0.22239583730697632 0.1736111044883728 0.010416666977107525 0.015740741044282913
1 0.3515625 0.11898148059844971 0.008333333767950535 0.015740741044282913
7 0.34687501192092896 0.2569444477558136 0.008333333767950535 0.026851851493120193
1 0.23749999701976776 0.17731481790542603 0.02812499925494194 0.021296296268701553
1 0.28177082538604736 0.16944444179534912 0.01979166641831398 0.01666666753590107
7 0.12552084028720856 0.1884259283542633 0.01770833320915699 0.017592592164874077
2 0.3369791805744171 0.1240740716457367 0.01666666753590107 0.04259259253740311
0 0.6958333253860474 0.13379628956317902 0.0031250000465661287 0.013888888992369175
0 0.4739583432674408 0.47083333134651184 0.0062500000931322575 0.0416666679084301
0 0.6947916746139526 0.12222222238779068 0.0031250000465661287 0.012962962500751019
0 0.6885416507720947 0.12037037312984467 0.0031250000465661287 0.012962962500751019
0 0.19479165971279144 0.1675925999879837 0.0052083334885537624 0.01666666753590107
0 0.5192708373069763 0.14074073731899261 0.0020833334419876337 0.014814814552664757
0 0.10130207985639572 0.20509259402751923 0.006770833395421505 0.012037036940455437
0 0.3075520694255829 0.182407408952713 0.0036458333488553762 0.018518518656492233
0 0.3434895873069763 0.07870370149612427 0.0015625000232830644 0.009259259328246117
0 0.6479166746139526 0.13379628956317902 0.0031250000465661287 0.013888888992369175
0 0.35598957538604736 0.0773148164153099 0.0015625000232830644 0.008333333767950535
0 0.5591145753860474 0.14444445073604584 0.0026041667442768812 0.014814814552664757
0 0.00963541679084301 0.20694445073604584 0.008854166604578495 0.01944444514811039
0 0.3502604067325592 0.07870370149612427 0.0015625000232830644 0.009259259328246117
0 0.5567708611488342 0.13842593133449554 0.0020833334419876337 0.013888888992369175
0 0.3179687559604645 0.07453703880310059 0.0015625000232830644 0.008333333767950535
0 0.515625 0.16018518805503845 0.0020833334419876337 0.011111111380159855
4 0.3492187559604645 0.09907407313585281 0.015104166232049465 0.046296294778585434
