4 0.40807291865348816 0.10138888657093048 0.013020833022892475 0.04722222313284874
6 0.18411459028720856 0.9101851582527161 0.03072916716337204 0.08888889104127884
6 0.23489584028720856 0.5884259343147278 0.01666666753590107 0.037962961941957474
6 0.22083333134651184 0.5638889074325562 0.015625 0.035185184329748154
2 0.2395833283662796 0.17129629850387573 0.05000000074505806 0.051851850003004074
8 0.27291667461395264 0.17731481790542603 0.010416666977107525 0.015740741044282913
1 0.40963542461395264 0.12222222238779068 0.0078125 0.01666666753590107
7 0.39401042461395264 0.27731481194496155 0.0078125 0.028703704476356506
1 0.2914062440395355 0.18101851642131805 0.02760416641831398 0.021296296268701553
1 0.32890623807907104 0.1745370328426361 0.02031249925494194 0.017592592164874077
7 0.18854166567325592 0.1884259283542633 0.01666666753590107 0.017592592164874077
2 0.39375001192092896 0.1310185194015503 0.015625 0.037962961941957474
0 0.7770833373069763 0.14907407760620117 0.004166666883975267 0.014814814552664757
0 0.5213541388511658 0.5625 0.0072916666977107525 0.04722222313284874
0 0.778124988079071 0.13564814627170563 0.004166666883975267 0.013888888992369175
0 0.7697916626930237 0.1328703761100769 0.004166666883975267 0.013888888992369175
0 0.25442707538604736 0.16851851344108582 0.004687500186264515 0.01666666753590107
0 0.02395833283662796 0.17407406866550446 0.0072916666977107525 0.01666666753590107
0 0.5846354365348816 0.15138888359069824 0.0026041667442768812 0.015740741044282913
0 0.15572915971279144 0.20601852238178253 0.0062500000931322575 0.012037036940455437
0 0.36328125 0.18981482088565826 0.0036458333488553762 0.018518518656492233
0 0.01354166679084301 0.20416666567325592 0.008333333767950535 0.01944444514811039
0 0.40546876192092896 0.07962962985038757 0.0015625000232830644 0.009259259328246117
0 0.7270833253860474 0.1476851850748062 0.004166666883975267 0.015740741044282913
0 0.41588541865348816 0.07824073731899261 0.0015625000232830644 0.008333333767950535
0 0.01901041716337204 0.20462962985038757 0.008854166604578495 0.020370369777083397
0 0.6247395873069763 0.15694443881511688 0.0036458333488553762 0.015740741044282913
0 0.07057292014360428 0.20416666567325592 0.0078125 0.01944444514811039
0 0.00572916679084301 0.1805555522441864 0.0072916666977107525 0.018518518656492233
0 0.41197916865348816 0.07870370149612427 0.0010416667209938169 0.009259259328246117
0 0.625781238079071 0.14953704178333282 0.0026041667442768812 0.015740741044282913
0 0.37838542461395264 0.07453703880310059 0.0015625000232830644 0.008333333767950535
0 0.5763021111488342 0.1726851910352707 0.0026041667442768812 0.012037036940455437
4 0.40807291865348816 0.10138888657093048 0.013020833022892475 0.04722222313284874
