4 0.4075520932674408 0.10185185074806213 0.013020833022892475 0.04814814776182175
6 0.17291666567325592 0.9425926208496094 0.03229166567325592 0.09444444626569748
6 0.2291666716337204 0.602314829826355 0.01666666753590107 0.037962961941957474
6 0.21510416269302368 0.5763888955116272 0.015625 0.03611111268401146
2 0.23828125 0.17222222685813904 0.05052083358168602 0.051851850003004074
8 0.2708333432674408 0.17870371043682098 0.010416666977107525 0.01666666753590107
1 0.16458334028720856 0.4347222149372101 0.05833333358168602 0.049074072390794754
1 0.4091145694255829 0.12314815074205399 0.0078125 0.01666666753590107
7 0.3929687440395355 0.28009259700775146 0.0078125 0.028703704476356506
1 0.2903645932674408 0.182407408952713 0.02760416641831398 0.02222222276031971
1 0.32734376192092896 0.17592592537403107 0.02031249925494194 0.01666666753590107
7 0.18697915971279144 0.18981482088565826 0.01666666753590107 0.01666666753590107
2 0.3932291567325592 0.1319444477558136 0.015625 0.03981481492519379
0 0.7789062261581421 0.15046297013759613 0.004687500186264515 0.015740741044282913
0 0.5218750238418579 0.574999988079071 0.0072916666977107525 0.04814814776182175
0 0.7796875238418579 0.13657407462596893 0.004166666883975267 0.013888888992369175
0 0.7713541388511658 0.13379628956317902 0.004166666883975267 0.013888888992369175
0 0.25338542461395264 0.16990740597248077 0.004687500186264515 0.017592592164874077
0 0.02135416679084301 0.17546296119689941 0.0072916666977107525 0.017592592164874077
0 0.5856770873069763 0.15231481194496155 0.0026041667442768812 0.015740741044282913
0 0.15260416269302368 0.20787036418914795 0.0062500000931322575 0.012037036940455437
0 0.36276042461395264 0.19120369851589203 0.0036458333488553762 0.01944444514811039
0 0.00989583320915699 0.20555555820465088 0.008333333767950535 0.020370369777083397
0 0.40546876192092896 0.07962962985038757 0.0015625000232830644 0.009259259328246117
0 0.7289062738418579 0.14861111342906952 0.0036458333488553762 0.015740741044282913
0 0.4156250059604645 0.07870370149612427 0.0010416667209938169 0.009259259328246117
0 0.01536458358168602 0.20648148655891418 0.008854166604578495 0.020370369777083397
0 0.6255208253860474 0.1578703671693802 0.0031250000465661287 0.015740741044282913
0 0.06692708283662796 0.20601852238178253 0.0078125 0.01944444514811039
0 0.002864583395421505 0.18194444477558136 0.00572916679084301 0.017592592164874077
0 0.41197916865348816 0.07916666567325592 0.0010416667209938169 0.008333333767950535
0 0.6270833611488342 0.15046297013759613 0.0031250000465661287 0.015740741044282913
0 0.3778645694255829 0.07453703880310059 0.0015625000232830644 0.008333333767950535
0 0.5768229365348816 0.1745370328426361 0.0026041667442768812 0.012037036940455437
4 0.40807291865348816 0.10185185074806213 0.013020833022892475 0.04814814776182175
