4 0.42135417461395264 0.10925926268100739 0.012500000186264515 0.051851850003004074
6 0.3747395873069763 0.09166666865348816 0.004687500186264515 0.0055555556900799274
6 0.13255208730697632 0.864814817905426 0.01927083358168602 0.07037036865949631
6 0.12031249701976776 0.8111110925674438 0.01770833320915699 0.06296296417713165
2 0.24036458134651184 0.19027778506278992 0.05572916567325592 0.05648148059844971
1 0.09427083283662796 0.5537037253379822 0.08020833134651184 0.06481481343507767
1 0.42239582538604736 0.1328703761100769 0.008333333767950535 0.017592592164874077
7 0.39401042461395264 0.33009257912635803 0.00989583320915699 0.034259259700775146
1 0.2893229126930237 0.20185184478759766 0.03072916716337204 0.024074073880910873
1 0.3205729126930237 0.1944444477558136 0.02239583246409893 0.018518518656492233
7 0.18541666865348816 0.2083333283662796 0.01875000074505806 0.018518518656492233
2 0.40416666865348816 0.14537036418914795 0.01666666753590107 0.04814814776182175
0 0.8265625238418579 0.16944444179534912 0.0052083334885537624 0.01666666753590107
0 0.5479166507720947 0.8189814686775208 0.01145833358168602 0.06203703582286835
0 0.8299478888511658 0.15324074029922485 0.004687500186264515 0.015740741044282913
0 0.8174479007720947 0.14814814925193787 0.004687500186264515 0.014814814552664757
0 0.25598958134651184 0.18518517911434174 0.004687500186264515 0.018518518656492233
0 0.00989583320915699 0.18888889253139496 0.008333333767950535 0.018518518656492233
0 0.6177083253860474 0.16851851344108582 0.0031250000465661287 0.01666666753590107
0 0.1328125 0.23101851344108582 0.0072916666977107525 0.013888888992369175
0 0.3723958432674408 0.2134259194135666 0.004166666883975267 0.021296296268701553
0 0.42265623807907104 0.08425925672054291 0.0015625000232830644 0.009259259328246117
0 0.7778645753860474 0.1657407432794571 0.004687500186264515 0.01666666753590107
0 0.43151041865348816 0.0833333358168602 0.0015625000232830644 0.009259259328246117
0 0.6567708253860474 0.17638888955116272 0.004166666883975267 0.017592592164874077
0 0.03984374925494194 0.2273148149251938 0.00989583320915699 0.021296296268701553
0 0.4294270873069763 0.0833333358168602 0.0015625000232830644 0.009259259328246117
0 0.6643229126930237 0.1675925999879837 0.0036458333488553762 0.01666666753590107
0 0.3908854126930237 0.07870370149612427 0.0015625000232830644 0.009259259328246117
0 0.6020833253860474 0.1953703761100769 0.0031250000465661287 0.012962962500751019
4 0.4216145873069763 0.10925926268100739 0.013020833022892475 0.051851850003004074
