4 0.44583332538604736 0.11157407611608505 0.012500000186264515 0.05277777835726738
6 0.3997395932674408 0.09259258955717087 0.004687500186264515 0.0055555556900799274
6 0.10364583134651184 0.9629629850387573 0.01770833320915699 0.07407407462596893
6 0.0950520858168602 0.9004629850387573 0.01614583283662796 0.07685185223817825
2 0.2614583373069763 0.192592591047287 0.05624999850988388 0.05925925821065903
1 0.08958332985639572 0.5874999761581421 0.08541666716337204 0.06759259104728699
1 0.4466145932674408 0.13518518209457397 0.0078125 0.018518518656492233
7 0.4117187559604645 0.34675925970077515 0.00989583320915699 0.03611111268401146
1 0.3098958432674408 0.20555555820465088 0.03125 0.024074073880910873
1 0.33906251192092896 0.19861111044883728 0.02291666716337204 0.01944444514811039
7 0.20911458134651184 0.21064814925193787 0.01822916604578495 0.01944444514811039
2 0.42760416865348816 0.14814814925193787 0.01666666753590107 0.04814814776182175
0 0.8705729246139526 0.1805555522441864 0.006770833395421505 0.018518518656492233
0 0.5703125 0.9425926208496094 0.014583333395421505 0.06666667014360428
0 0.875 0.16296295821666718 0.0062500000931322575 0.01666666753590107
0 0.860156238079071 0.15694443881511688 0.00572916679084301 0.015740741044282913
0 0.27942708134651184 0.18703703582286835 0.004687500186264515 0.018518518656492233
0 0.03932291641831398 0.18796296417713165 0.0078125 0.018518518656492233
0 0.6489583253860474 0.17638888955116272 0.004166666883975267 0.017592592164874077
0 0.15208333730697632 0.23287037014961243 0.0072916666977107525 0.013888888992369175
0 0.39505207538604736 0.21898147463798523 0.0036458333488553762 0.021296296268701553
0 0.015625 0.22499999403953552 0.00937500037252903 0.02222222276031971
0 0.44869792461395264 0.08518518507480621 0.0015625000232830644 0.009259259328246117
0 0.819531261920929 0.17546296119689941 0.00572916679084301 0.017592592164874077
0 0.45703125 0.08425925672054291 0.0015625000232830644 0.009259259328246117
0 0.012760416604578495 0.22638888657093048 0.00989583320915699 0.021296296268701553
0 0.6885416507720947 0.18518517911434174 0.004166666883975267 0.018518518656492233
0 0.06223958358168602 0.22777777910232544 0.008854166604578495 0.02222222276031971
0 0.0062500000931322575 0.19583334028720856 0.008333333767950535 0.01944444514811039
0 0.4554687440395355 0.08425925672054291 0.0015625000232830644 0.009259259328246117
0 0.6989583373069763 0.17546296119689941 0.004166666883975267 0.017592592164874077
0 0.41588541865348816 0.07916666567325592 0.0015625000232830644 0.008333333767950535
0 0.6307291388511658 0.20416666567325592 0.0031250000465661287 0.013888888992369175
4 0.44583332538604736 0.11157407611608505 0.012500000186264515 0.05277777835726738
