4 0.4221354126930237 0.1101851835846901 0.013020833022892475 0.051851850003004074
6 0.37552082538604736 0.09259258955717087 0.0052083334885537624 0.0055555556900799274
6 0.12109375 0.8925926089286804 0.01927083358168602 0.07407407462596893
6 0.109375 0.8361111283302307 0.01770833320915699 0.06666667014360428
2 0.23984375596046448 0.19166666269302368 0.05572916567325592 0.05740740895271301
1 0.08697916567325592 0.5648148059844971 0.08229167014360428 0.06666667014360428
1 0.4231770932674408 0.1328703761100769 0.0078125 0.017592592164874077
7 0.3934895694255829 0.33472222089767456 0.00989583320915699 0.034259259700775146
1 0.28854167461395264 0.20370370149612427 0.03125 0.024074073880910873
1 0.31979167461395264 0.19583334028720856 0.02291666716337204 0.01944444514811039
7 0.1848958283662796 0.2101851850748062 0.01875000074505806 0.018518518656492233
2 0.4049479067325592 0.14629629254341125 0.01718750037252903 0.04814814776182175
0 0.8299478888511658 0.17083333432674408 0.00572916679084301 0.017592592164874077
0 0.5502604246139526 0.8444444537162781 0.01197916641831398 0.06296296417713165
0 0.8338541388511658 0.15416666865348816 0.0052083334885537624 0.015740741044282913
0 0.8208333253860474 0.14953704178333282 0.0052083334885537624 0.015740741044282913
0 0.25598958134651184 0.18611110746860504 0.004687500186264515 0.018518518656492233
0 0.008854166604578495 0.19027778506278992 0.008333333767950535 0.01944444514811039
0 0.6197916865348816 0.16990740597248077 0.0031250000465661287 0.017592592164874077
0 0.13072916865348816 0.23287037014961243 0.0072916666977107525 0.013888888992369175
0 0.3726562559604645 0.2152777761220932 0.0036458333488553762 0.021296296268701553
0 0.42369791865348816 0.08425925672054291 0.0015625000232830644 0.009259259328246117
0 0.78125 0.1675925999879837 0.0052083334885537624 0.01666666753590107
0 0.4325520694255829 0.0833333358168602 0.0015625000232830644 0.009259259328246117
0 0.6588541865348816 0.17824074625968933 0.004166666883975267 0.017592592164874077
0 0.03723958507180214 0.2291666716337204 0.00989583320915699 0.021296296268701553
0 0.43046873807907104 0.0833333358168602 0.0015625000232830644 0.009259259328246117
0 0.6674479246139526 0.16851851344108582 0.0036458333488553762 0.01666666753590107
0 0.39140623807907104 0.07870370149612427 0.0015625000232830644 0.009259259328246117
0 0.6041666865348816 0.19722221791744232 0.0031250000465661287 0.012962962500751019
4 0.4221354126930237 0.1101851835846901 0.013020833022892475 0.051851850003004074
