4 0.42395833134651184 0.10740740597248077 0.012500000186264515 0.05000000074505806
6 0.3773437440395355 0.09074074029922485 0.004687500186264515 0.0055555556900799274
6 0.16796875 0.7805555462837219 0.01822916604578495 0.05925925821065903
6 0.15520833432674408 0.7370370626449585 0.01666666753590107 0.05370370298624039
2 0.24661459028720856 0.18472221493721008 0.05364583432674408 0.05462963134050369
8 0.27005207538604736 0.19166666269302368 0.010937499813735485 0.01666666753590107
1 0.12135417014360428 0.5171296000480652 0.0729166641831398 0.06018518656492233
1 0.4247395694255829 0.130092591047287 0.0078125 0.017592592164874077
7 0.39895832538604736 0.3162037134170532 0.00937500037252903 0.032407406717538834
1 0.2955729067325592 0.19629628956317902 0.02968749962747097 0.024074073880910873
1 0.328125 0.18888889253139496 0.02187499962747097 0.018518518656492233
7 0.19296875596046448 0.20277777314186096 0.01822916604578495 0.018518518656492233
2 0.4075520932674408 0.14212962985038757 0.01614583283662796 0.04722222313284874
0 0.8216145634651184 0.1657407432794571 0.00572916679084301 0.01666666753590107
0 0.5447916388511658 0.7462962865829468 0.010416666977107525 0.05740740895271301
0 0.8244791626930237 0.15000000596046448 0.0052083334885537624 0.014814814552664757
0 0.813281238079071 0.14537036418914795 0.004687500186264515 0.014814814552664757
0 0.26171875 0.1805555522441864 0.004687500186264515 0.018518518656492233
0 0.02213541604578495 0.18425926566123962 0.0078125 0.018518518656492233
0 0.6151041388511658 0.1648148149251938 0.0031250000465661287 0.01666666753590107
0 0.14531250298023224 0.22361111640930176 0.0072916666977107525 0.013888888992369175
0 0.37552082538604736 0.2074074000120163 0.004166666883975267 0.020370369777083397
0 0.00390625 0.21898147463798523 0.0078125 0.021296296268701553
0 0.4242187440395355 0.08287037163972855 0.0015625000232830644 0.008333333767950535
0 0.7723958492279053 0.16249999403953552 0.0052083334885537624 0.015740741044282913
0 0.43359375 0.08194444328546524 0.0015625000232830644 0.008333333767950535
0 0.004687500186264515 0.21990740299224854 0.00937500037252903 0.021296296268701553
0 0.6546875238418579 0.17222222685813904 0.004166666883975267 0.01666666753590107
0 0.05546874925494194 0.21990740299224854 0.008854166604578495 0.021296296268701553
0 0.4309895932674408 0.0824074074625969 0.0015625000232830644 0.009259259328246117
0 0.6611979007720947 0.16388888657093048 0.0036458333488553762 0.01666666753590107
0 0.3934895694255829 0.0773148164153099 0.0015625000232830644 0.008333333767950535
0 0.6013020873069763 0.19074073433876038 0.0026041667442768812 0.012962962500751019
4 0.42395833134651184 0.10740740597248077 0.012500000186264515 0.05000000074505806
