4 0.5260416865348816 0.11666666716337204 0.012500000186264515 0.0555555559694767
6 0.4781250059604645 0.11574073880910873 0.0020833334419876337 0.007407407276332378
6 0.4807291626930237 0.09444444626569748 0.004166666883975267 0.0055555556900799274
2 0.3361979126930237 0.19629628956317902 0.05260416492819786 0.05740740895271301
1 0.11536458134651184 0.6449074149131775 0.09010417014360428 0.07314814627170563
1 0.5260416865348816 0.14166666567325592 0.008333333767950535 0.018518518656492233
7 0.4776041805744171 0.3856481611728668 0.010416666977107525 0.03981481492519379
1 0.3828125 0.21203704178333282 0.03020833246409893 0.024074073880910873
1 0.4065104126930237 0.20601852238178253 0.02239583246409893 0.01944444514811039
7 0.2903645932674408 0.21203704178333282 0.01718750037252903 0.018518518656492233
2 0.5062500238418579 0.15601852536201477 0.01666666753590107 0.05092592537403107
0 0.03671874850988388 0.21805556118488312 0.008854166604578495 0.021296296268701553
0 0.35755208134651184 0.19027778506278992 0.0036458333488553762 0.01944444514811039
0 0.13906249403953552 0.17916665971279144 0.0062500000931322575 0.017592592164874077
0 0.7526041865348816 0.19861111044883728 0.0052083334885537624 0.01944444514811039
0 0.2278645783662796 0.23194444179534912 0.006770833395421505 0.013888888992369175
0 0.4658854305744171 0.23287037014961243 0.0036458333488553762 0.023148147389292717
0 0.11249999701976776 0.21574074029922485 0.008333333767950535 0.020370369777083397
0 0.5317708253860474 0.08796296268701553 0.0010416667209938169 0.009259259328246117
0 0.9638020992279053 0.20879629254341125 0.008854166604578495 0.021296296268701553
0 0.5388020873069763 0.08703703433275223 0.0015625000232830644 0.009259259328246117
0 0.10520832985639572 0.2171296328306198 0.008333333767950535 0.021296296268701553
0 0.796093761920929 0.21250000596046448 0.006770833395421505 0.021296296268701553
0 0.14765624701976776 0.22083333134651184 0.0078125 0.021296296268701553
0 0.05078125 0.2203703671693802 0.0078125 0.012962962500751019
0 0.10494791716337204 0.18611110746860504 0.006770833395421505 0.018518518656492233
0 0.5388020873069763 0.08703703433275223 0.0015625000232830644 0.009259259328246117
0 0.8135416507720947 0.20185184478759766 0.0062500000931322575 0.020370369777083397
0 0.4963541626930237 0.08055555820465088 0.0010416667209938169 0.009259259328246117
0 0.7268229126930237 0.23101851344108582 0.004687500186264515 0.015740741044282913
4 0.526562511920929 0.11666666716337204 0.012500000186264515 0.0555555559694767
