4 0.49270832538604736 0.11296296119689941 0.01145833358168602 0.05370370298624039
6 0.44583332538604736 0.11296296119689941 0.0020833334419876337 0.007407407276332378
6 0.4476562440395355 0.09259258955717087 0.004687500186264515 0.0055555556900799274
6 0.10755208134651184 0.987500011920929 0.01927083358168602 0.02500000037252903
6 0.10442708432674408 0.9421296119689941 0.01822916604578495 0.08425925672054291
2 0.3088541626930237 0.19074073433876038 0.05312500149011612 0.05925925821065903
1 0.12213541567325592 0.592129647731781 0.08281250298023224 0.06388889253139496
1 0.49296873807907104 0.13703703880310059 0.0078125 0.018518518656492233
7 0.45130208134651184 0.3578703701496124 0.00989583320915699 0.03611111268401146
1 0.3552083373069763 0.20555555820465088 0.03020833246409893 0.024074073880910873
1 0.3815104067325592 0.19907407462596893 0.02239583246409893 0.018518518656492233
7 0.2601562440395355 0.2074074000120163 0.01718750037252903 0.018518518656492233
2 0.4736979305744171 0.15046297013759613 0.01614583283662796 0.049074072390794754
0 0.949999988079071 0.19768518209457397 0.008333333767950535 0.01944444514811039
0 0.002864583395421505 0.21898147463798523 0.00572916679084301 0.021296296268701553
0 0.956250011920929 0.17824074625968933 0.0072916666977107525 0.017592592164874077
0 0.938281238079071 0.17129629850387573 0.006770833395421505 0.01666666753590107
0 0.3270833194255829 0.18611110746860504 0.004166666883975267 0.018518518656492233
0 0.10442708432674408 0.17916665971279144 0.006770833395421505 0.017592592164874077
0 0.7044270634651184 0.1856481432914734 0.004687500186264515 0.017592592164874077
0 0.20286458730697632 0.22777777910232544 0.006770833395421505 0.012962962500751019
0 0.43828123807907104 0.22268518805503845 0.0036458333488553762 0.021296296268701553
0 0.08020833134651184 0.2152777761220932 0.008333333767950535 0.021296296268701553
0 0.49687498807907104 0.08564814925193787 0.0010416667209938169 0.010185184888541698
0 0.8932291865348816 0.19074073433876038 0.0072916666977107525 0.018518518656492233
0 0.504687488079071 0.08518518507480621 0.0010416667209938169 0.009259259328246117
0 0.07604166865348816 0.21666666865348816 0.008333333767950535 0.020370369777083397
0 0.7458333373069763 0.19675925374031067 0.0052083334885537624 0.01944444514811039
0 0.12031249701976776 0.21898147463798523 0.008333333767950535 0.021296296268701553
0 0.01614583283662796 0.2212962955236435 0.008333333767950535 0.012962962500751019
0 0.07239583134651184 0.18703703582286835 0.0072916666977107525 0.018518518656492233
0 0.50390625 0.08518518507480621 0.0015625000232830644 0.009259259328246117
0 0.7588541507720947 0.18703703582286835 0.0052083334885537624 0.018518518656492233
0 0.4635416567325592 0.07916666567325592 0.0010416667209938169 0.008333333767950535
0 0.682812511920929 0.21574074029922485 0.004166666883975267 0.014814814552664757
4 0.49296873807907104 0.11296296119689941 0.01197916641831398 0.05370370298624039
