4 0.5127604007720947 0.11435185372829437 0.01197916641831398 0.05462963134050369
6 0.4677083194255829 0.09351851791143417 0.004166666883975267 0.0055555556900799274
6 0.09453125298023224 0.9731481671333313 0.02135416679084301 0.05370370298624039
2 0.3268229067325592 0.19212962687015533 0.05260416492819786 0.05833333358168602
1 0.12786458432674408 0.6074073910713196 0.08385416865348816 0.06666667014360428
1 0.5127604007720947 0.1388888955116272 0.0078125 0.018518518656492233
7 0.4671874940395355 0.3680555522441864 0.010416666977107525 0.037962961941957474
1 0.37291666865348816 0.2074074000120163 0.03020833246409893 0.024074073880910873
1 0.3981770873069763 0.20092593133449554 0.02239583246409893 0.018518518656492233
7 0.2796874940395355 0.20787036418914795 0.01666666753590107 0.017592592164874077
2 0.49296873807907104 0.1527777761220932 0.01614583283662796 0.05000000074505806
0 0.9908854365348816 0.20787036418914795 0.008854166604578495 0.01944444514811039
0 0.02656250074505806 0.2162037044763565 0.00937500037252903 0.021296296268701553
0 0.9966145753860474 0.18796296417713165 0.006770833395421505 0.018518518656492233
0 0.977343738079071 0.17916665971279144 0.0078125 0.017592592164874077
0 0.3460937440395355 0.18703703582286835 0.0036458333488553762 0.018518518656492233
0 0.12786458432674408 0.17731481790542603 0.006770833395421505 0.017592592164874077
0 0.73046875 0.19166666269302368 0.004687500186264515 0.018518518656492233
0 0.22083333134651184 0.22777777910232544 0.0062500000931322575 0.012962962500751019
0 0.4557291567325592 0.22638888657093048 0.0031250000465661287 0.021296296268701553
0 0.1028645858168602 0.2134259194135666 0.0078125 0.021296296268701553
0 0.5177083611488342 0.08657407760620117 0.0010416667209938169 0.010185184888541698
0 0.930468738079071 0.19953703880310059 0.0078125 0.01944444514811039
0 0.5249999761581421 0.08611111342906952 0.0010416667209938169 0.009259259328246117
0 0.09739582985639572 0.21481481194496155 0.008333333767950535 0.020370369777083397
0 0.7731770873069763 0.20370370149612427 0.00572916679084301 0.020370369777083397
0 0.14036458730697632 0.21805556118488312 0.0078125 0.021296296268701553
0 0.0403645820915699 0.21851852536201477 0.0078125 0.012962962500751019
0 0.09557291865348816 0.18425926566123962 0.006770833395421505 0.018518518656492233
0 0.5244791507720947 0.08564814925193787 0.0010416667209938169 0.010185184888541698
0 0.7880208492279053 0.1935185194015503 0.0052083334885537624 0.018518518656492233
0 0.4833333194255829 0.07962962985038757 0.0010416667209938169 0.009259259328246117
0 0.70703125 0.2222222238779068 0.004687500186264515 0.014814814552664757
4 0.5127604007720947 0.11435185372829437 0.01197916641831398 0.05462963134050369
