4 0.522656261920929 0.11574073880910873 0.01197916641831398 0.0555555559694767
6 0.47473958134651184 0.11481481790542603 0.0015625000232830644 0.007407407276332378
6 0.47734373807907104 0.09444444626569748 0.004687500186264515 0.0055555556900799274
2 0.33411458134651184 0.19490741193294525 0.05260416492819786 0.05833333358168602
1 0.12083332985639572 0.6310185194015503 0.08749999850988388 0.07129629701375961
1 0.522656261920929 0.14074073731899261 0.0078125 0.018518518656492233
7 0.4749999940395355 0.37962964177131653 0.010416666977107525 0.03888889029622078
1 0.38072916865348816 0.2101851850748062 0.03020833246409893 0.024074073880910873
1 0.4046874940395355 0.20416666567325592 0.02291666716337204 0.01944444514811039
7 0.2877604067325592 0.2101851850748062 0.01718750037252903 0.018518518656492233
2 0.5028645992279053 0.15509259700775146 0.01614583283662796 0.05092592537403107
0 0.03489583358168602 0.2171296328306198 0.00937500037252903 0.021296296268701553
0 0.9986979365348816 0.18518517911434174 0.0026041667442768812 0.018518518656492233
0 0.3544270694255829 0.18888889253139496 0.0036458333488553762 0.018518518656492233
0 0.13645833730697632 0.17824074625968933 0.0062500000931322575 0.017592592164874077
0 0.7463541626930237 0.19675925374031067 0.0052083334885537624 0.01944444514811039
0 0.22682291269302368 0.2300925999879837 0.006770833395421505 0.013888888992369175
0 0.4632812440395355 0.23055554926395416 0.0036458333488553762 0.02222222276031971
0 0.1106770858168602 0.21481481194496155 0.0078125 0.020370369777083397
0 0.528124988079071 0.08749999850988388 0.0010416667209938169 0.010185184888541698
0 0.9541666507720947 0.20555555820465088 0.008333333767950535 0.020370369777083397
0 0.53515625 0.08703703433275223 0.0015625000232830644 0.009259259328246117
0 0.1041666641831398 0.2162037044763565 0.008333333767950535 0.021296296268701553
0 0.7895833253860474 0.2101851850748062 0.0062500000931322575 0.020370369777083397
0 0.14661458134651184 0.21990740299224854 0.0078125 0.021296296268701553
0 0.04895833507180214 0.21944443881511688 0.008333333767950535 0.012962962500751019
0 0.10338541865348816 0.18518517911434174 0.006770833395421505 0.018518518656492233
0 0.5348958373069763 0.08657407760620117 0.0010416667209938169 0.010185184888541698
0 0.8059895634651184 0.19907407462596893 0.00572916679084301 0.020370369777083397
0 0.4932291805744171 0.08055555820465088 0.0010416667209938169 0.009259259328246117
0 0.7210937738418579 0.2282407432794571 0.004687500186264515 0.015740741044282913
4 0.5229166746139526 0.11574073880910873 0.012500000186264515 0.0555555559694767
