4 0.5184895992279053 0.11481481790542603 0.01197916641831398 0.0555555559694767
6 0.47083333134651184 0.11388888955116272 0.0020833334419876337 0.007407407276332378
6 0.47317707538604736 0.09351851791143417 0.004687500186264515 0.0055555556900799274
6 0.08385416865348816 0.9884259104728699 0.02395833283662796 0.023148147389292717
2 0.3309895694255829 0.19305555522441864 0.05260416492819786 0.05833333358168602
1 0.12526041269302368 0.6185185313224792 0.0859375 0.06851851940155029
1 0.5184895992279053 0.1398148089647293 0.0078125 0.018518518656492233
7 0.47187501192092896 0.3740740716457367 0.010416666977107525 0.03888889029622078
1 0.3776041567325592 0.2092592567205429 0.03020833246409893 0.024074073880910873
1 0.4020833373069763 0.2023148089647293 0.02291666716337204 0.01944444514811039
7 0.28463542461395264 0.2092592567205429 0.01718750037252903 0.018518518656492233
2 0.4986979067325592 0.1537037044763565 0.01614583283662796 0.05000000074505806
0 0.03203124925494194 0.2162037044763565 0.008854166604578495 0.021296296268701553
0 0.9906250238418579 0.182407408952713 0.008333333767950535 0.018518518656492233
0 0.35078126192092896 0.18796296417713165 0.0036458333488553762 0.018518518656492233
0 0.13333334028720856 0.17777778208255768 0.0062500000931322575 0.018518518656492233
0 0.739062488079071 0.1944444477558136 0.0052083334885537624 0.018518518656492233
0 0.22473958134651184 0.22870370745658875 0.006770833395421505 0.012962962500751019
0 0.46015626192092896 0.22870370745658875 0.0036458333488553762 0.02222222276031971
0 0.1080729141831398 0.21388888359069824 0.0078125 0.020370369777083397
0 0.5234375 0.08703703433275223 0.0010416667209938169 0.009259259328246117
0 0.9432291388511658 0.20277777314186096 0.008333333767950535 0.020370369777083397
0 0.5309895873069763 0.08611111342906952 0.0015625000232830644 0.009259259328246117
0 0.10182292014360428 0.2152777761220932 0.0078125 0.021296296268701553
0 0.7822916507720947 0.2074074000120163 0.0062500000931322575 0.020370369777083397
0 0.14453125 0.21898147463798523 0.0078125 0.021296296268701553
0 0.04583333432674408 0.21851852536201477 0.008333333767950535 0.012962962500751019
0 0.10052083432674408 0.18472221493721008 0.0072916666977107525 0.017592592164874077
0 0.530468761920929 0.08611111342906952 0.0015625000232830644 0.009259259328246117
0 0.797656238079071 0.19675925374031067 0.00572916679084301 0.01944444514811039
0 0.48906248807907104 0.08009259402751923 0.0010416667209938169 0.008333333767950535
0 0.71484375 0.22546295821666718 0.004687500186264515 0.015740741044282913
4 0.5184895992279053 0.11527777463197708 0.01197916641831398 0.05462963134050369
