4 0.4619791805744171 0.11157407611608505 0.012500000186264515 0.05277777835726738
6 0.4164062440395355 0.09259258955717087 0.004687500186264515 0.0055555556900799274
6 0.10598958283662796 0.970370352268219 0.01718750037252903 0.05925925821065903
6 0.09921874850988388 0.9125000238418579 0.01614583283662796 0.07870370149612427
2 0.27786457538604736 0.19166666269302368 0.0546875 0.05925925821065903
1 0.1015625 0.5874999761581421 0.08437500149011612 0.06574074178934097
1 0.4625000059604645 0.13564814627170563 0.0072916666977107525 0.017592592164874077
7 0.42526042461395264 0.3499999940395355 0.00989583320915699 0.035185184329748154
1 0.3257812559604645 0.20555555820465088 0.03072916716337204 0.024074073880910873
1 0.35364583134651184 0.19861111044883728 0.02291666716337204 0.01944444514811039
7 0.22734375298023224 0.2092592567205429 0.01822916604578495 0.018518518656492233
2 0.4437499940395355 0.14907407760620117 0.01666666753590107 0.04814814776182175
0 0.8963541388511658 0.18611110746860504 0.0072916666977107525 0.018518518656492233
0 0.5822916626930237 0.9736111164093018 0.015625 0.05277777835726738
0 0.901562511920929 0.1675925999879837 0.0062500000931322575 0.01666666753590107
0 0.885937511920929 0.1615740805864334 0.0062500000931322575 0.015740741044282913
0 0.29635417461395264 0.18611110746860504 0.004166666883975267 0.018518518656492233
0 0.06302083283662796 0.18425926566123962 0.0072916666977107525 0.018518518656492233
0 0.6674479246139526 0.17916665971279144 0.0036458333488553762 0.017592592164874077
0 0.17031249403953552 0.23101851344108582 0.0072916666977107525 0.013888888992369175
0 0.4104166626930237 0.21990740299224854 0.0031250000465661287 0.021296296268701553
0 0.03880208358168602 0.22083333134651184 0.008854166604578495 0.021296296268701553
0 0.46536457538604736 0.08518518507480621 0.0015625000232830644 0.009259259328246117
0 0.84375 0.18009258806705475 0.0062500000931322575 0.017592592164874077
0 0.47343748807907104 0.08425925672054291 0.0010416667209938169 0.009259259328246117
0 0.03541666641831398 0.22268518805503845 0.00937500037252903 0.021296296268701553
0 0.707812488079071 0.18888889253139496 0.0052083334885537624 0.018518518656492233
0 0.08307291567325592 0.22453702986240387 0.008854166604578495 0.021296296268701553
0 0.03020833246409893 0.192592591047287 0.008333333767950535 0.018518518656492233
0 0.47213542461395264 0.08425925672054291 0.0015625000232830644 0.009259259328246117
0 0.71875 0.17916665971279144 0.004166666883975267 0.017592592164874077
0 0.4322916567325592 0.07916666567325592 0.0010416667209938169 0.008333333767950535
0 0.6481770873069763 0.20787036418914795 0.0036458333488553762 0.013888888992369175
4 0.4622395932674408 0.11157407611608505 0.01197916641831398 0.05277777835726738
