4 0.5291666388511658 0.11712963134050369 0.012500000186264515 0.05648148059844971
6 0.48098957538604736 0.11574073880910873 0.0015625000232830644 0.007407407276332378
6 0.48359376192092896 0.09490741044282913 0.004687500186264515 0.006481481250375509
2 0.3375000059604645 0.19814814627170563 0.05312500149011612 0.05740740895271301
1 0.10911457985639572 0.6592592597007751 0.09218750149011612 0.07592592388391495
1 0.5289062261581421 0.14259259402751923 0.0078125 0.018518518656492233
7 0.47968751192092896 0.3916666805744171 0.010416666977107525 0.040740739554166794
1 0.38463541865348816 0.21388888359069824 0.03072916716337204 0.024074073880910873
1 0.4078125059604645 0.2074074000120163 0.02291666716337204 0.020370369777083397
7 0.29218751192092896 0.21296297013759613 0.01666666753590107 0.018518518656492233
2 0.5088541507720947 0.15740740299224854 0.01666666753590107 0.051851850003004074
0 0.03750000149011612 0.21898147463798523 0.00937500037252903 0.021296296268701553
0 0.3596354126930237 0.19166666269302368 0.0036458333488553762 0.018518518656492233
0 0.14036458730697632 0.18009258806705475 0.006770833395421505 0.017592592164874077
0 0.7583333253860474 0.2013888955116272 0.0052083334885537624 0.01944444514811039
0 0.22838541865348816 0.23379629850387573 0.006770833395421505 0.013888888992369175
0 0.4674479067325592 0.2351851910352707 0.0036458333488553762 0.02222222276031971
0 0.11328125 0.2171296328306198 0.0078125 0.021296296268701553
0 0.5348958373069763 0.08796296268701553 0.0010416667209938169 0.009259259328246117
0 0.97265625 0.21157407760620117 0.008854166604578495 0.021296296268701553
0 0.5414062738418579 0.08796296268701553 0.0015625000232830644 0.009259259328246117
0 0.10572917014360428 0.21805556118488312 0.008333333767950535 0.021296296268701553
0 0.8018229007720947 0.2152777761220932 0.006770833395421505 0.021296296268701553
0 0.14791665971279144 0.22268518805503845 0.0072916666977107525 0.021296296268701553
0 0.05182291567325592 0.2212962955236435 0.0078125 0.012962962500751019
0 0.10598958283662796 0.18703703582286835 0.006770833395421505 0.018518518656492233
0 0.5419270992279053 0.08749999850988388 0.0015625000232830644 0.010185184888541698
0 0.8197916746139526 0.20416666567325592 0.0062500000931322575 0.01944444514811039
0 0.4989583194255829 0.08101851493120193 0.0010416667209938169 0.008333333767950535
0 0.7315104007720947 0.23379629850387573 0.004687500186264515 0.015740741044282913
4 0.5291666388511658 0.11712963134050369 0.012500000186264515 0.05648148059844971
