4 0.53125 0.1180555522441864 0.012500000186264515 0.05648148059844971
6 0.48255208134651184 0.11666666716337204 0.0015625000232830644 0.007407407276332378
6 0.4854166805744171 0.09537036716938019 0.004166666883975267 0.0055555556900799274
2 0.3385416567325592 0.20000000298023224 0.05312500149011612 0.05740740895271301
1 0.10130207985639572 0.675000011920929 0.09531249850988388 0.07777778059244156
1 0.53125 0.14351852238178253 0.008333333767950535 0.018518518656492233
7 0.48098957538604736 0.3976851999759674 0.010937499813735485 0.0416666679084301
1 0.3856770694255829 0.21574074029922485 0.03072916716337204 0.024074073880910873
1 0.40807291865348816 0.2092592567205429 0.0234375 0.020370369777083397
7 0.29296875 0.21481481194496155 0.01718750037252903 0.018518518656492233
2 0.510937511920929 0.15833333134651184 0.01666666753590107 0.051851850003004074
0 0.03723958507180214 0.21990740299224854 0.008854166604578495 0.021296296268701553
0 0.3609375059604645 0.19305555522441864 0.0031250000465661287 0.01944444514811039
0 0.140625 0.18101851642131805 0.0062500000931322575 0.017592592164874077
0 0.7632812261581421 0.20324073731899261 0.00572916679084301 0.01944444514811039
0 0.2278645783662796 0.2351851910352707 0.006770833395421505 0.014814814552664757
0 0.4684895873069763 0.23749999701976776 0.0036458333488553762 0.023148147389292717
0 0.11328125 0.21805556118488312 0.0078125 0.021296296268701553
0 0.5372396111488342 0.08888889104127884 0.0015625000232830644 0.009259259328246117
0 0.98046875 0.2143518477678299 0.008854166604578495 0.021296296268701553
0 0.5434895753860474 0.08796296268701553 0.0015625000232830644 0.009259259328246117
0 0.10468749701976776 0.21990740299224854 0.008333333767950535 0.021296296268701553
0 0.8070312738418579 0.21759259700775146 0.006770833395421505 0.020370369777083397
0 0.1471354216337204 0.2240740805864334 0.0078125 0.02222222276031971
0 0.10546875 0.18796296417713165 0.006770833395421505 0.018518518656492233
0 0.5440104007720947 0.08796296268701553 0.0015625000232830644 0.009259259328246117
0 0.8257812261581421 0.20648148655891418 0.006770833395421505 0.020370369777083397
0 0.5010416507720947 0.08148147910833359 0.0010416667209938169 0.009259259328246117
0 0.7356770634651184 0.23657406866550446 0.004687500186264515 0.015740741044282913
4 0.5315104126930237 0.1180555522441864 0.013020833022892475 0.05648148059844971
