4 0.5328124761581421 0.11851851642131805 0.012500000186264515 0.05740740895271301
6 0.4841145873069763 0.11759259551763535 0.0015625000232830644 0.007407407276332378
6 0.4867187440395355 0.09537036716938019 0.004687500186264515 0.0055555556900799274
2 0.3382812440395355 0.2013888955116272 0.05364583432674408 0.05833333358168602
1 0.09270833432674408 0.6916666626930237 0.09791667014360428 0.08148147910833359
1 0.5328124761581421 0.14444445073604584 0.008333333767950535 0.018518518656492233
7 0.4817708432674408 0.40416666865348816 0.01145833358168602 0.0416666679084301
1 0.38593751192092896 0.21759259700775146 0.03125 0.025925925001502037
1 0.40807291865348816 0.21064814925193787 0.0234375 0.01944444514811039
7 0.29348957538604736 0.21666666865348816 0.01718750037252903 0.018518518656492233
2 0.5122395753860474 0.1597222238779068 0.01718750037252903 0.05277777835726738
0 0.03567708283662796 0.22175925970077515 0.008854166604578495 0.021296296268701553
0 0.3617187440395355 0.19398148357868195 0.0036458333488553762 0.01944444514811039
0 0.13984374701976776 0.18194444477558136 0.006770833395421505 0.017592592164874077
0 0.7671874761581421 0.20555555820465088 0.0062500000931322575 0.020370369777083397
0 0.22682291269302368 0.23749999701976776 0.006770833395421505 0.013888888992369175
0 0.4690104126930237 0.24027778208255768 0.0036458333488553762 0.023148147389292717
0 0.1119791641831398 0.21990740299224854 0.008333333767950535 0.021296296268701553
0 0.5390625 0.08888889104127884 0.0010416667209938169 0.009259259328246117
0 0.9869791865348816 0.2162037044763565 0.00937500037252903 0.021296296268701553
0 0.5450521111488342 0.08842592686414719 0.0015625000232830644 0.010185184888541698
0 0.10312499850988388 0.22175925970077515 0.008333333767950535 0.021296296268701553
0 0.8109375238418579 0.21990740299224854 0.0072916666977107525 0.021296296268701553
0 0.14557291567325592 0.22592592239379883 0.0078125 0.02222222276031971
0 0.1041666641831398 0.18888889253139496 0.0072916666977107525 0.018518518656492233
0 0.5455729365348816 0.08796296268701553 0.0015625000232830644 0.009259259328246117
0 0.8307291865348816 0.2083333283662796 0.0062500000931322575 0.020370369777083397
0 0.5020833611488342 0.08148147910833359 0.0010416667209938169 0.009259259328246117
0 0.739062488079071 0.23935185372829437 0.0052083334885537624 0.015740741044282913
4 0.5330728888511658 0.11851851642131805 0.013020833022892475 0.05740740895271301
