4 0.534375011920929 0.12037037312984467 0.01354166679084301 0.05740740895271301
6 0.48515623807907104 0.11851851642131805 0.0015625000232830644 0.007407407276332378
6 0.48776042461395264 0.0962962955236435 0.004687500186264515 0.0055555556900799274
2 0.33671873807907104 0.20509259402751923 0.0546875 0.06018518656492233
1 0.07109375298023224 0.729629635810852 0.10468749701976776 0.08703703433275223
1 0.534375011920929 0.1467592567205429 0.008333333767950535 0.01944444514811039
7 0.48229166865348816 0.4175925850868225 0.01145833358168602 0.04444444552063942
1 0.3851562440395355 0.22175925970077515 0.03177083283662796 0.02500000037252903
1 0.40572917461395264 0.21481481194496155 0.02395833283662796 0.020370369777083397
7 0.29218751192092896 0.22083333134651184 0.01770833320915699 0.01944444514811039
2 0.5138021111488342 0.16249999403953552 0.01718750037252903 0.05277777835726738
0 0.03020833246409893 0.22546295821666718 0.00937500037252903 0.021296296268701553
0 0.36145833134651184 0.19768518209457397 0.0031250000465661287 0.01944444514811039
0 0.13671875 0.18472221493721008 0.006770833395421505 0.017592592164874077
0 0.7736979126930237 0.2092592567205429 0.00572916679084301 0.020370369777083397
0 0.22239583730697632 0.24166665971279144 0.0072916666977107525 0.014814814552664757
0 0.46875 0.244907408952713 0.0031250000465661287 0.023148147389292717
0 0.10729166865348816 0.2240740805864334 0.008333333767950535 0.02222222276031971
0 0.5406249761581421 0.08981481194496155 0.0010416667209938169 0.009259259328246117
0 0.996874988079071 0.22083333134651184 0.0062500000931322575 0.021296296268701553
0 0.5466145873069763 0.08935185521841049 0.0015625000232830644 0.010185184888541698
0 0.09713541716337204 0.22546295821666718 0.008854166604578495 0.021296296268701553
0 0.8177083134651184 0.22453702986240387 0.0072916666977107525 0.021296296268701553
0 0.14010415971279144 0.22962963581085205 0.008333333767950535 0.02222222276031971
0 0.09947916865348816 0.19166666269302368 0.0072916666977107525 0.018518518656492233
0 0.547656238079071 0.08888889104127884 0.0015625000232830644 0.009259259328246117
0 0.8388020992279053 0.21296297013759613 0.006770833395421505 0.020370369777083397
0 0.503125011920929 0.0824074074625969 0.0010416667209938169 0.009259259328246117
0 0.7445312738418579 0.24444444477558136 0.00572916679084301 0.01666666753590107
4 0.5346354246139526 0.12037037312984467 0.013020833022892475 0.05740740895271301
