4 0.5346354246139526 0.12083332985639572 0.013020833022892475 0.05833333358168602
6 0.48515623807907104 0.11944444477558136 0.0015625000232830644 0.007407407276332378
6 0.48776042461395264 0.0972222238779068 0.004687500186264515 0.0055555556900799274
2 0.33541667461395264 0.2074074000120163 0.05520833283662796 0.06111111119389534
1 0.05859375 0.7518518567085266 0.10885416716337204 0.09074074029922485
1 0.534375011920929 0.1476851850748062 0.008333333767950535 0.01944444514811039
7 0.4820312559604645 0.42500001192092896 0.01197916641831398 0.04444444552063942
1 0.3841145932674408 0.2240740805864334 0.03177083283662796 0.025925925001502037
1 0.40442708134651184 0.21666666865348816 0.02447916753590107 0.020370369777083397
7 0.29114583134651184 0.22268518805503845 0.01770833320915699 0.01944444514811039
2 0.5138021111488342 0.16388888657093048 0.01718750037252903 0.05370370298624039
0 0.02630208246409893 0.22777777910232544 0.00989583320915699 0.02222222276031971
0 0.3606770932674408 0.19907407462596893 0.0036458333488553762 0.020370369777083397
0 0.13463541865348816 0.18611110746860504 0.006770833395421505 0.018518518656492233
0 0.776562511920929 0.21111111342906952 0.0062500000931322575 0.020370369777083397
0 0.21953125298023224 0.2439814805984497 0.006770833395421505 0.013888888992369175
0 0.46796876192092896 0.24722221493721008 0.0026041667442768812 0.024074073880910873
0 0.1041666641831398 0.22638888657093048 0.008333333767950535 0.021296296268701553
0 0.5411458611488342 0.0902777761220932 0.0010416667209938169 0.010185184888541698
0 0.5466145873069763 0.08981481194496155 0.0015625000232830644 0.009259259328246117
0 0.09348957985639572 0.2273148149251938 0.008854166604578495 0.021296296268701553
0 0.8208333253860474 0.22685185074806213 0.0072916666977107525 0.02222222276031971
0 0.13645833730697632 0.23240740597248077 0.008333333767950535 0.02222222276031971
0 0.09583333134651184 0.1935185194015503 0.0072916666977107525 0.018518518656492233
0 0.547656238079071 0.08935185521841049 0.0015625000232830644 0.010185184888541698
0 0.8424479365348816 0.21481481194496155 0.006770833395421505 0.020370369777083397
0 0.503125011920929 0.08287037163972855 0.0010416667209938169 0.008333333767950535
0 0.746874988079071 0.24722221493721008 0.0052083334885537624 0.01666666753590107
4 0.5348958373069763 0.12083332985639572 0.01354166679084301 0.05833333358168602
