4 0.538281261920929 0.1310185194015503 0.01406249962747097 0.06388889253139496
6 0.48489582538604736 0.12777778506278992 0.0020833334419876337 0.007407407276332378
6 0.4880208373069763 0.10277777910232544 0.0052083334885537624 0.0055555556900799274
2 0.31562501192092896 0.23472222685813904 0.06354166567325592 0.06759259104728699
8 0.31328123807907104 0.24074074625968933 0.013020833022892475 0.020370369777083397
1 0.5380208492279053 0.1606481522321701 0.00937500037252903 0.021296296268701553
7 0.4778645932674408 0.5356481671333313 0.015104166232049465 0.05833333358168602
1 0.37057292461395264 0.2527777850627899 0.03593749925494194 0.029629629105329514
1 0.3830729126930237 0.2430555522441864 0.02760416641831398 0.023148147389292717
7 0.27421873807907104 0.2518518567085266 0.02031249925494194 0.02222222276031971
2 0.5158854126930237 0.18101851642131805 0.01927083358168602 0.06018518656492233
0 0.3513020873069763 0.2222222238779068 0.004687500186264515 0.02222222276031971
0 0.1028645858168602 0.20648148655891418 0.0078125 0.020370369777083397
0 0.8145833611488342 0.23749999701976776 0.0072916666977107525 0.023148147389292717
0 0.17942708730697632 0.2777777910232544 0.008854166604578495 0.01666666753590107
0 0.45781248807907104 0.28333333134651184 0.004166666883975267 0.025925925001502037
0 0.0598958320915699 0.25648146867752075 0.010416666977107525 0.024074073880910873
0 0.5455729365348816 0.09490741044282913 0.0015625000232830644 0.010185184888541698
0 0.5481770634651184 0.09490741044282913 0.0015625000232830644 0.010185184888541698
0 0.04010416567325592 0.25740739703178406 0.010416666977107525 0.024074073880910873
0 0.8591145873069763 0.25740739703178406 0.008854166604578495 0.024074073880910873
0 0.0872395858168602 0.26342591643333435 0.00989583320915699 0.02500000037252903
0 0.05130208283662796 0.2152777761220932 0.008854166604578495 0.021296296268701553
0 0.5523437261581421 0.09444444626569748 0.0015625000232830644 0.011111111380159855
0 0.8916666507720947 0.2430555522441864 0.008333333767950535 0.023148147389292717
0 0.5020833611488342 0.08749999850988388 0.0010416667209938169 0.010185184888541698
0 0.77734375 0.28240740299224854 0.006770833395421505 0.018518518656492233
4 0.538281261920929 0.1310185194015503 0.01406249962747097 0.06388889253139496
