4 0.5385416746139526 0.13240741193294525 0.014583333395421505 0.06481481343507767
6 0.4846354126930237 0.12916666269302368 0.0015625000232830644 0.008333333767950535
6 0.48776042461395264 0.1041666641831398 0.004687500186264515 0.006481481250375509
2 0.31171876192092896 0.23935185372829437 0.0651041641831398 0.0694444477558136
8 0.30781251192092896 0.24583333730697632 0.01354166679084301 0.021296296268701553
1 0.5385416746139526 0.16296295821666718 0.00937500037252903 0.02222222276031971
7 0.47708332538604736 0.5597222447395325 0.015625 0.06203703582286835
1 0.36796873807907104 0.2587963044643402 0.03697916492819786 0.03055555559694767
1 0.3786458373069763 0.2481481432914734 0.02812499925494194 0.024074073880910873
7 0.27005207538604736 0.2569444477558136 0.02031249925494194 0.023148147389292717
2 0.5161458253860474 0.18425926566123962 0.01875000074505806 0.06111111119389534
0 0.34973958134651184 0.22685185074806213 0.004687500186264515 0.02222222276031971
0 0.09661458432674408 0.2101851850748062 0.0078125 0.020370369777083397
0 0.8216145634651184 0.2421296238899231 0.0078125 0.023148147389292717
0 0.17161458730697632 0.28425925970077515 0.008854166604578495 0.01666666753590107
0 0.4557291567325592 0.29027777910232544 0.004166666883975267 0.026851851493120193
0 0.05130208283662796 0.26249998807907104 0.010937499813735485 0.02500000037252903
0 0.546093761920929 0.09583333134651184 0.0015625000232830644 0.010185184888541698
0 0.5481770634651184 0.09583333134651184 0.0015625000232830644 0.010185184888541698
0 0.02968749962747097 0.26342591643333435 0.01145833358168602 0.02500000037252903
0 0.8661458492279053 0.26342591643333435 0.00937500037252903 0.02500000037252903
0 0.07760416716337204 0.2689814865589142 0.010416666977107525 0.02500000037252903
0 0.04244791716337204 0.21990740299224854 0.008854166604578495 0.021296296268701553
0 0.5523437261581421 0.09537036716938019 0.0015625000232830644 0.011111111380159855
0 0.9007812738418579 0.24861110746860504 0.008854166604578495 0.023148147389292717
0 0.5020833611488342 0.08796296268701553 0.0010416667209938169 0.009259259328246117
0 0.7830728888511658 0.2888889014720917 0.006770833395421505 0.018518518656492233
4 0.5388020873069763 0.1328703761100769 0.01406249962747097 0.06574074178934097
