4 0.5377604365348816 0.12870369851589203 0.01406249962747097 0.06296296417713165
6 0.48489582538604736 0.12638889253139496 0.0020833334419876337 0.008333333767950535
6 0.4880208373069763 0.10185185074806213 0.0052083334885537624 0.0055555556900799274
2 0.3192708194255829 0.22962963581085205 0.06145833432674408 0.06666667014360428
8 0.31848958134651184 0.2361111044883728 0.013020833022892475 0.020370369777083397
1 0.5372396111488342 0.1578703671693802 0.008854166604578495 0.021296296268701553
7 0.4789062440395355 0.5138888955116272 0.01406249962747097 0.0555555559694767
1 0.37291666865348816 0.24768517911434174 0.03541666641831398 0.028703704476356506
1 0.3869791626930237 0.23842592537403107 0.02708333358168602 0.023148147389292717
7 0.2776041626930237 0.24629630148410797 0.01979166641831398 0.02222222276031971
2 0.515625 0.17777778208255768 0.01875000074505806 0.05925925821065903
0 0.3531250059604645 0.21805556118488312 0.004166666883975267 0.021296296268701553
0 0.10833333432674408 0.20277777314186096 0.0072916666977107525 0.020370369777083397
0 0.807812511920929 0.23240740597248077 0.0072916666977107525 0.02222222276031971
0 0.18671874701976776 0.2717592716217041 0.0078125 0.015740741044282913
0 0.4596354067325592 0.2768518626689911 0.0036458333488553762 0.025925925001502037
0 0.06796874850988388 0.2509259283542633 0.00989583320915699 0.024074073880910873
0 0.5450521111488342 0.09398148208856583 0.0015625000232830644 0.010185184888541698
0 0.5481770634651184 0.09398148208856583 0.0015625000232830644 0.010185184888541698
0 0.05000000074505806 0.2518518567085266 0.010416666977107525 0.024074073880910873
0 0.852343738079071 0.2518518567085266 0.008854166604578495 0.024074073880910873
0 0.0963541641831398 0.25740739703178406 0.00937500037252903 0.024074073880910873
0 0.05937499925494194 0.21111111342906952 0.008333333767950535 0.020370369777083397
0 0.5518229007720947 0.09398148208856583 0.0015625000232830644 0.010185184888541698
0 0.8825520873069763 0.23842592537403107 0.0078125 0.023148147389292717
0 0.5026041865348816 0.08657407760620117 0.0010416667209938169 0.010185184888541698
0 0.7718750238418579 0.2759259343147278 0.0062500000931322575 0.018518518656492233
4 0.5377604365348816 0.12962962687015533 0.01406249962747097 0.06296296417713165
