4 0.5361979007720947 0.12638889253139496 0.01406249962747097 0.06203703582286835
6 0.484375 0.1240740716457367 0.0020833334419876337 0.007407407276332378
6 0.4833333194255829 0.12731482088565826 0.0020833334419876337 0.008333333767950535
6 0.48750001192092896 0.10046296566724777 0.0052083334885537624 0.006481481250375509
2 0.3239583373069763 0.2222222238779068 0.05937499925494194 0.06481481343507767
8 0.32604166865348816 0.2291666716337204 0.012500000186264515 0.01944444514811039
1 0.00937500037252903 0.9435185194015503 0.01875000074505806 0.11296296119689941
1 0.5361979007720947 0.1546296328306198 0.008854166604578495 0.020370369777083397
7 0.47968751192092896 0.4833333194255829 0.01354166679084301 0.051851850003004074
1 0.3763020932674408 0.23981481790542603 0.0338541679084301 0.02777777798473835
1 0.3921875059604645 0.23148147761821747 0.02604166604578495 0.02222222276031971
7 0.2815104126930237 0.23842592537403107 0.01927083358168602 0.021296296268701553
2 0.514843761920929 0.17314815521240234 0.01822916604578495 0.05740740895271301
0 0.0005208333604969084 0.24444444477558136 0.0010416667209938169 0.024074073880910873
0 0.11614583432674408 0.19768518209457397 0.0072916666977107525 0.01944444514811039
0 0.7971354126930237 0.22592592239379883 0.006770833395421505 0.02222222276031971
0 0.19687500596046448 0.26249998807907104 0.008333333767950535 0.015740741044282913
0 0.46171873807907104 0.2671296298503876 0.0036458333488553762 0.02500000037252903
0 0.07916666567325592 0.2430555522441864 0.00937500037252903 0.023148147389292717
0 0.5434895753860474 0.09305555373430252 0.0015625000232830644 0.010185184888541698
0 0.5471354126930237 0.09305555373430252 0.0015625000232830644 0.010185184888541698
0 0.06328125298023224 0.2439814805984497 0.00989583320915699 0.023148147389292717
0 0.8416666388511658 0.24351851642131805 0.008333333767950535 0.024074073880910873
0 0.10885416716337204 0.2490740716457367 0.00937500037252903 0.024074073880910873
0 0.0703125 0.20555555820465088 0.008333333767950535 0.020370369777083397
0 0.5502604246139526 0.09212963283061981 0.0015625000232830644 0.010185184888541698
0 0.8690103888511658 0.23055554926395416 0.0078125 0.02222222276031971
0 0.5020833611488342 0.08518518507480621 0.0010416667209938169 0.009259259328246117
0 0.7630208134651184 0.26620370149612427 0.0062500000931322575 0.017592592164874077
4 0.5364583134651184 0.1268518567085266 0.01354166679084301 0.06111111119389534
