4 0.5385416746139526 0.13379628956317902 0.014583333395421505 0.06574074178934097
6 0.4841145873069763 0.130092591047287 0.0015625000232830644 0.008333333767950535
6 0.48750001192092896 0.10462962836027145 0.0052083334885537624 0.0055555556900799274
2 0.30937498807907104 0.24259258806705475 0.06562499701976776 0.07037036865949631
8 0.3044270873069763 0.2481481432914734 0.01406249962747097 0.02222222276031971
1 0.5385416746139526 0.16388888657093048 0.00937500037252903 0.02222222276031971
7 0.4763020873069763 0.572685182094574 0.01614583283662796 0.06388889253139496
1 0.3661458194255829 0.26157405972480774 0.03750000149011612 0.03055555559694767
1 0.37578123807907104 0.2509259283542633 0.02864583395421505 0.024074073880910873
7 0.2671875059604645 0.2597222328186035 0.02083333395421505 0.023148147389292717
2 0.5158854126930237 0.1856481432914734 0.01927083358168602 0.06203703582286835
0 0.34817707538604736 0.22870370745658875 0.004687500186264515 0.02222222276031971
0 0.09296874701976776 0.21203704178333282 0.0078125 0.020370369777083397
0 0.8247395753860474 0.244907408952713 0.0078125 0.023148147389292717
0 0.16692708432674408 0.2874999940395355 0.008854166604578495 0.017592592164874077
0 0.4541666805744171 0.29398149251937866 0.004166666883975267 0.026851851493120193
0 0.04609375074505806 0.26527777314186096 0.010937499813735485 0.02500000037252903
0 0.546093761920929 0.0962962955236435 0.0015625000232830644 0.011111111380159855
0 0.5481770634651184 0.09675925970077515 0.0015625000232830644 0.010185184888541698
0 0.02369791641831398 0.26620370149612427 0.010937499813735485 0.02500000037252903
0 0.8695312738418579 0.26620370149612427 0.00989583320915699 0.02500000037252903
0 0.07213541865348816 0.27222222089767456 0.010937499813735485 0.025925925001502037
0 0.03750000149011612 0.22175925970077515 0.00937500037252903 0.021296296268701553
0 0.5523437261581421 0.09583333134651184 0.0015625000232830644 0.010185184888541698
0 0.9049479365348816 0.2509259283542633 0.008854166604578495 0.024074073880910873
0 0.5015624761581421 0.08842592686414719 0.0010416667209938169 0.010185184888541698
0 0.7854166626930237 0.29212963581085205 0.0072916666977107525 0.01944444514811039
4 0.5385416746139526 0.13379628956317902 0.014583333395421505 0.06574074178934097
