4 0.5375000238418579 0.13472221791744232 0.014583333395421505 0.06574074178934097
6 0.4828124940395355 0.1310185194015503 0.0020833334419876337 0.008333333767950535
6 0.48619791865348816 0.1050925925374031 0.004687500186264515 0.006481481250375509
2 0.3059895932674408 0.24537037312984467 0.06614582985639572 0.07037036865949631
8 0.30026042461395264 0.2509259283542633 0.01406249962747097 0.02222222276031971
1 0.5375000238418579 0.1648148149251938 0.00937500037252903 0.02222222276031971
7 0.4749999940395355 0.5865740776062012 0.01666666753590107 0.06574074178934097
1 0.36328125 0.26435184478759766 0.03802083432674408 0.03055555559694767
1 0.3723958432674408 0.2537037134170532 0.02916666679084301 0.024074073880910873
7 0.2632812559604645 0.26342591643333435 0.02135416679084301 0.023148147389292717
2 0.514843761920929 0.1875 0.01927083358168602 0.06203703582286835
0 0.34583333134651184 0.23148147761821747 0.0052083334885537624 0.02222222276031971
0 0.08802083134651184 0.21481481194496155 0.008333333767950535 0.020370369777083397
0 0.8270833492279053 0.24722221493721008 0.008333333767950535 0.024074073880910873
0 0.16119791567325592 0.29120370745658875 0.008854166604578495 0.017592592164874077
0 0.4520833194255829 0.2976851761341095 0.004166666883975267 0.026851851493120193
0 0.03984374925494194 0.2689814865589142 0.010937499813735485 0.02500000037252903
0 0.5450521111488342 0.09675925970077515 0.0015625000232830644 0.010185184888541698
0 0.5471354126930237 0.09675925970077515 0.0015625000232830644 0.010185184888541698
0 0.01614583283662796 0.2699074149131775 0.01145833358168602 0.02500000037252903
0 0.871874988079071 0.2689814865589142 0.00937500037252903 0.02500000037252903
0 0.06536458432674408 0.2759259343147278 0.010937499813735485 0.025925925001502037
0 0.03098958358168602 0.22453702986240387 0.00989583320915699 0.021296296268701553
0 0.5513020753860474 0.0962962955236435 0.0015625000232830644 0.011111111380159855
0 0.9080728888511658 0.2537037134170532 0.008854166604578495 0.024074073880910873
0 0.5 0.08888889104127884 0.0010416667209938169 0.009259259328246117
0 0.7872396111488342 0.2958333194255829 0.006770833395421505 0.01944444514811039
4 0.5380208492279053 0.13472221791744232 0.014583333395421505 0.06574074178934097
