4 0.5385416746139526 0.13148148357868195 0.014583333395421505 0.06481481343507767
6 0.4846354126930237 0.12824073433876038 0.0015625000232830644 0.008333333767950535
6 0.48776042461395264 0.10324074327945709 0.004687500186264515 0.006481481250375509
2 0.3138020932674408 0.2370370328426361 0.06406249850988388 0.06851851940155029
8 0.31041666865348816 0.2430555522441864 0.01354166679084301 0.021296296268701553
1 0.538281261920929 0.1615740805864334 0.008854166604578495 0.021296296268701553
7 0.4776041805744171 0.5476852059364319 0.015625 0.06018518656492233
1 0.36927083134651184 0.25555557012557983 0.0364583320915699 0.029629629105329514
1 0.38072916865348816 0.24537037312984467 0.02812499925494194 0.024074073880910873
7 0.2721354067325592 0.2541666626930237 0.02031249925494194 0.023148147389292717
2 0.5158854126930237 0.182407408952713 0.01927083358168602 0.06111111119389534
0 0.3505208194255829 0.22453702986240387 0.004166666883975267 0.021296296268701553
0 0.09973958134651184 0.2083333283662796 0.0078125 0.020370369777083397
0 0.8179687261581421 0.24027778208255768 0.0078125 0.023148147389292717
0 0.17552083730697632 0.2805555462837219 0.008333333767950535 0.01666666753590107
0 0.4567708373069763 0.2865740656852722 0.004166666883975267 0.026851851493120193
0 0.05572916567325592 0.25925925374031067 0.010416666977107525 0.024074073880910873
0 0.5458333492279053 0.09537036716938019 0.0010416667209938169 0.011111111380159855
0 0.5481770634651184 0.09583333134651184 0.0015625000232830644 0.010185184888541698
0 0.03515625 0.2606481611728668 0.010937499813735485 0.02500000037252903
0 0.8627604246139526 0.2606481611728668 0.008854166604578495 0.02500000037252903
0 0.08255208283662796 0.26620370149612427 0.00989583320915699 0.02500000037252903
0 0.046875 0.2171296328306198 0.00937500037252903 0.021296296268701553
0 0.5523437261581421 0.09490741044282913 0.0015625000232830644 0.010185184888541698
0 0.8960937261581421 0.24583333730697632 0.008854166604578495 0.023148147389292717
0 0.5020833611488342 0.08796296268701553 0.0010416667209938169 0.009259259328246117
0 0.7799479365348816 0.2856481373310089 0.006770833395421505 0.01944444514811039
4 0.5385416746139526 0.1319444477558136 0.014583333395421505 0.06388889253139496
