4 0.5341145992279053 0.14027777314186096 0.015104166232049465 0.0694444477558136
6 0.4755208194255829 0.1398148089647293 0.0020833334419876337 0.009259259328246117
6 0.4802083373069763 0.10833333432674408 0.0052083334885537624 0.0055555556900799274
2 0.2864583432674408 0.26435184478759766 0.0729166641831398 0.07685185223817825
8 0.2744791805744171 0.2689814865589142 0.015625 0.023148147389292717
1 0.5338541865348816 0.1726851910352707 0.00937500037252903 0.023148147389292717
7 0.46666666865348816 0.6833333373069763 0.01979166641831398 0.07777778059244156
1 0.3486979305744171 0.28425925970077515 0.04114583507180214 0.03333333507180214
1 0.35208332538604736 0.2717592716217041 0.03125 0.026851851493120193
7 0.24114583432674408 0.2828703820705414 0.02291666716337204 0.02500000037252903
2 0.5106770992279053 0.19768518209457397 0.02031249925494194 0.06574074178934097
0 0.33411458134651184 0.24675926566123962 0.004687500186264515 0.023148147389292717
0 0.05885416641831398 0.2291666716337204 0.00937500037252903 0.021296296268701553
0 0.8434895873069763 0.26249998807907104 0.008854166604578495 0.02500000037252903
0 0.12656250596046448 0.3157407343387604 0.010416666977107525 0.018518518656492233
0 0.4398437440395355 0.3222222328186035 0.004687500186264515 0.029629629105329514
0 0.0033854166977107525 0.2916666567325592 0.006770833395421505 0.02777777798473835
0 0.5403645634651184 0.09953703731298447 0.0015625000232830644 0.010185184888541698
0 0.5419270992279053 0.10000000149011612 0.0015625000232830644 0.011111111380159855
0 0.8888021111488342 0.2865740656852722 0.010937499813735485 0.026851851493120193
0 0.0234375 0.29907408356666565 0.012500000186264515 0.02777777798473835
0 0.5471354126930237 0.09907407313585281 0.0015625000232830644 0.011111111380159855
0 0.9309895634651184 0.2699074149131775 0.00989583320915699 0.02500000037252903
0 0.4937500059604645 0.0912037044763565 0.0010416667209938169 0.010185184888541698
0 0.80078125 0.31712964177131653 0.0078125 0.021296296268701553
4 0.5341145992279053 0.14027777314186096 0.015104166232049465 0.0694444477558136
