4 0.5367187261581421 0.13750000298023224 0.015104166232049465 0.06759259104728699
6 0.4807291626930237 0.13333334028720856 0.0020833334419876337 0.009259259328246117
6 0.48385417461395264 0.10694444179534912 0.0052083334885537624 0.006481481250375509
2 0.2971354126930237 0.25462964177131653 0.06927083432674408 0.07407407462596893
8 0.28854167461395264 0.2597222328186035 0.014583333395421505 0.023148147389292717
1 0.5364583134651184 0.16898147761821747 0.00937500037252903 0.023148147389292717
7 0.4713541567325592 0.6319444179534912 0.01770833320915699 0.07129629701375961
1 0.3567708432674408 0.27453702688217163 0.03958333283662796 0.032407406717538834
1 0.3630208373069763 0.26249998807907104 0.03020833246409893 0.02500000037252903
7 0.25312501192092896 0.2726851999759674 0.02187499962747097 0.023148147389292717
2 0.5135416388511658 0.192592591047287 0.01979166641831398 0.06296296417713165
0 0.34062498807907104 0.23888888955116272 0.0052083334885537624 0.02222222276031971
0 0.07473958283662796 0.22175925970077515 0.008854166604578495 0.021296296268701553
0 0.8364583253860474 0.25555557012557983 0.008333333767950535 0.024074073880910873
0 0.14505209028720856 0.30324074625968933 0.00989583320915699 0.017592592164874077
0 0.4468750059604645 0.3097222149372101 0.004166666883975267 0.028703704476356506
0 0.02161458320915699 0.2796296179294586 0.01197916641831398 0.025925925001502037
0 0.5434895753860474 0.09814814478158951 0.0015625000232830644 0.011111111380159855
0 0.5450521111488342 0.09861110895872116 0.0015625000232830644 0.010185184888541698
0 0.8812500238418579 0.27824074029922485 0.010416666977107525 0.026851851493120193
0 0.04583333432674408 0.2865740656852722 0.01145833358168602 0.026851851493120193
0 0.01328125037252903 0.23240740597248077 0.00989583320915699 0.02222222276031971
0 0.5502604246139526 0.09768518805503845 0.0015625000232830644 0.010185184888541698
0 0.9205729365348816 0.26249998807907104 0.00989583320915699 0.02500000037252903
0 0.49791666865348816 0.0902777761220932 0.0010416667209938169 0.010185184888541698
0 0.7947916388511658 0.3064814805984497 0.0072916666977107525 0.020370369777083397
4 0.5367187261581421 0.13750000298023224 0.015104166232049465 0.06759259104728699
