4 0.508593738079071 0.1546296328306198 0.01614583283662796 0.07777778059244156
6 0.44999998807907104 0.11666666716337204 0.0052083334885537624 0.007407407276332378
2 0.2135416716337204 0.3222222328186035 0.09479166567325592 0.09074074029922485
8 0.1848958283662796 0.32407405972480774 0.02083333395421505 0.02777777798473835
1 0.5093749761581421 0.19166666269302368 0.010416666977107525 0.025925925001502037
1 0.29088541865348816 0.34398147463798523 0.05156249925494194 0.03981481492519379
1 0.2789062559604645 0.32499998807907104 0.04010416567325592 0.031481482088565826
7 0.1588541716337204 0.3453703820705414 0.03020833246409893 0.029629629105329514
2 0.4833333194255829 0.22546295821666718 0.02291666716337204 0.07500000298023224
0 0.2848958373069763 0.29120370745658875 0.0062500000931322575 0.026851851493120193
0 0.8661458492279053 0.29722222685813904 0.010416666977107525 0.02777777798473835
0 0.00390625 0.3976851999759674 0.0078125 0.023148147389292717
0 0.3908854126930237 0.39444443583488464 0.006770833395421505 0.035185184329748154
0 0.514843761920929 0.10601852089166641 0.0015625000232830644 0.012037036940455437
0 0.5138021111488342 0.10648148506879807 0.0015625000232830644 0.011111111380159855
0 0.9119791388511658 0.3291666805744171 0.012500000186264515 0.03055555559694767
0 0.9664062261581421 0.30601853132247925 0.01197916641831398 0.028703704476356506
0 0.4622395932674408 0.09768518805503845 0.0015625000232830644 0.010185184888541698
0 0.8182291388511658 0.3712962865829468 0.00937500037252903 0.024074073880910873
4 0.5091145634651184 0.1546296328306198 0.01614583283662796 0.07777778059244156
