4 0.5179687738418579 0.1509259194135666 0.01614583283662796 0.07592592388391495
6 0.4606770873069763 0.11435185372829437 0.00572916679084301 0.006481481250375509
2 0.23619791865348816 0.3055555522441864 0.08802083134651184 0.08703703433275223
8 0.2122395783662796 0.3083333373069763 0.01927083358168602 0.025925925001502037
1 0.5182291865348816 0.18703703582286835 0.010416666977107525 0.025925925001502037
7 0.43932291865348816 0.9435185194015503 0.02864583395421505 0.11296296119689941
1 0.3088541626930237 0.3273148238658905 0.04895833507180214 0.037962961941957474
1 0.30156248807907104 0.31018519401550293 0.03750000149011612 0.029629629105329514
7 0.18437500298023224 0.32777777314186096 0.02812499925494194 0.02777777798473835
2 0.49296873807907104 0.21851852536201477 0.02239583246409893 0.07222222536802292
0 0.30078125 0.2787036895751953 0.00572916679084301 0.025925925001502037
0 0.8643229007720947 0.28935185074806213 0.00989583320915699 0.026851851493120193
0 0.0390625 0.3731481432914734 0.01354166679084301 0.02222222276031971
0 0.40625 0.37453705072402954 0.0062500000931322575 0.034259259700775146
0 0.5236979126930237 0.10462962836027145 0.0015625000232830644 0.011111111380159855
0 0.5236979126930237 0.10462962836027145 0.0015625000232830644 0.011111111380159855
0 0.91015625 0.3194444477558136 0.01197916641831398 0.029629629105329514
0 0.5335937738418579 0.10370370000600815 0.0015625000232830644 0.011111111380159855
0 0.9622395634651184 0.29814815521240234 0.01197916641831398 0.02777777798473835
0 0.47317707538604736 0.09583333134651184 0.0015625000232830644 0.010185184888541698
0 0.817187488079071 0.35879629850387573 0.00937500037252903 0.023148147389292717
4 0.5182291865348816 0.1509259194135666 0.015625 0.07592592388391495
