4 0.5229166746139526 0.14537036418914795 0.015625 0.07222222536802292
6 0.4674479067325592 0.11157407611608505 0.00572916679084301 0.006481481250375509
2 0.2593750059604645 0.28425925970077515 0.08020833134651184 0.08148147910833359
8 0.24166665971279144 0.28842592239379883 0.01770833320915699 0.02500000037252903
1 0.5231770873069763 0.1796296238899231 0.00989583320915699 0.024074073880910873
7 0.45234376192092896 0.7939814925193787 0.0234375 0.09351851791143417
1 0.3265624940395355 0.30509260296821594 0.04479166492819786 0.03611111268401146
1 0.32499998807907104 0.29027777910232544 0.03437500074505806 0.028703704476356506
7 0.21067708730697632 0.3046296238899231 0.02552083320915699 0.025925925001502037
2 0.4989583194255829 0.20787036418914795 0.02083333395421505 0.0694444477558136
0 0.3151041567325592 0.26249998807907104 0.0052083334885537624 0.02500000037252903
0 0.01822916604578495 0.24583333730697632 0.010416666977107525 0.023148147389292717
0 0.8492187261581421 0.27407407760620117 0.008854166604578495 0.025925925001502037
0 0.08151041716337204 0.34351852536201477 0.01197916641831398 0.020370369777083397
0 0.42135417461395264 0.3462963104248047 0.0052083334885537624 0.031481482088565826
0 0.5289062261581421 0.10185185074806213 0.0015625000232830644 0.011111111380159855
0 0.5296875238418579 0.10185185074806213 0.0010416667209938169 0.011111111380159855
0 0.8942708373069763 0.30092594027519226 0.01145833358168602 0.02777777798473835
0 0.5356770753860474 0.10092592239379883 0.0015625000232830644 0.011111111380159855
0 0.9408854246139526 0.2819444537162781 0.010937499813735485 0.026851851493120193
0 0.48046875 0.09398148208856583 0.0015625000232830644 0.010185184888541698
0 0.8046875 0.33564814925193787 0.008333333767950535 0.021296296268701553
4 0.5231770873069763 0.1458333283662796 0.015104166232049465 0.07314814627170563
