4 0.5065104365348816 0.15555556118488312 0.01614583283662796 0.07962962985038757
6 0.4476562440395355 0.11712963134050369 0.00572916679084301 0.006481481250375509
2 0.20677083730697632 0.32777777314186096 0.09687499701976776 0.09259258955717087
8 0.17630209028720856 0.3296296298503876 0.02135416679084301 0.02777777798473835
1 0.507031261920929 0.1935185194015503 0.010937499813735485 0.025925925001502037
1 0.2854166626930237 0.34953704476356506 0.05312500149011612 0.03981481492519379
1 0.2723958194255829 0.33009257912635803 0.04062499850988388 0.032407406717538834
7 0.1510416716337204 0.35185185074806213 0.03125 0.029629629105329514
2 0.4807291626930237 0.22777777910232544 0.02291666716337204 0.07592592388391495
0 0.28072917461395264 0.2953703701496124 0.0062500000931322575 0.02777777798473835
0 0.8677083253860474 0.30000001192092896 0.010416666977107525 0.02777777798473835
0 0.38619792461395264 0.40138888359069824 0.006770833395421505 0.03611111268401146
0 0.5127604007720947 0.10648148506879807 0.0015625000232830644 0.011111111380159855
0 0.5111979246139526 0.10694444179534912 0.0015625000232830644 0.012037036940455437
0 0.9135416746139526 0.3324074149131775 0.012500000186264515 0.031481482088565826
0 0.9692708253860474 0.3087962865829468 0.012500000186264515 0.028703704476356506
0 0.4596354067325592 0.09814814478158951 0.0015625000232830644 0.011111111380159855
0 0.819531261920929 0.3759259283542633 0.00989583320915699 0.024074073880910873
4 0.5065104365348816 0.15601852536201477 0.01614583283662796 0.07870370149612427
