4 0.5182291865348816 0.15000000596046448 0.015625 0.07592592388391495
6 0.4611979126930237 0.11388888955116272 0.00572916679084301 0.007407407276332378
2 0.24036458134651184 0.3013888895511627 0.0859375 0.08611111342906952
8 0.2174479216337204 0.3046296238899231 0.01927083358168602 0.025925925001502037
1 0.5184895992279053 0.1856481432914734 0.00989583320915699 0.02500000037252903
7 0.4416666626930237 0.9097222089767456 0.02708333358168602 0.1101851835846901
1 0.31197917461395264 0.322685182094574 0.04791666567325592 0.037962961941957474
1 0.30546873807907104 0.30601853132247925 0.03697916492819786 0.028703704476356506
7 0.18906250596046448 0.3231481611728668 0.02812499925494194 0.02777777798473835
2 0.4932291805744171 0.2162037044763565 0.02187499962747097 0.07129629701375961
0 0.30286458134651184 0.27546295523643494 0.00572916679084301 0.026851851493120193
0 0.860156238079071 0.2856481373310089 0.00989583320915699 0.026851851493120193
0 0.04713541641831398 0.3671296238899231 0.013020833022892475 0.021296296268701553
0 0.4088541567325592 0.36851853132247925 0.0062500000931322575 0.03333333507180214
0 0.5239583253860474 0.10370370000600815 0.0020833334419876337 0.011111111380159855
0 0.524218738079071 0.10462962836027145 0.0015625000232830644 0.011111111380159855
0 0.9057291746139526 0.3152777850627899 0.01145833358168602 0.028703704476356506
0 0.5335937738418579 0.10277777910232544 0.0015625000232830644 0.011111111380159855
0 0.956250011920929 0.2944444417953491 0.01145833358168602 0.02777777798473835
0 0.4739583432674408 0.09583333134651184 0.0010416667209938169 0.010185184888541698
0 0.813281238079071 0.3532407283782959 0.008854166604578495 0.023148147389292717
4 0.5184895992279053 0.15000000596046448 0.01614583283662796 0.07592592388391495
