4 0.5054687261581421 0.1648148149251938 0.01718750037252903 0.08518518507480621
6 0.4398437440395355 0.15694443881511688 0.0026041667442768812 0.010185184888541698
6 0.4442708194255829 0.12222222238779068 0.0062500000931322575 0.007407407276332378
2 0.17161458730697632 0.36666667461395264 0.1119791641831398 0.10370370000600815
8 0.13046875596046448 0.3652777671813965 0.02552083320915699 0.03055555559694767
1 0.5062500238418579 0.20601852238178253 0.01145833358168602 0.028703704476356506
1 0.26093751192092896 0.39027777314186096 0.06041666492819786 0.04537037014961243
1 0.23671874403953552 0.3662036955356598 0.04635416716337204 0.03611111268401146
7 0.1106770858168602 0.39259257912635803 0.03593749925494194 0.03333333507180214
2 0.4778645932674408 0.24629630148410797 0.02552083320915699 0.0833333358168602
0 0.26354166865348816 0.3231481611728668 0.0072916666977107525 0.029629629105329514
0 0.9044271111488342 0.32870370149612427 0.01197916641831398 0.029629629105329514
0 0.3645833432674408 0.45509257912635803 0.008333333767950535 0.03981481492519379
0 0.5135416388511658 0.11064814776182175 0.0020833334419876337 0.012037036940455437
0 0.5093749761581421 0.11157407611608505 0.0010416667209938169 0.012037036940455437
0 0.9536458253860474 0.36851853132247925 0.014583333395421505 0.03333333507180214
0 0.4557291567325592 0.10185185074806213 0.0010416667209938169 0.011111111380159855
0 0.8526041507720947 0.42129629850387573 0.01145833358168602 0.025925925001502037
4 0.5059896111488342 0.1648148149251938 0.01718750037252903 0.08518518507480621
