4 0.5057291388511658 0.1606481522321701 0.01666666753590107 0.0824074074625969
6 0.4450520873069763 0.11990740895271301 0.00572916679084301 0.006481481250375509
2 0.18723958730697632 0.34861111640930176 0.10468749701976776 0.09907407313585281
8 0.15078124403953552 0.3490740656852722 0.0234375 0.029629629105329514
1 0.5059896111488342 0.20000000298023224 0.010937499813735485 0.02777777798473835
1 0.27161458134651184 0.3717592656612396 0.05677083507180214 0.043518517166376114
1 0.2523437440395355 0.34953704476356506 0.0442708320915699 0.034259259700775146
7 0.12838540971279144 0.3740740716457367 0.0338541679084301 0.031481482088565826
2 0.4789062440395355 0.23796296119689941 0.02447916753590107 0.07962962985038757
0 0.2708333432674408 0.3106481432914734 0.0072916666977107525 0.028703704476356506
0 0.8872395753860474 0.3152777850627899 0.010937499813735485 0.028703704476356506
0 0.37421876192092896 0.43009260296821594 0.0078125 0.037962961941957474
0 0.5127604007720947 0.10879629850387573 0.0015625000232830644 0.012037036940455437
0 0.5096353888511658 0.10972221940755844 0.0015625000232830644 0.012037036940455437
0 0.9348958134651184 0.3523148000240326 0.01354166679084301 0.032407406717538834
0 0.9942708611488342 0.3254629671573639 0.01145833358168602 0.03055555559694767
0 0.45703125 0.10000000149011612 0.0015625000232830644 0.011111111380159855
0 0.8369791507720947 0.40046295523643494 0.010416666977107525 0.02500000037252903
4 0.5057291388511658 0.16111111640930176 0.01666666753590107 0.0833333358168602
