4 0.5057291388511658 0.16898147761821747 0.01770833320915699 0.08796296268701553
6 0.43828123807907104 0.1606481522321701 0.0026041667442768812 0.010185184888541698
6 0.44322916865348816 0.1240740716457367 0.0062500000931322575 0.007407407276332378
2 0.15546874701976776 0.385185182094574 0.11927083134651184 0.10925926268100739
8 0.10885416716337204 0.38240739703178406 0.02708333358168602 0.031481482088565826
1 0.5062500238418579 0.21111111342906952 0.01145833358168602 0.029629629105329514
1 0.25 0.40925925970077515 0.06354166567325592 0.04814814776182175
1 0.2200520783662796 0.3828703761100769 0.0494791679084301 0.037962961941957474
7 0.09192708134651184 0.41203704476356506 0.03802083432674408 0.035185184329748154
2 0.47734373807907104 0.255092591047287 0.02656250074505806 0.08611111342906952
0 0.2562499940395355 0.3361110985279083 0.008333333767950535 0.031481482088565826
0 0.9229166507720947 0.34259259700775146 0.01354166679084301 0.031481482088565826
0 0.3544270694255829 0.48148149251937866 0.00989583320915699 0.040740739554166794
0 0.5143229365348816 0.11249999701976776 0.0015625000232830644 0.012037036940455437
0 0.5091145634651184 0.11342592537403107 0.0015625000232830644 0.012037036940455437
0 0.9736979007720947 0.38657405972480774 0.01614583283662796 0.034259259700775146
0 0.4546875059604645 0.10324074327945709 0.0010416667209938169 0.010185184888541698
0 0.8692708611488342 0.4435185194015503 0.012500000186264515 0.02777777798473835
4 0.5059896111488342 0.16898147761821747 0.01718750037252903 0.08796296268701553
