4 0.5057291388511658 0.1675925999879837 0.01770833320915699 0.08703703433275223
6 0.4388020932674408 0.1597222238779068 0.0026041667442768812 0.010185184888541698
6 0.44348958134651184 0.12361110746860504 0.00572916679084301 0.006481481250375509
2 0.16093750298023224 0.3787037134170532 0.11666666716337204 0.10740740597248077
8 0.11640624701976776 0.3768518567085266 0.02656250074505806 0.031481482088565826
1 0.5062500238418579 0.20972222089767456 0.01145833358168602 0.028703704476356506
1 0.2536458373069763 0.4027777910232544 0.0625 0.046296294778585434
1 0.22578124701976776 0.3768518567085266 0.04843749850988388 0.03703703731298447
7 0.09843750298023224 0.40509259700775146 0.03750000149011612 0.034259259700775146
2 0.4776041805744171 0.2518518567085266 0.02604166604578495 0.08518518507480621
0 0.25859373807907104 0.33194443583488464 0.0078125 0.03055555559694767
0 0.9166666865348816 0.33796295523643494 0.012500000186264515 0.031481482088565826
0 0.3578124940395355 0.4722222089767456 0.00937500037252903 0.040740739554166794
0 0.5143229365348816 0.11157407611608505 0.0015625000232830644 0.012037036940455437
0 0.5091145634651184 0.11249999701976776 0.0015625000232830644 0.012037036940455437
0 0.9666666388511658 0.38055557012557983 0.015625 0.035185184329748154
0 0.45494791865348816 0.10277777910232544 0.0015625000232830644 0.011111111380159855
0 0.8635416626930237 0.43611112236976624 0.012500000186264515 0.02777777798473835
4 0.5059896111488342 0.1675925999879837 0.01718750037252903 0.08703703433275223
