4 0.5054687261581421 0.16203702986240387 0.01718750037252903 0.0833333358168602
6 0.44453126192092896 0.12083332985639572 0.00572916679084301 0.006481481250375509
2 0.18203124403953552 0.35462963581085205 0.1067708358168602 0.10000000149011612
8 0.14401040971279144 0.35462963581085205 0.02447916753590107 0.029629629105329514
1 0.5059896111488342 0.20185184478759766 0.010937499813735485 0.02777777798473835
1 0.2679687440395355 0.37731480598449707 0.05781250074505806 0.043518517166376114
1 0.2473958283662796 0.3550925850868225 0.04479166492819786 0.034259259700775146
7 0.12265624850988388 0.380092591047287 0.03489583358168602 0.032407406717538834
2 0.47838541865348816 0.24120371043682098 0.02447916753590107 0.08055555820465088
0 0.2684895694255829 0.31481480598449707 0.006770833395421505 0.029629629105329514
0 0.8927083611488342 0.3194444477558136 0.01145833358168602 0.029629629105329514
0 0.3708333373069763 0.4384259283542633 0.008333333767950535 0.037962961941957474
0 0.5127604007720947 0.10925926268100739 0.0015625000232830644 0.011111111380159855
0 0.5096353888511658 0.1101851835846901 0.0015625000232830644 0.011111111380159855
0 0.940625011920929 0.35740742087364197 0.01354166679084301 0.03333333507180214
0 0.9979166388511658 0.33009257912635803 0.004166666883975267 0.03055555559694767
0 0.45651042461395264 0.10046296566724777 0.0015625000232830644 0.010185184888541698
0 0.8419271111488342 0.40740740299224854 0.010937499813735485 0.025925925001502037
4 0.5057291388511658 0.16203702986240387 0.01666666753590107 0.0833333358168602
