4 0.5059896111488342 0.17546296119689941 0.01822916604578495 0.09166666865348816
6 0.43671876192092896 0.16527777910232544 0.0026041667442768812 0.010185184888541698
6 0.4348958432674408 0.17037037014961243 0.0031250000465661287 0.011111111380159855
6 0.44218748807907104 0.1268518567085266 0.0062500000931322575 0.007407407276332378
2 0.1302083283662796 0.4138889014720917 0.1302083283662796 0.11666666716337204
8 0.07630208134651184 0.4078703820705414 0.02968749962747097 0.034259259700775146
1 0.5065104365348816 0.21990740299224854 0.01197916641831398 0.03055555559694767
1 0.2330729216337204 0.43888887763023376 0.06927083432674408 0.051851850003004074
1 0.19479165971279144 0.40925925970077515 0.05416666716337204 0.040740739554166794
7 0.06302083283662796 0.44212964177131653 0.0416666679084301 0.03611111268401146
2 0.4763020873069763 0.2680555582046509 0.02760416641831398 0.09166666865348816
0 0.24505208432674408 0.3560185134410858 0.008854166604578495 0.032407406717538834
0 0.9494791626930237 0.36342594027519226 0.014583333395421505 0.032407406717538834
0 0.3382812440395355 0.5231481194496155 0.010937499813735485 0.04444444552063942
0 0.515625 0.11435185372829437 0.0020833334419876337 0.012037036940455437
0 0.5088541507720947 0.11620370298624039 0.0010416667209938169 0.012037036940455437
0 0.9976562261581421 0.4138889014720917 0.004687500186264515 0.03703703731298447
0 0.453125 0.10555555671453476 0.0010416667209938169 0.011111111380159855
0 0.8950520753860474 0.47777777910232544 0.01406249962747097 0.029629629105329514
4 0.5059896111488342 0.17546296119689941 0.01822916604578495 0.09166666865348816
