4 0.5062500238418579 0.1814814805984497 0.01875000074505806 0.0962962955236435
6 0.4348958432674408 0.17037037014961243 0.0031250000465661287 0.011111111380159855
6 0.43281251192092896 0.17592592537403107 0.0031250000465661287 0.011111111380159855
6 0.44062501192092896 0.13055555522441864 0.0062500000931322575 0.007407407276332378
2 0.10078124701976776 0.4472222328186035 0.14427083730697632 0.1259259283542633
8 0.0390625 0.43796294927597046 0.03333333507180214 0.03703703731298447
1 0.5067708492279053 0.2282407432794571 0.012500000186264515 0.032407406717538834
1 0.2135416716337204 0.4740740656852722 0.07604166865348816 0.05740740895271301
1 0.16614583134651184 0.43888887763023376 0.05937499925494194 0.04444444552063942
7 0.02942708320915699 0.47685185074806213 0.04635416716337204 0.03888889029622078
2 0.4749999940395355 0.2819444537162781 0.02916666679084301 0.0972222238779068
0 0.23203125596046448 0.3782407343387604 0.00989583320915699 0.034259259700775146
0 0.9807291626930237 0.38749998807907104 0.01666666753590107 0.034259259700775146
0 0.3192708194255829 0.572685182094574 0.012500000186264515 0.04722222313284874
0 0.5169270634651184 0.11712963134050369 0.0015625000232830644 0.012037036940455437
0 0.508593738079071 0.11898148059844971 0.0015625000232830644 0.012037036940455437
0 0.45130208134651184 0.10740740597248077 0.0015625000232830644 0.011111111380159855
0 0.9252604246139526 0.5185185074806213 0.01614583283662796 0.031481482088565826
4 0.5062500238418579 0.1814814805984497 0.01875000074505806 0.0962962955236435
