4 0.5059896111488342 0.17314815521240234 0.01822916604578495 0.09074074029922485
6 0.4372395873069763 0.16388888657093048 0.0026041667442768812 0.011111111380159855
6 0.4424479305744171 0.12638889253139496 0.00572916679084301 0.006481481250375509
2 0.13697916269302368 0.40601852536201477 0.12708333134651184 0.11388888955116272
8 0.08489583432674408 0.40138888359069824 0.02916666679084301 0.034259259700775146
1 0.5065104365348816 0.2171296328306198 0.01197916641831398 0.03055555559694767
1 0.23776040971279144 0.43101853132247925 0.06822916865348816 0.05092592537403107
1 0.20156249403953552 0.40231481194496155 0.05312500149011612 0.03981481492519379
7 0.07057292014360428 0.4337962865829468 0.04114583507180214 0.03611111268401146
2 0.4765625 0.26435184478759766 0.02708333358168602 0.08981481194496155
0 0.24791666865348816 0.35046297311782837 0.008333333767950535 0.032407406717538834
0 0.942187488079071 0.3578703701496124 0.014583333395421505 0.032407406717538834
0 0.3427083194255829 0.5120370388031006 0.010416666977107525 0.04259259253740311
0 0.5153645873069763 0.11435185372829437 0.0015625000232830644 0.012037036940455437
0 0.5091145634651184 0.11527777463197708 0.0015625000232830644 0.012037036940455437
0 0.9937499761581421 0.40648147463798523 0.012500000186264515 0.03703703731298447
0 0.4533854126930237 0.10462962836027145 0.0015625000232830644 0.011111111380159855
0 0.8880208134651184 0.46898147463798523 0.01354166679084301 0.028703704476356506
4 0.5059896111488342 0.17407406866550446 0.01822916604578495 0.09074074029922485
