4 0.5062500238418579 0.18009258806705475 0.01875000074505806 0.09537036716938019
6 0.43541666865348816 0.16898147761821747 0.0031250000465661287 0.010185184888541698
6 0.4333333373069763 0.17499999701976776 0.0031250000465661287 0.011111111380159855
6 0.4411458373069763 0.12962962687015533 0.0062500000931322575 0.007407407276332378
2 0.10859374701976776 0.43888887763023376 0.14114584028720856 0.1240740716457367
8 0.04843749850988388 0.43009260296821594 0.03229166567325592 0.03611111268401146
1 0.5067708492279053 0.22638888657093048 0.012500000186264515 0.032407406717538834
1 0.21875 0.46481481194496155 0.07395832985639572 0.0555555559694767
1 0.17343750596046448 0.43101853132247925 0.05833333358168602 0.043518517166376114
7 0.03828125074505806 0.46759259700775146 0.04531250149011612 0.03888889029622078
2 0.4752604067325592 0.27824074029922485 0.02864583395421505 0.09537036716938019
0 0.23541666567325592 0.37268519401550293 0.00937500037252903 0.034259259700775146
0 0.9729166626930237 0.38148146867752075 0.015625 0.03333333507180214
0 0.32421875 0.5601851940155029 0.01197916641831398 0.046296294778585434
0 0.516406238079071 0.11666666716337204 0.0015625000232830644 0.012962962500751019
0 0.508593738079071 0.1180555522441864 0.0015625000232830644 0.012037036940455437
0 0.4518229067325592 0.10740740597248077 0.0015625000232830644 0.011111111380159855
0 0.9177083373069763 0.5083333253860474 0.015625 0.031481482088565826
4 0.5062500238418579 0.18009258806705475 0.01875000074505806 0.09537036716938019
