4 0.5057291388511658 0.17175926268100739 0.01770833320915699 0.08981481194496155
6 0.4377604126930237 0.16249999403953552 0.0026041667442768812 0.010185184888541698
6 0.4427083432674408 0.1259259283542633 0.0062500000931322575 0.007407407276332378
2 0.14348958432674408 0.3986110985279083 0.12447916716337204 0.1120370402932167
8 0.09322916716337204 0.39444443583488464 0.02812499925494194 0.03333333507180214
1 0.5065104365348816 0.2152777761220932 0.01197916641831398 0.03055555559694767
1 0.24192708730697632 0.4236111044883728 0.06614582985639572 0.049074072390794754
1 0.20807291567325592 0.39537036418914795 0.05156249925494194 0.03888889029622078
7 0.078125 0.4263888895511627 0.03958333283662796 0.03611111268401146
2 0.4765625 0.2611111104488373 0.02708333358168602 0.08888889104127884
0 0.2510416805744171 0.34583333134651184 0.008333333767950535 0.032407406717538834
0 0.9351562261581421 0.35277777910232544 0.01406249962747097 0.031481482088565826
0 0.3466145694255829 0.5009258985519409 0.00989583320915699 0.04259259253740311
0 0.514843761920929 0.11342592537403107 0.0015625000232830644 0.012037036940455437
0 0.5091145634651184 0.11527777463197708 0.0015625000232830644 0.012037036940455437
0 0.9880208373069763 0.39953702688217163 0.01666666753590107 0.03611111268401146
0 0.45390623807907104 0.10462962836027145 0.0015625000232830644 0.011111111380159855
0 0.8815104365348816 0.45972222089767456 0.013020833022892475 0.028703704476356506
4 0.5059896111488342 0.17222222685813904 0.01822916604578495 0.09074074029922485
