4 0.5065104365348816 0.18518517911434174 0.01927083358168602 0.09814814478158951
6 0.43437498807907104 0.17314815521240234 0.0031250000465661287 0.011111111380159855
6 0.4322916567325592 0.17870371043682098 0.0031250000465661287 0.011111111380159855
6 0.4403645694255829 0.13148148357868195 0.006770833395421505 0.007407407276332378
2 0.08515624701976776 0.46481481194496155 0.15260416269302368 0.13148148357868195
8 0.01901041716337204 0.4541666805744171 0.03489583358168602 0.037962961941957474
1 0.5072916746139526 0.23333333432674408 0.012500000186264515 0.03333333507180214
1 0.20338541269302368 0.49259260296821594 0.07968749850988388 0.05925925821065903
1 0.15052083134651184 0.4546296298503876 0.0625 0.046296294778585434
7 0.01796874962747097 0.49537035822868347 0.03593749925494194 0.040740739554166794
2 0.47447916865348816 0.28935185074806213 0.03020833246409893 0.09907407313585281
0 0.22552083432674408 0.3898148238658905 0.010416666977107525 0.035185184329748154
0 0.9947916865348816 0.4009259343147278 0.010416666977107525 0.035185184329748154
0 0.3088541626930237 0.6004629731178284 0.01354166679084301 0.049074072390794754
0 0.5177083611488342 0.11851851642131805 0.0020833334419876337 0.012962962500751019
0 0.508593738079071 0.12037037312984467 0.0015625000232830644 0.012962962500751019
0 0.4507812559604645 0.10879629850387573 0.0015625000232830644 0.012037036940455437
0 0.9424479007720947 0.5407407283782959 0.01718750037252903 0.03333333507180214
4 0.5065104365348816 0.18518517911434174 0.01927083358168602 0.09814814478158951
