4 0.5028645992279053 0.19722221791744232 0.02031249925494194 0.10740740597248077
6 0.42656248807907104 0.18287037312984467 0.0031250000465661287 0.012037036940455437
6 0.4216145873069763 0.19722221791744232 0.0036458333488553762 0.012962962500751019
6 0.4244791567325592 0.1893518567085266 0.0031250000465661287 0.012037036940455437
6 0.4338541626930237 0.1379629671573639 0.0062500000931322575 0.007407407276332378
2 0.05260416492819786 0.5467592477798462 0.10520832985639572 0.1546296328306198
1 0.5036458373069763 0.25046294927597046 0.01354166679084301 0.03611111268401146
1 0.15286459028720856 0.5763888955116272 0.0963541641831398 0.07129629701375961
1 0.0794270858168602 0.5249999761581421 0.07656250149011612 0.0555555559694767
2 0.46796876192092896 0.31898146867752075 0.0338541679084301 0.1120370402932167
0 0.1927083283662796 0.4407407343387604 0.012500000186264515 0.03888889029622078
0 0.25703126192092896 0.7259259223937988 0.01927083358168602 0.0555555559694767
0 0.5161458253860474 0.12314815074205399 0.0020833334419876337 0.012962962500751019
0 0.50390625 0.125 0.0015625000232830644 0.012962962500751019
0 0.9984375238418579 0.6333333253860474 0.0031250000465661287 0.03703703731298447
4 0.503125011920929 0.19814814627170563 0.02083333395421505 0.10740740597248077
