4 0.5023437738418579 0.19583334028720856 0.02031249925494194 0.10648148506879807
6 0.42656248807907104 0.1814814805984497 0.0031250000465661287 0.011111111380159855
6 0.4216145873069763 0.1953703761100769 0.0036458333488553762 0.012962962500751019
6 0.4244791567325592 0.18796296417713165 0.0031250000465661287 0.012962962500751019
6 0.43359375 0.13703703880310059 0.006770833395421505 0.007407407276332378
2 0.05624999850988388 0.5342592597007751 0.11249999701976776 0.1518518477678299
1 0.503125011920929 0.24768517911434174 0.01354166679084301 0.03611111268401146
1 0.15963540971279144 0.5634258985519409 0.09427083283662796 0.0694444477558136
1 0.08906249701976776 0.5148147940635681 0.07395832985639572 0.05370370298624039
2 0.46796876192092896 0.3143518567085266 0.03281249850988388 0.1101851835846901
0 0.19635416567325592 0.4333333373069763 0.012500000186264515 0.03888889029622078
0 0.2645833194255829 0.7055555582046509 0.01770833320915699 0.0555555559694767
0 0.5151041746139526 0.12222222238779068 0.0020833334419876337 0.012962962500751019
0 0.5033854246139526 0.125 0.0015625000232830644 0.012962962500751019
0 0.9924479126930237 0.6166666746139526 0.015104166232049465 0.03703703731298447
4 0.5023437738418579 0.19583334028720856 0.02031249925494194 0.10648148506879807
