4 0.504687488079071 0.18981482088565826 0.01979166641831398 0.10185185074806213
6 0.4309895932674408 0.17685185372829437 0.0026041667442768812 0.011111111380159855
6 0.4286458194255829 0.18287037312984467 0.0031250000465661287 0.012037036940455437
6 0.4375 0.13425925374031067 0.0062500000931322575 0.007407407276332378
2 0.06953124701976776 0.4967592656612396 0.13906249403953552 0.14166666567325592
1 0.5054687261581421 0.24027778208255768 0.013020833022892475 0.034259259700775146
1 0.18359375 0.5254629850387573 0.0859375 0.06388889253139496
1 0.1223958358168602 0.4819444417953491 0.0677083358168602 0.049074072390794754
2 0.4716145694255829 0.3013888895511627 0.03177083283662796 0.10462962836027145
0 0.2122395783662796 0.41018518805503845 0.010937499813735485 0.03703703731298447
0 0.2890625 0.6481481194496155 0.015625 0.051851850003004074
0 0.5169270634651184 0.12037037312984467 0.0015625000232830644 0.012962962500751019
0 0.5065104365348816 0.12222222238779068 0.0015625000232830644 0.012962962500751019
0 0.9674479365348816 0.5763888955116272 0.01927083358168602 0.034259259700775146
4 0.5052083134651184 0.19027778506278992 0.01979166641831398 0.10277777910232544
