4 0.5023437738418579 0.19398148357868195 0.02031249925494194 0.10462962836027145
6 0.4270833432674408 0.18009258806705475 0.0031250000465661287 0.012037036940455437
6 0.42500001192092896 0.1865740716457367 0.0031250000465661287 0.012037036940455437
6 0.43411457538604736 0.13611111044883728 0.006770833395421505 0.007407407276332378
2 0.06041666492819786 0.5217592716217041 0.12083332985639572 0.14907407760620117
1 0.503125011920929 0.24537037312984467 0.01354166679084301 0.035185184329748154
1 0.16718749701976776 0.5504629611968994 0.09166666865348816 0.06759259104728699
1 0.09973958134651184 0.5037037134170532 0.07239583134651184 0.051851850003004074
2 0.46822917461395264 0.31018519401550293 0.03229166567325592 0.10740740597248077
0 0.20078125596046448 0.4254629611968994 0.01197916641831398 0.037962961941957474
0 0.27265626192092896 0.6851851940155029 0.01718750037252903 0.05370370298624039
0 0.514843761920929 0.12175925821065903 0.0015625000232830644 0.012037036940455437
0 0.5033854246139526 0.1240740716457367 0.0015625000232830644 0.012962962500751019
0 0.9841145873069763 0.6013888716697693 0.02031249925494194 0.03611111268401146
4 0.5023437738418579 0.19398148357868195 0.02031249925494194 0.10462962836027145
