4 0.5062500238418579 0.1884259283542633 0.01979166641831398 0.10092592239379883
6 0.43281251192092896 0.17546296119689941 0.0031250000465661287 0.012037036940455437
6 0.4307291805744171 0.18194444477558136 0.0031250000465661287 0.012037036940455437
6 0.43932291865348816 0.13333334028720856 0.006770833395421505 0.007407407276332378
2 0.07395832985639572 0.4851851761341095 0.14791665971279144 0.13703703880310059
8 0.007552083116024733 0.47175925970077515 0.015104166232049465 0.03981481492519379
1 0.507031261920929 0.23749999701976776 0.013020833022892475 0.034259259700775146
1 0.19140625 0.5134259462356567 0.08385416865348816 0.06203703582286835
1 0.13333334028720856 0.4722222089767456 0.06562499701976776 0.04814814776182175
7 0.008593750186264515 0.5166666507720947 0.01718750037252903 0.04259259253740311
2 0.47343748807907104 0.29722222685813904 0.03125 0.10185185074806213
0 0.21770833432674408 0.40324074029922485 0.010416666977107525 0.03611111268401146
0 0.2966145873069763 0.6310185194015503 0.015104166232049465 0.05092592537403107
0 0.5179687738418579 0.11990740895271301 0.0015625000232830644 0.012037036940455437
0 0.5080729126930237 0.12175925821065903 0.0015625000232830644 0.012037036940455437
0 0.44973957538604736 0.10972221940755844 0.0015625000232830644 0.012037036940455437
0 0.960156261920929 0.5652777552604675 0.01822916604578495 0.034259259700775146
4 0.5065104365348816 0.1884259283542633 0.01927083358168602 0.10092592239379883
