4 0.5033854246139526 0.2013888955116272 0.02135416679084301 0.1101851835846901
6 0.4260416626930237 0.1856481432914734 0.0031250000465661287 0.012037036940455437
6 0.42109376192092896 0.20092593133449554 0.0036458333488553762 0.012962962500751019
6 0.42369791865348816 0.192592591047287 0.0036458333488553762 0.012962962500751019
6 0.43359375 0.13935184478759766 0.006770833395421505 0.008333333767950535
2 0.04453124850988388 0.5731481313705444 0.08906249701976776 0.16296295821666718
1 0.5041666626930237 0.2560185194015503 0.01354166679084301 0.037962961941957474
1 0.1380208283662796 0.6032407283782959 0.10208333283662796 0.07500000298023224
1 0.05807291716337204 0.5472221970558167 0.0807291641831398 0.05740740895271301
2 0.4674479067325592 0.3282407522201538 0.03489583358168602 0.11574073880910873
0 0.18385416269302368 0.4564814865589142 0.01354166679084301 0.040740739554166794
0 0.24036458134651184 0.7689814567565918 0.02031249925494194 0.05833333358168602
0 0.5169270634651184 0.125 0.0015625000232830644 0.012962962500751019
0 0.5041666626930237 0.1268518567085266 0.0010416667209938169 0.012962962500751019
4 0.5036458373069763 0.2013888955116272 0.02083333395421505 0.1101851835846901
