4 0.49557292461395264 0.20555555820465088 0.02135416679084301 0.11296296119689941
6 0.4169270694255829 0.1893518567085266 0.0036458333488553762 0.012037036940455437
6 0.4117187559604645 0.20462962985038757 0.0036458333488553762 0.012962962500751019
6 0.41458332538604736 0.19629628956317902 0.0031250000465661287 0.012962962500751019
6 0.4247395694255829 0.14166666567325592 0.006770833395421505 0.007407407276332378
2 0.02968749962747097 0.612500011920929 0.05937499925494194 0.17499999701976776
1 0.49661457538604736 0.2620370388031006 0.01406249962747097 0.03888889029622078
1 0.11015625298023224 0.6412037014961243 0.11093749850988388 0.0824074074625969
1 0.03307291492819786 0.5800926089286804 0.06614582985639572 0.06203703582286835
2 0.45911458134651184 0.33888888359069824 0.03593749925494194 0.12037037312984467
0 0.1640625 0.4782407283782959 0.014583333395421505 0.0416666679084301
0 0.21302083134651184 0.8268518447875977 0.02395833283662796 0.06111111119389534
0 0.5088541507720947 0.1259259283542633 0.0020833334419876337 0.012962962500751019
0 0.49609375 0.12870369851589203 0.0015625000232830644 0.012962962500751019
4 0.49609375 0.20601852238178253 0.02135416679084301 0.11388888955116272
