4 0.48098957538604736 0.2101851850748062 0.02239583246409893 0.11666666716337204
6 0.40026041865348816 0.1935185194015503 0.0036458333488553762 0.012962962500751019
6 0.3947916626930237 0.20972222089767456 0.004166666883975267 0.013888888992369175
6 0.39765626192092896 0.20092593133449554 0.0036458333488553762 0.012962962500751019
6 0.3921875059604645 0.2171296328306198 0.004166666883975267 0.013888888992369175
6 0.40807291865348816 0.14398148655891418 0.006770833395421505 0.008333333767950535
2 0.008333333767950535 0.6666666865348816 0.01666666753590107 0.19629628956317902
1 0.48229166865348816 0.2680555582046509 0.014583333395421505 0.03981481492519379
1 0.06979166716337204 0.6907407641410828 0.12395833432674408 0.09259258955717087
1 0.00963541679084301 0.625 0.01927083358168602 0.07037036865949631
2 0.4437499940395355 0.35046297311782837 0.03750000149011612 0.125
0 0.13333334028720856 0.5069444179534912 0.01666666753590107 0.043518517166376114
0 0.17526040971279144 0.8995370268821716 0.02760416641831398 0.06388889253139496
0 0.4934895932674408 0.12731482088565826 0.0015625000232830644 0.013888888992369175
0 0.47994792461395264 0.130092591047287 0.0015625000232830644 0.013888888992369175
4 0.48098957538604736 0.2101851850748062 0.02239583246409893 0.11666666716337204
