4 0.4338541626930237 0.22083333134651184 0.02604166604578495 0.125
6 0.34817707538604736 0.20416666567325592 0.0036458333488553762 0.013888888992369175
6 0.3424479067325592 0.2222222238779068 0.004687500186264515 0.014814814552664757
6 0.34557291865348816 0.21250000596046448 0.004687500186264515 0.013888888992369175
6 0.33984375 0.23101851344108582 0.004687500186264515 0.015740741044282913
6 0.35598957538604736 0.1509259194135666 0.0078125 0.009259259328246117
1 0.4364583194255829 0.2828703820705414 0.01666666753590107 0.043518517166376114
1 0.01406249962747097 0.842129647731781 0.02812499925494194 0.13055555522441864
2 0.3960937559604645 0.3787037134170532 0.04322916641831398 0.1388888955116272
0 0.03854166716337204 0.5902777910232544 0.02291666716337204 0.049074072390794754
0 0.4453125 0.1310185194015503 0.0020833334419876337 0.013888888992369175
0 0.4307291805744171 0.13472221791744232 0.0020833334419876337 0.013888888992369175
4 0.4338541626930237 0.22083333134651184 0.02604166604578495 0.125
