4 0.4598958194255829 0.21481481194496155 0.02395833283662796 0.12037037312984467
6 0.37708333134651184 0.19814814627170563 0.004166666883975267 0.012962962500751019
6 0.3713541626930237 0.2152777761220932 0.004166666883975267 0.013888888992369175
6 0.37447917461395264 0.20601852238178253 0.004166666883975267 0.013888888992369175
6 0.3687500059604645 0.2231481522321701 0.004166666883975267 0.014814814552664757
6 0.38489583134651184 0.14722222089767456 0.0072916666977107525 0.009259259328246117
1 0.4619791805744171 0.27453702688217163 0.015625 0.0416666679084301
1 0.04322916641831398 0.7546296119689941 0.08645833283662796 0.10740740597248077
2 0.42265623807907104 0.36342594027519226 0.04010416567325592 0.13055555522441864
0 0.09218750149011612 0.5425925850868225 0.01875000074505806 0.046296294778585434
0 0.12526041269302368 0.979629635810852 0.0338541679084301 0.040740739554166794
0 0.47187501192092896 0.12916666269302368 0.0020833334419876337 0.013888888992369175
0 0.4580729305744171 0.1319444477558136 0.0015625000232830644 0.013888888992369175
4 0.4598958194255829 0.21481481194496155 0.02395833283662796 0.12037037312984467
