4 0.20000000298023224 0.2750000059604645 0.05000000074505806 0.16111111640930176
6 0.07578124850988388 0.2689814865589142 0.008854166604578495 0.017592592164874077
6 0.06744791567325592 0.2953703701496124 0.00989583320915699 0.020370369777083397
6 0.07213541865348816 0.28101852536201477 0.008854166604578495 0.01944444514811039
6 0.06354166567325592 0.3083333373069763 0.010416666977107525 0.02222222276031971
6 0.08567707985639572 0.19490741193294525 0.013020833022892475 0.012037036940455437
1 0.21041665971279144 0.3532407283782959 0.02812499925494194 0.05833333358168602
2 0.15677084028720856 0.5129629373550415 0.08229167014360428 0.20555555820465088
0 0.8158854246139526 0.41296297311782837 0.013020833022892475 0.03703703731298447
0 0.18932291865348816 0.16203702986240387 0.004687500186264515 0.01666666753590107
0 0.8778645992279053 0.48842594027519226 0.01614583283662796 0.043518517166376114
0 0.9145833253860474 0.38842591643333435 0.014583333395421505 0.034259259700775146
0 0.8500000238418579 0.6833333373069763 0.01875000074505806 0.040740739554166794
4 0.2005208283662796 0.27546295523643494 0.05000000074505806 0.16203702986240387
