4 0.2395833283662796 0.2638888955116272 0.04479166492819786 0.1537037044763565
6 0.12421874701976776 0.255092591047287 0.0078125 0.017592592164874077
6 0.11666666716337204 0.28009259700775146 0.008333333767950535 0.01944444514811039
6 0.12109375 0.26620370149612427 0.0078125 0.017592592164874077
6 0.11328125 0.2916666567325592 0.008854166604578495 0.020370369777083397
6 0.13333334028720856 0.18518517911434174 0.01145833358168602 0.011111111380159855
1 0.24843749403953552 0.33888888359069824 0.02604166604578495 0.0555555559694767
2 0.19895833730697632 0.48564815521240234 0.0729166641831398 0.19166666269302368
0 0.846875011920929 0.4194444417953491 0.01354166679084301 0.03703703731298447
0 0.22994790971279144 0.15601852536201477 0.0036458333488553762 0.015740741044282913
0 0.9104166626930237 0.49768519401550293 0.01770833320915699 0.043518517166376114
0 0.9518229365348816 0.39953702688217163 0.01614583283662796 0.03611111268401146
0 0.8755208253860474 0.6893518567085266 0.01979166641831398 0.0416666679084301
4 0.23984375596046448 0.26435184478759766 0.04531250149011612 0.1546296328306198
