4 0.07656250149011612 0.317592591047287 0.06666667014360428 0.18888889253139496
1 0.09088541567325592 0.4078703820705414 0.03697916492819786 0.0694444477558136
2 0.03854166716337204 0.6175925731658936 0.07708333432674408 0.25740739703178406
0 0.9458333253860474 0.322685182094574 0.01145833358168602 0.03055555559694767
0 0.9026041626930237 0.25648146867752075 0.00937500037252903 0.024074073880910873
0 0.7403646111488342 0.40138888359069824 0.010937499813735485 0.03611111268401146
0 0.06354166567325592 0.18425926566123962 0.0062500000931322575 0.018518518656492233
0 0.7994791865348816 0.47361111640930176 0.01354166679084301 0.0416666679084301
0 0.94140625 0.40648147463798523 0.01406249962747097 0.03703703731298447
0 0.8257812261581421 0.36759260296821594 0.01197916641831398 0.03333333507180214
0 0.7885416746139526 0.6810185313224792 0.01666666753590107 0.0416666679084301
4 0.07708333432674408 0.317592591047287 0.06666667014360428 0.18888889253139496
