4 0.3424479067325592 0.23888888955116272 0.0338541679084301 0.13703703880310059
6 0.24583333730697632 0.22499999403953552 0.0052083334885537624 0.014814814552664757
6 0.2395833283662796 0.24583333730697632 0.0062500000931322575 0.017592592164874077
6 0.24296875298023224 0.23472222685813904 0.00572916679084301 0.015740741044282913
6 0.23645833134651184 0.2560185194015503 0.0062500000931322575 0.017592592164874077
6 0.2536458373069763 0.1648148149251938 0.00937500037252903 0.009259259328246117
1 0.34817707538604736 0.3064814805984497 0.02031249925494194 0.04814814776182175
2 0.3049479126930237 0.4245370328426361 0.0546875 0.16203702986240387
0 0.9437500238418579 0.4472222328186035 0.01770833320915699 0.03888889029622078
0 0.3361979126930237 0.14259259402751923 0.0026041667442768812 0.014814814552664757
0 0.9544270634651184 0.7148148417472839 0.0234375 0.040740739554166794
4 0.3427083194255829 0.23888888955116272 0.03437500074505806 0.13703703880310059
