8 0.17083333432674408 0.07037036865949631 0.0020833334419876337 0.007407407276332378
8 0.171875 0.07268518209457397 0.0020833334419876337 0.008333333767950535
7 0.17135415971279144 0.07129629701375961 0.0031250000465661287 0.007407407276332378
2 0.16562500596046448 0.08564814925193787 0.014583333395421505 0.028703704476356506
1 0.16223958134651184 0.06435184925794601 0.00989583320915699 0.006481481250375509
1 0.17031249403953552 0.1050925925374031 0.00937500037252903 0.013888888992369175
2 0.1614583283662796 0.07037036865949631 0.012500000186264515 0.024074073880910873
1 0.1705729216337204 0.0694444477558136 0.00572916679084301 0.007407407276332378
1 0.27812498807907104 0.34953704476356506 0.03229166567325592 0.05462963134050369
8 0.16718749701976776 0.06157407537102699 0.0031250000465661287 0.006481481250375509
0 0.18671874701976776 0.447685182094574 0.01197916641831398 0.03981481492519379
0 0.18333333730697632 0.06851851940155029 0.0020833334419876337 0.007407407276332378
0 0.18645833432674408 0.36342594027519226 0.00937500037252903 0.034259259700775146
0 0.20807291567325592 0.1310185194015503 0.0036458333488553762 0.013888888992369175
0 0.19479165971279144 0.6425926089286804 0.01666666753590107 0.05370370298624039
0 0.15859374403953552 0.10925926268100739 0.0036458333488553762 0.011111111380159855
0 0.15963540971279144 0.10972221940755844 0.0036458333488553762 0.012037036940455437
0 0.20104166865348816 0.35092592239379883 0.00937500037252903 0.03333333507180214
0 0.1927083283662796 0.7648147940635681 0.01979166641831398 0.06111111119389534
0 0.18020834028720856 0.06666667014360428 0.0020833334419876337 0.007407407276332378
0 0.20677083730697632 0.12222222238779068 0.0031250000465661287 0.012962962500751019
0 0.24062499403953552 0.18796296417713165 0.0052083334885537624 0.018518518656492233
0 0.21432290971279144 0.13703703880310059 0.0036458333488553762 0.014814814552664757
