8 0.06562499701976776 0.07685185223817825 0.0031250000465661287 0.009259259328246117
8 0.06666667014360428 0.07916666567325592 0.0031250000465661287 0.008333333767950535
7 0.06614582985639572 0.07824073731899261 0.004166666883975267 0.008333333767950535
2 0.06145833432674408 0.09305555373430252 0.01875000074505806 0.03055555559694767
1 0.05390625074505806 0.07129629701375961 0.01197916641831398 0.007407407276332378
1 0.06848958134651184 0.11342592537403107 0.01197916641831398 0.015740741044282913
2 0.0546875 0.07685185223817825 0.015625 0.025925925001502037
1 0.0651041641831398 0.0763888880610466 0.0072916666977107525 0.008333333767950535
1 0.21171875298023224 0.35185185074806213 0.03593749925494194 0.05370370298624039
8 0.06015624850988388 0.06805555522441864 0.0036458333488553762 0.006481481250375509
0 0.12161458283662796 0.4504629671573639 0.01406249962747097 0.03981481492519379
0 0.11354167014360428 0.3708333373069763 0.012500000186264515 0.034259259700775146
0 0.11562500149011612 0.13935184478759766 0.0052083334885537624 0.013888888992369175
0 0.14791665971279144 0.6245370507240295 0.01875000074505806 0.05277777835726738
0 0.12812499701976776 0.3583333194255829 0.01145833358168602 0.03333333507180214
0 0.15625 0.7277777791023254 0.02083333395421505 0.05925925821065903
0 0.07604166865348816 0.07268518209457397 0.0031250000465661287 0.008333333767950535
0 0.7200520634651184 0.9879629611968994 0.02552083320915699 0.024074073880910873
0 0.11276041716337204 0.130092591047287 0.004687500186264515 0.013888888992369175
0 0.15781250596046448 0.19675925374031067 0.0062500000931322575 0.01944444514811039
0 0.12317708134651184 0.14537036418914795 0.004687500186264515 0.014814814552664757
