1 0.15729166567325592 0.36064815521240234 0.04062499850988388 0.05462963134050369
0 0.06484375149011612 0.46481481194496155 0.01614583283662796 0.040740739554166794
0 0.05052083358168602 0.3861111104488373 0.014583333395421505 0.035185184329748154
0 0.03828125074505806 0.14861111342906952 0.00572916679084301 0.015740741044282913
0 0.10364583134651184 0.6314814686775208 0.02083333395421505 0.05370370298624039
0 0.06614582985639572 0.37268519401550293 0.01354166679084301 0.034259259700775146
0 0.1184895858168602 0.7277777791023254 0.0234375 0.05925925821065903
0 0.6664062738418579 0.9032407402992249 0.02031249925494194 0.0694444477558136
0 0.03437500074505806 0.13935184478759766 0.0052083334885537624 0.013888888992369175
0 0.08958332985639572 0.20648148655891418 0.0072916666977107525 0.020370369777083397
0 0.04739583283662796 0.15509259700775146 0.0062500000931322575 0.015740741044282913
