8 0.2502604126930237 0.06620370596647263 0.0015625000232830644 0.008333333767950535
8 0.2510416805744171 0.06851851940155029 0.0020833334419876337 0.007407407276332378
7 0.25078123807907104 0.06759259104728699 0.0026041667442768812 0.007407407276332378
2 0.24453124403953552 0.08101851493120193 0.01197916641831398 0.026851851493120193
1 0.24375000596046448 0.06064814701676369 0.008333333767950535 0.006481481250375509
1 0.24765625596046448 0.10000000149011612 0.0078125 0.012962962500751019
2 0.24166665971279144 0.06620370596647263 0.010416666977107525 0.023148147389292717
1 0.25 0.06574074178934097 0.0052083334885537624 0.007407407276332378
1 0.3333333432674408 0.35046297311782837 0.02916666679084301 0.05462963134050369
8 0.2473958283662796 0.05787036940455437 0.0020833334419876337 0.006481481250375509
0 0.24036458134651184 0.4462963044643402 0.010937499813735485 0.03888889029622078
0 0.23151041567325592 0.05879629775881767 0.0015625000232830644 0.004629629664123058
0 0.2614583373069763 0.06481481343507767 0.0020833334419876337 0.007407407276332378
0 0.24583333730697632 0.3592592477798462 0.008333333767950535 0.03333333507180214
0 0.2802083194255829 0.1259259283542633 0.0031250000465661287 0.012962962500751019
0 0.23489584028720856 0.6587963104248047 0.015625 0.05462963134050369
0 0.2369791716337204 0.10370370000600815 0.0031250000465661287 0.011111111380159855
0 0.23776040971279144 0.10462962836027145 0.0026041667442768812 0.011111111380159855
0 0.2604166567325592 0.3472222089767456 0.008333333767950535 0.031481482088565826
0 0.22421875596046448 0.7958333492279053 0.02031249925494194 0.06203703582286835
0 0.2588541805744171 0.06296296417713165 0.0020833334419876337 0.007407407276332378
0 0.2796874940395355 0.11759259551763535 0.0031250000465661287 0.012962962500751019
0 0.30677083134651184 0.18333333730697632 0.004166666883975267 0.018518518656492233
0 0.2854166626930237 0.1319444477558136 0.0031250000465661287 0.013888888992369175
