8 0.3111979067325592 0.06388889253139496 0.0015625000232830644 0.007407407276332378
8 0.3114583194255829 0.06574074178934097 0.0010416667209938169 0.007407407276332378
7 0.3111979067325592 0.06527777761220932 0.0026041667442768812 0.006481481250375509
2 0.3044270873069763 0.07916666567325592 0.010937499813735485 0.026851851493120193
1 0.30546873807907104 0.05787036940455437 0.0078125 0.006481481250375509
1 0.30677083134651184 0.09814814478158951 0.0072916666977107525 0.012962962500751019
2 0.30286458134651184 0.06388889253139496 0.008854166604578495 0.02222222276031971
1 0.31067708134651184 0.0634259283542633 0.004687500186264515 0.006481481250375509
1 0.3776041567325592 0.3569444417953491 0.02708333358168602 0.05648148059844971
8 0.3088541626930237 0.0555555559694767 0.0020833334419876337 0.0055555556900799274
0 0.2809895873069763 0.45370370149612427 0.00989583320915699 0.040740739554166794
0 0.29374998807907104 0.05648148059844971 0.0010416667209938169 0.003703703638166189
0 0.3216145932674408 0.06296296417713165 0.0015625000232830644 0.007407407276332378
0 0.29114583134651184 0.3620370328426361 0.008333333767950535 0.03333333507180214
0 0.2945312559604645 0.23333333432674408 0.00572916679084301 0.02222222276031971
0 0.3361979126930237 0.12314815074205399 0.0026041667442768812 0.012962962500751019
0 0.2630208432674408 0.6870370507240295 0.015625 0.0555555559694767
0 0.2966145873069763 0.10046296566724777 0.0026041667442768812 0.010185184888541698
0 0.2971354126930237 0.10138888657093048 0.0026041667442768812 0.010185184888541698
0 0.3062500059604645 0.34953704476356506 0.0072916666977107525 0.032407406717538834
0 0.24375000596046448 0.8435184955596924 0.02083333395421505 0.06481481343507767
0 0.3190104067325592 0.06111111119389534 0.0015625000232830644 0.007407407276332378
0 0.3361979126930237 0.11527777463197708 0.0026041667442768812 0.012037036940455437
0 0.3591145873069763 0.18194444477558136 0.0036458333488553762 0.017592592164874077
0 0.3408854305744171 0.12962962687015533 0.0026041667442768812 0.012962962500751019
