8 0.22187499701976776 0.06759259104728699 0.0020833334419876337 0.007407407276332378
8 0.22239583730697632 0.0694444477558136 0.0020833334419876337 0.007407407276332378
7 0.22239583730697632 0.06898148357868195 0.0031250000465661287 0.006481481250375509
2 0.21640625596046448 0.0824074074625969 0.013020833022892475 0.02777777798473835
1 0.21432290971279144 0.06157407537102699 0.008854166604578495 0.006481481250375509
1 0.21979166567325592 0.10185185074806213 0.008333333767950535 0.012962962500751019
2 0.21302083134651184 0.06759259104728699 0.01145833358168602 0.02222222276031971
1 0.2213541716337204 0.06666667014360428 0.0052083334885537624 0.007407407276332378
1 0.31302082538604736 0.35046297311782837 0.03020833246409893 0.05462963134050369
8 0.21875 0.05879629775881767 0.0031250000465661287 0.006481481250375509
0 0.22031250596046448 0.447685182094574 0.01145833358168602 0.03981481492519379
0 0.2239583283662796 0.3611111044883728 0.00937500037252903 0.03333333507180214
0 0.2541666626930237 0.12731482088565826 0.0031250000465661287 0.013888888992369175
0 0.21953125298023224 0.654629647731781 0.01614583283662796 0.05370370298624039
0 0.20885416865348816 0.10555555671453476 0.0031250000465661287 0.011111111380159855
0 0.20989583432674408 0.10648148506879807 0.0031250000465661287 0.011111111380159855
0 0.23828125 0.34861111640930176 0.008854166604578495 0.032407406717538834
0 0.21171875298023224 0.7865740656852722 0.02031249925494194 0.06203703582286835
0 0.23072916269302368 0.06388889253139496 0.0020833334419876337 0.007407407276332378
0 0.25312501192092896 0.11898148059844971 0.0031250000465661287 0.012037036940455437
0 0.2828125059604645 0.18518517911434174 0.004166666883975267 0.018518518656492233
0 0.25989583134651184 0.13379628956317902 0.0031250000465661287 0.013888888992369175
