8 0.3229166567325592 0.06388889253139496 0.0010416667209938169 0.007407407276332378
8 0.3231770694255829 0.06574074178934097 0.0015625000232830644 0.007407407276332378
7 0.3231770694255829 0.06527777761220932 0.0026041667442768812 0.006481481250375509
2 0.31640625 0.07870370149612427 0.010937499813735485 0.025925925001502037
1 0.3177083432674408 0.05787036940455437 0.0072916666977107525 0.006481481250375509
1 0.31822916865348816 0.09768518805503845 0.0072916666977107525 0.012037036940455437
2 0.3148437440395355 0.06388889253139496 0.008854166604578495 0.02222222276031971
1 0.3226562440395355 0.06296296417713165 0.004687500186264515 0.007407407276332378
1 0.38593751192092896 0.3611111044883728 0.02708333358168602 0.05740740895271301
8 0.32083332538604736 0.0555555559694767 0.0020833334419876337 0.0055555556900799274
0 0.2874999940395355 0.4592592716217041 0.010416666977107525 0.040740739554166794
0 0.3059895932674408 0.05601852014660835 0.0015625000232830644 0.004629629664123058
0 0.3333333432674408 0.06296296417713165 0.0010416667209938169 0.007407407276332378
0 0.29895833134651184 0.36574074625968933 0.008333333767950535 0.03333333507180214
0 0.3044270873069763 0.23379629850387573 0.00572916679084301 0.023148147389292717
0 0.34713542461395264 0.12314815074205399 0.0026041667442768812 0.012962962500751019
0 0.2658854126930237 0.7032407522201538 0.01614583283662796 0.05648148059844971
0 0.30807292461395264 0.10000000149011612 0.0026041667442768812 0.011111111380159855
0 0.3088541626930237 0.10092592239379883 0.0020833334419876337 0.011111111380159855
0 0.3140625059604645 0.3532407283782959 0.0072916666977107525 0.032407406717538834
0 0.24322916567325592 0.8685185313224792 0.02187499962747097 0.06481481343507767
0 0.3309895694255829 0.06064814701676369 0.0015625000232830644 0.006481481250375509
0 0.34713542461395264 0.11527777463197708 0.0026041667442768812 0.012037036940455437
0 0.36901041865348816 0.182407408952713 0.0036458333488553762 0.018518518656492233
0 0.3518229126930237 0.12962962687015533 0.0026041667442768812 0.012962962500751019
