8 0.2966145873069763 0.06435184925794601 0.0015625000232830644 0.006481481250375509
8 0.2971354126930237 0.06666667014360428 0.0015625000232830644 0.007407407276332378
7 0.2971354126930237 0.06574074178934097 0.0026041667442768812 0.007407407276332378
2 0.2906250059604645 0.07916666567325592 0.01145833358168602 0.026851851493120193
1 0.29088541865348816 0.05879629775881767 0.0078125 0.006481481250375509
1 0.29296875 0.09814814478158951 0.0078125 0.012962962500751019
2 0.28854167461395264 0.06481481343507767 0.00937500037252903 0.02222222276031971
1 0.2966145873069763 0.06388889253139496 0.004687500186264515 0.007407407276332378
1 0.3674479126930237 0.35370370745658875 0.02760416641831398 0.0555555559694767
8 0.2942708432674408 0.05601852014660835 0.0020833334419876337 0.006481481250375509
0 0.27265626192092896 0.4486111104488373 0.00989583320915699 0.03981481492519379
0 0.27916666865348816 0.05694444477558136 0.0010416667209938169 0.004629629664123058
0 0.3075520694255829 0.06296296417713165 0.0015625000232830644 0.007407407276332378
0 0.28125 0.3592592477798462 0.008333333767950535 0.03333333507180214
0 0.2825520932674408 0.23333333432674408 0.00572916679084301 0.02222222276031971
0 0.3231770694255829 0.12314815074205399 0.0026041667442768812 0.012962962500751019
0 0.25833332538604736 0.6736111044883728 0.015625 0.05462963134050369
0 0.2825520932674408 0.10092592239379883 0.0026041667442768812 0.011111111380159855
0 0.28333333134651184 0.10185185074806213 0.0020833334419876337 0.011111111380159855
0 0.29609376192092896 0.3472222089767456 0.0078125 0.031481482088565826
0 0.24192708730697632 0.8222222328186035 0.02031249925494194 0.06296296417713165
0 0.3049479126930237 0.06111111119389534 0.0015625000232830644 0.007407407276332378
0 0.3229166567325592 0.11527777463197708 0.0020833334419876337 0.012037036940455437
0 0.34687501192092896 0.18194444477558136 0.0031250000465661287 0.017592592164874077
0 0.3278645873069763 0.130092591047287 0.0026041667442768812 0.013888888992369175
