6 0.35729166865348816 0.07037036865949631 0.0010416667209938169 0.0055555556900799274
8 0.37682291865348816 0.06296296417713165 0.0015625000232830644 0.007407407276332378
8 0.37708333134651184 0.06527777761220932 0.0010416667209938169 0.008333333767950535
7 0.37708333134651184 0.06481481343507767 0.0020833334419876337 0.007407407276332378
2 0.36901041865348816 0.07916666567325592 0.00989583320915699 0.026851851493120193
1 0.37317708134651184 0.05694444477558136 0.006770833395421505 0.006481481250375509
1 0.37031251192092896 0.09814814478158951 0.0062500000931322575 0.012962962500751019
2 0.3687500059604645 0.06388889253139496 0.008333333767950535 0.02222222276031971
1 0.3765625059604645 0.0625 0.004166666883975267 0.006481481250375509
1 0.42395833134651184 0.39027777314186096 0.02708333358168602 0.06388889253139496
8 0.3752604126930237 0.05462963134050369 0.0015625000232830644 0.0055555556900799274
0 0.35598957538604736 0.05601852014660835 0.0015625000232830644 0.006481481250375509
0 0.3125 0.5041666626930237 0.010416666977107525 0.043518517166376114
0 0.3609375059604645 0.0555555559694767 0.0010416667209938169 0.003703703638166189
0 0.33203125 0.3930555582046509 0.0078125 0.034259259700775146
0 0.34843748807907104 0.24120371043682098 0.0052083334885537624 0.023148147389292717
0 0.3968749940395355 0.12453703582286835 0.0020833334419876337 0.013888888992369175
0 0.265625 0.8245370388031006 0.01979166641831398 0.06203703582286835
0 0.35755208134651184 0.04814814776182175 0.0015625000232830644 0.0055555556900799274
0 0.36015623807907104 0.10000000149011612 0.0015625000232830644 0.011111111380159855
0 0.3609375059604645 0.10092592239379883 0.0020833334419876337 0.011111111380159855
0 0.3486979305744171 0.3768518567085266 0.0078125 0.035185184329748154
0 0.38489583134651184 0.06018518656492233 0.0010416667209938169 0.007407407276332378
0 0.3973958194255829 0.11712963134050369 0.0020833334419876337 0.012037036940455437
0 0.4156250059604645 0.18796296417713165 0.0031250000465661287 0.018518518656492233
0 0.4010416567325592 0.13148148357868195 0.0020833334419876337 0.012962962500751019
