6 0.3606770932674408 0.07268518209457397 0.0026041667442768812 0.004629629664123058
6 0.3609375059604645 0.07129629701375961 0.0010416667209938169 0.0055555556900799274
8 0.38098958134651184 0.06296296417713165 0.0015625000232830644 0.007407407276332378
8 0.3812499940395355 0.06574074178934097 0.0010416667209938169 0.007407407276332378
7 0.3812499940395355 0.06481481343507767 0.0020833334419876337 0.007407407276332378
2 0.37317708134651184 0.07916666567325592 0.00989583320915699 0.026851851493120193
1 0.3773437440395355 0.05694444477558136 0.006770833395421505 0.006481481250375509
1 0.37421876192092896 0.09907407313585281 0.006770833395421505 0.012962962500751019
2 0.37291666865348816 0.06388889253139496 0.008333333767950535 0.02222222276031971
1 0.38072916865348816 0.0625 0.004166666883975267 0.006481481250375509
1 0.4260416626930237 0.3967592716217041 0.02708333358168602 0.06574074178934097
8 0.37968748807907104 0.05462963134050369 0.0020833334419876337 0.0055555556900799274
0 0.36015623807907104 0.05601852014660835 0.0015625000232830644 0.006481481250375509
0 0.31197917461395264 0.5152778029441833 0.010416666977107525 0.043518517166376114
0 0.36510416865348816 0.0555555559694767 0.0010416667209938169 0.003703703638166189
0 0.39114582538604736 0.06296296417713165 0.0010416667209938169 0.007407407276332378
0 0.3330729305744171 0.4000000059604645 0.0078125 0.035185184329748154
0 0.35104167461395264 0.2430555522441864 0.0052083334885537624 0.023148147389292717
0 0.40052083134651184 0.125 0.0020833334419876337 0.012962962500751019
0 0.2601562440395355 0.8550925850868225 0.02031249925494194 0.06388889253139496
0 0.3617187440395355 0.04814814776182175 0.0015625000232830644 0.0055555556900799274
0 0.36406248807907104 0.10092592239379883 0.0020833334419876337 0.011111111380159855
0 0.3645833432674408 0.10138888657093048 0.0020833334419876337 0.010185184888541698
0 0.3499999940395355 0.38240739703178406 0.0072916666977107525 0.035185184329748154
0 0.3890624940395355 0.06018518656492233 0.0010416667209938169 0.007407407276332378
0 0.40156251192092896 0.11712963134050369 0.0020833334419876337 0.012037036940455437
0 0.4190104305744171 0.1893518567085266 0.0026041667442768812 0.01944444514811039
0 0.4049479067325592 0.1319444477558136 0.0026041667442768812 0.013888888992369175
