6 0.3955729305744171 0.07268518209457397 0.0026041667442768812 0.004629629664123058
6 0.3958333432674408 0.07129629701375961 0.0010416667209938169 0.0055555556900799274
6 0.39635416865348816 0.07083333283662796 0.0010416667209938169 0.004629629664123058
8 0.41614583134651184 0.0634259283542633 0.0010416667209938169 0.006481481250375509
8 0.41614583134651184 0.06574074178934097 0.0010416667209938169 0.007407407276332378
7 0.41614583134651184 0.06481481343507767 0.0020833334419876337 0.007407407276332378
2 0.4072916805744171 0.08009259402751923 0.00937500037252903 0.026851851493120193
1 0.4130208194255829 0.05694444477558136 0.0062500000931322575 0.006481481250375509
1 0.4078125059604645 0.10000000149011612 0.0062500000931322575 0.012962962500751019
2 0.4075520932674408 0.06435184925794601 0.0078125 0.021296296268701553
1 0.41588541865348816 0.0625 0.0036458333488553762 0.006481481250375509
1 0.4515624940395355 0.4217592477798462 0.02708333358168602 0.07129629701375961
8 0.41484373807907104 0.05462963134050369 0.0015625000232830644 0.0055555556900799274
0 0.39531248807907104 0.05601852014660835 0.0010416667209938169 0.006481481250375509
0 0.3257812559604645 0.5546296238899231 0.010937499813735485 0.046296294778585434
0 0.40052083134651184 0.05509259179234505 0.0010416667209938169 0.004629629664123058
0 0.4260416626930237 0.06296296417713165 0.0010416667209938169 0.007407407276332378
0 0.35364583134651184 0.42314815521240234 0.008333333767950535 0.03703703731298447
0 0.37968748807907104 0.2490740716457367 0.0052083334885537624 0.024074073880910873
0 0.4333333373069763 0.1268518567085266 0.0020833334419876337 0.012962962500751019
0 0.24895833432674408 0.970370352268219 0.02500000037252903 0.05925925821065903
0 0.39791667461395264 0.047685183584690094 0.0010416667209938169 0.006481481250375509
0 0.39765626192092896 0.10092592239379883 0.0015625000232830644 0.011111111380159855
0 0.3984375 0.10185185074806213 0.0020833334419876337 0.011111111380159855
0 0.37187498807907104 0.40046295523643494 0.008333333767950535 0.03611111268401146
0 0.42395833134651184 0.06018518656492233 0.0010416667209938169 0.007407407276332378
0 0.4346354305744171 0.11898148059844971 0.0015625000232830644 0.012037036940455437
0 0.44999998807907104 0.19398148357868195 0.0031250000465661287 0.01944444514811039
0 0.4375 0.13379628956317902 0.0020833334419876337 0.013888888992369175
