8 0.3721354305744171 0.06296296417713165 0.0015625000232830644 0.007407407276332378
8 0.3723958432674408 0.06481481343507767 0.0010416667209938169 0.007407407276332378
7 0.3723958432674408 0.06435184925794601 0.0020833334419876337 0.006481481250375509
2 0.3648437559604645 0.07870370149612427 0.00989583320915699 0.025925925001502037
1 0.36796873807907104 0.05694444477558136 0.006770833395421505 0.006481481250375509
1 0.3658854067325592 0.09814814478158951 0.006770833395421505 0.012962962500751019
2 0.36406248807907104 0.0634259283542633 0.008333333767950535 0.021296296268701553
1 0.37187498807907104 0.0625 0.004166666883975267 0.006481481250375509
1 0.4208333194255829 0.3837963044643402 0.02708333358168602 0.06203703582286835
8 0.37057292461395264 0.05462963134050369 0.0015625000232830644 0.0055555556900799274
0 0.3513020873069763 0.05601852014660835 0.0015625000232830644 0.006481481250375509
0 0.3122395873069763 0.49444442987442017 0.00989583320915699 0.04259259253740311
0 0.35624998807907104 0.0555555559694767 0.0010416667209938169 0.003703703638166189
0 0.38229167461395264 0.06203703582286835 0.0010416667209938169 0.007407407276332378
0 0.3304687440395355 0.38657405972480774 0.0078125 0.034259259700775146
0 0.3447916805744171 0.23888888955116272 0.0052083334885537624 0.02222222276031971
0 0.39244791865348816 0.1240740716457367 0.0026041667442768812 0.012962962500751019
0 0.27031248807907104 0.7972221970558167 0.01875000074505806 0.06111111119389534
0 0.3526041805744171 0.047685183584690094 0.0010416667209938169 0.006481481250375509
0 0.3557291626930237 0.10000000149011612 0.0020833334419876337 0.011111111380159855
0 0.35624998807907104 0.10092592239379883 0.0020833334419876337 0.011111111380159855
0 0.34687501192092896 0.3717592656612396 0.008333333767950535 0.034259259700775146
0 0.3802083432674408 0.06018518656492233 0.0010416667209938169 0.007407407276332378
0 0.3932291567325592 0.11620370298624039 0.0020833334419876337 0.012037036940455437
0 0.4117187559604645 0.18611110746860504 0.0026041667442768812 0.018518518656492233
0 0.3968749940395355 0.1310185194015503 0.0020833334419876337 0.013888888992369175
