6 0.4333333373069763 0.07361111044883728 0.0020833334419876337 0.004629629664123058
6 0.4333333373069763 0.07222222536802292 0.0010416667209938169 0.0055555556900799274
6 0.4338541626930237 0.07129629701375961 0.0010416667209938169 0.0055555556900799274
8 0.45390623807907104 0.06388889253139496 0.0005208333604969084 0.007407407276332378
8 0.45390623807907104 0.06666667014360428 0.0005208333604969084 0.007407407276332378
7 0.45390623807907104 0.06574074178934097 0.0015625000232830644 0.007407407276332378
2 0.44479167461395264 0.08194444328546524 0.00937500037252903 0.026851851493120193
1 0.4518229067325592 0.05694444477558136 0.00572916679084301 0.006481481250375509
1 0.4442708194255829 0.10277777910232544 0.0062500000931322575 0.012962962500751019
2 0.4453125 0.06574074178934097 0.0072916666977107525 0.02222222276031971
1 0.45390623807907104 0.0634259283542633 0.0036458333488553762 0.006481481250375509
1 0.47968751192092896 0.46851852536201477 0.02812499925494194 0.08148147910833359
8 0.4528645873069763 0.05462963134050369 0.0015625000232830644 0.0055555556900799274
0 0.43281251192092896 0.05601852014660835 0.0010416667209938169 0.006481481250375509
0 0.3330729305744171 0.6328703761100769 0.013020833022892475 0.05092592537403107
0 0.4390625059604645 0.0555555559694767 0.0010416667209938169 0.003703703638166189
0 0.02994791604578495 0.06805555522441864 0.0026041667442768812 0.004629629664123058
0 0.46406251192092896 0.06388889253139496 0.0010416667209938169 0.007407407276332378
0 0.3723958432674408 0.4680555462837219 0.008333333767950535 0.03981481492519379
0 0.41067707538604736 0.26157405972480774 0.004687500186264515 0.02500000037252903
0 0.4690104126930237 0.130092591047287 0.0015625000232830644 0.013888888992369175
0 0.02604166604578495 0.06759259104728699 0.0031250000465661287 0.007407407276332378
0 0.4364583194255829 0.04814814776182175 0.0010416667209938169 0.0055555556900799274
0 0.0065104165114462376 0.07129629701375961 0.0036458333488553762 0.007407407276332378
0 0.43411457538604736 0.10324074327945709 0.0015625000232830644 0.010185184888541698
0 0.4346354305744171 0.10370370000600815 0.0015625000232830644 0.011111111380159855
0 0.39375001192092896 0.43518519401550293 0.0072916666977107525 0.03888889029622078
0 0.4619791805744171 0.06111111119389534 0.0010416667209938169 0.007407407276332378
0 0.0078125 0.06018518656492233 0.0031250000465661287 0.007407407276332378
0 0.47057291865348816 0.12314815074205399 0.0015625000232830644 0.012962962500751019
0 0.484375 0.20324073731899261 0.0020833334419876337 0.01944444514811039
0 0.47317707538604736 0.1379629671573639 0.0015625000232830644 0.014814814552664757
0 0.04244791716337204 0.06388889253139496 0.0026041667442768812 0.007407407276332378
