4 0.02031249925494194 0.0972222238779068 0.04062499850988388 0.02222222276031971
6 0.4453125 0.07500000298023224 0.0020833334419876337 0.0055555556900799274
6 0.44583332538604736 0.07407407462596893 0.0010416667209938169 0.0055555556900799274
8 0.46666666865348816 0.06574074178934097 0.0010416667209938169 0.007407407276332378
8 0.46666666865348816 0.06759259104728699 0.0010416667209938169 0.007407407276332378
7 0.46666666865348816 0.06666667014360428 0.0020833334419876337 0.007407407276332378
2 0.4567708373069763 0.08472222089767456 0.00937500037252903 0.028703704476356506
1 0.4651041626930237 0.05787036940455437 0.0052083334885537624 0.006481481250375509
1 0.45625001192092896 0.10694444179534912 0.0062500000931322575 0.013888888992369175
2 0.4580729305744171 0.06759259104728699 0.0078125 0.02222222276031971
1 0.4664062559604645 0.06481481343507767 0.0036458333488553762 0.007407407276332378
1 0.4885416626930237 0.5273148417472839 0.03125 0.0972222238779068
8 0.4658854305744171 0.0555555559694767 0.0015625000232830644 0.0055555556900799274
0 0.4453125 0.05694444477558136 0.0010416667209938169 0.006481481250375509
0 0.31432291865348816 0.7462962865829468 0.01614583283662796 0.05740740895271301
0 0.4515624940395355 0.05648148059844971 0.0010416667209938169 0.003703703638166189
0 0.04348958283662796 0.06805555522441864 0.0026041667442768812 0.004629629664123058
0 0.47708332538604736 0.06481481343507767 0.0010416667209938169 0.007407407276332378
0 0.36770832538604736 0.5305555462837219 0.00937500037252903 0.04444444552063942
0 0.41848957538604736 0.27824074029922485 0.004687500186264515 0.026851851493120193
0 0.48098957538604736 0.13472221791744232 0.0015625000232830644 0.013888888992369175
0 0.03958333283662796 0.06759259104728699 0.0031250000465661287 0.007407407276332378
0 0.44999998807907104 0.0486111119389534 0.0010416667209938169 0.006481481250375509
0 0.01979166641831398 0.07129629701375961 0.0031250000465661287 0.007407407276332378
0 0.4455729126930237 0.10648148506879807 0.0015625000232830644 0.011111111380159855
0 0.4463541805744171 0.10694444179534912 0.0020833334419876337 0.012037036940455437
0 0.3934895694255829 0.4810185134410858 0.0078125 0.0416666679084301
0 0.4749999940395355 0.06203703582286835 0.0010416667209938169 0.007407407276332378
0 0.0234375 0.06018518656492233 0.0031250000465661287 0.007407407276332378
0 0.4830729067325592 0.12731482088565826 0.0015625000232830644 0.013888888992369175
0 0.4963541626930237 0.2134259194135666 0.0020833334419876337 0.021296296268701553
0 0.4854166805744171 0.14305555820465088 0.0020833334419876337 0.013888888992369175
4 0.02031249925494194 0.0972222238779068 0.04062499850988388 0.02222222276031971
