6 0.4281249940395355 0.07361111044883728 0.0020833334419876337 0.004629629664123058
6 0.4281249940395355 0.07222222536802292 0.0010416667209938169 0.0055555556900799274
8 0.44843751192092896 0.06388889253139496 0.0010416667209938169 0.007407407276332378
8 0.44869792461395264 0.06620370596647263 0.0005208333604969084 0.008333333767950535
7 0.44869792461395264 0.06527777761220932 0.0015625000232830644 0.006481481250375509
2 0.43958333134651184 0.08194444328546524 0.00937500037252903 0.026851851493120193
1 0.44609373807907104 0.05694444477558136 0.00572916679084301 0.006481481250375509
1 0.43932291865348816 0.10231481492519379 0.00572916679084301 0.013888888992369175
2 0.4401041567325592 0.06574074178934097 0.0072916666977107525 0.02222222276031971
1 0.44869792461395264 0.0634259283542633 0.0036458333488553762 0.006481481250375509
1 0.4755208194255829 0.4601851999759674 0.02812499925494194 0.07962962985038757
8 0.4476562440395355 0.05462963134050369 0.0015625000232830644 0.0055555556900799274
0 0.42760416865348816 0.05601852014660835 0.0010416667209938169 0.006481481250375509
0 0.3333333432674408 0.6175925731658936 0.012500000186264515 0.05000000074505806
0 0.4333333373069763 0.0555555559694767 0.0010416667209938169 0.003703703638166189
0 0.02265625074505806 0.06851851940155029 0.0026041667442768812 0.0055555556900799274
0 0.45885416865348816 0.06388889253139496 0.0010416667209938169 0.007407407276332378
0 0.37031251192092896 0.45972222089767456 0.008333333767950535 0.03981481492519379
0 0.4065104126930237 0.2597222328186035 0.004687500186264515 0.02500000037252903
0 0.03619791567325592 0.07129629701375961 0.0026041667442768812 0.0055555556900799274
0 0.46406251192092896 0.12962962687015533 0.0020833334419876337 0.012962962500751019
0 0.01848958246409893 0.06759259104728699 0.0036458333488553762 0.007407407276332378
0 0.4312500059604645 0.04814814776182175 0.0010416667209938169 0.0055555556900799274
0 0.42890626192092896 0.10277777910232544 0.0015625000232830644 0.011111111380159855
0 0.4296875 0.10370370000600815 0.0020833334419876337 0.011111111380159855
0 0.39114582538604736 0.4287036955356598 0.0072916666977107525 0.03888889029622078
0 0.4567708373069763 0.06111111119389534 0.0010416667209938169 0.007407407276332378
0 0.4658854305744171 0.12222222238779068 0.0015625000232830644 0.012962962500751019
0 0.47968751192092896 0.2013888955116272 0.0020833334419876337 0.01944444514811039
0 0.46822917461395264 0.13750000298023224 0.0020833334419876337 0.013888888992369175
0 0.03463541716337204 0.06388889253139496 0.0026041667442768812 0.007407407276332378
