4 0.02057291753590107 0.09675925970077515 0.04114583507180214 0.021296296268701553
6 0.44479167461395264 0.07500000298023224 0.0020833334419876337 0.0055555556900799274
6 0.44479167461395264 0.07314814627170563 0.0010416667209938169 0.0055555556900799274
6 0.4453125 0.07268518209457397 0.0010416667209938169 0.004629629664123058
8 0.46562498807907104 0.06481481343507767 0.0010416667209938169 0.007407407276332378
8 0.4658854305744171 0.06759259104728699 0.0005208333604969084 0.007407407276332378
7 0.4658854305744171 0.06666667014360428 0.0015625000232830644 0.007407407276332378
2 0.45625001192092896 0.08425925672054291 0.00937500037252903 0.02777777798473835
1 0.46406251192092896 0.05787036940455437 0.0052083334885537624 0.006481481250375509
1 0.4554687440395355 0.10601852089166641 0.00572916679084301 0.013888888992369175
2 0.45703125 0.06712962687015533 0.0078125 0.023148147389292717
1 0.4658854305744171 0.06435184925794601 0.0036458333488553762 0.006481481250375509
1 0.4880208373069763 0.5162037014961243 0.03020833246409893 0.09351851791143417
8 0.46484375 0.0555555559694767 0.0015625000232830644 0.0055555556900799274
0 0.4442708194255829 0.05694444477558136 0.0010416667209938169 0.006481481250375509
0 0.3192708194255829 0.7236111164093018 0.015625 0.05648148059844971
0 0.4505208432674408 0.05648148059844971 0.0010416667209938169 0.003703703638166189
0 0.04348958283662796 0.06759259104728699 0.0026041667442768812 0.0055555556900799274
0 0.47604167461395264 0.06481481343507767 0.0010416667209938169 0.007407407276332378
0 0.3697916567325592 0.5185185074806213 0.00937500037252903 0.04444444552063942
0 0.4182291626930237 0.27546295523643494 0.0052083334885537624 0.026851851493120193
0 0.4802083373069763 0.13379628956317902 0.0020833334419876337 0.013888888992369175
0 0.03958333283662796 0.06759259104728699 0.0031250000465661287 0.007407407276332378
0 0.4489583373069763 0.0486111119389534 0.0010416667209938169 0.006481481250375509
0 0.01979166641831398 0.07083333283662796 0.0031250000465661287 0.008333333767950535
0 0.4450520873069763 0.10555555671453476 0.0015625000232830644 0.011111111380159855
0 0.4455729126930237 0.10648148506879807 0.0015625000232830644 0.011111111380159855
0 0.3947916626930237 0.4722222089767456 0.0072916666977107525 0.040740739554166794
0 0.4742187559604645 0.06203703582286835 0.0005208333604969084 0.007407407276332378
0 0.02291666716337204 0.06018518656492233 0.0031250000465661287 0.007407407276332378
0 0.48229166865348816 0.12638889253139496 0.0010416667209938169 0.013888888992369175
0 0.49557292461395264 0.21203704178333282 0.0026041667442768812 0.020370369777083397
0 0.4846354126930237 0.14212962985038757 0.0015625000232830644 0.013888888992369175
4 0.02057291753590107 0.09675925970077515 0.04114583507180214 0.021296296268701553
