4 0.02005208283662796 0.09675925970077515 0.04010416567325592 0.021296296268701553
6 0.4427083432674408 0.07453703880310059 0.0020833334419876337 0.004629629664123058
6 0.44322916865348816 0.07314814627170563 0.0010416667209938169 0.0055555556900799274
8 0.4638020694255829 0.06481481343507767 0.0005208333604969084 0.007407407276332378
8 0.46406251192092896 0.06712962687015533 0.0010416667209938169 0.008333333767950535
7 0.4638020694255829 0.06666667014360428 0.0015625000232830644 0.007407407276332378
2 0.4541666805744171 0.08379629999399185 0.00937500037252903 0.026851851493120193
1 0.4619791805744171 0.05787036940455437 0.0052083334885537624 0.006481481250375509
1 0.45364582538604736 0.1050925925374031 0.0062500000931322575 0.013888888992369175
2 0.45520833134651184 0.06666667014360428 0.0072916666977107525 0.02222222276031971
1 0.4638020694255829 0.06435184925794601 0.0036458333488553762 0.006481481250375509
1 0.4867187440395355 0.5060185194015503 0.02968749962747097 0.09166666865348816
8 0.4632812440395355 0.05509259179234505 0.0015625000232830644 0.006481481250375509
0 0.4427083432674408 0.05694444477558136 0.0010416667209938169 0.006481481250375509
0 0.3226562440395355 0.7037037014961243 0.015104166232049465 0.0555555559694767
0 0.4489583373069763 0.05601852014660835 0.0010416667209938169 0.004629629664123058
0 0.0416666679084301 0.06759259104728699 0.0020833334419876337 0.0055555556900799274
0 0.4742187559604645 0.06481481343507767 0.0005208333604969084 0.007407407276332378
0 0.3708333373069763 0.5078703761100769 0.00937500037252903 0.043518517166376114
0 0.41718751192092896 0.2726851999759674 0.0052083334885537624 0.026851851493120193
0 0.47838541865348816 0.1328703761100769 0.0015625000232830644 0.013888888992369175
0 0.03750000149011612 0.06712962687015533 0.0031250000465661287 0.008333333767950535
0 0.4468750059604645 0.0486111119389534 0.0010416667209938169 0.006481481250375509
0 0.01796874962747097 0.07083333283662796 0.0036458333488553762 0.008333333767950535
0 0.44348958134651184 0.1050925925374031 0.0015625000232830644 0.012037036940455437
0 0.4440104067325592 0.10601852089166641 0.0015625000232830644 0.012037036940455437
0 0.39505207538604736 0.46481481194496155 0.0078125 0.040740739554166794
0 0.4723958373069763 0.06203703582286835 0.0010416667209938169 0.007407407276332378
0 0.02083333395421505 0.06018518656492233 0.0031250000465661287 0.007407407276332378
0 0.48046875 0.1259259283542633 0.0015625000232830644 0.012962962500751019
0 0.4937500059604645 0.2101851850748062 0.0020833334419876337 0.020370369777083397
0 0.4828124940395355 0.14120370149612427 0.0020833334419876337 0.013888888992369175
4 0.02005208283662796 0.09675925970077515 0.04010416567325592 0.021296296268701553
