6 0.4203124940395355 0.07314814627170563 0.0020833334419876337 0.0055555556900799274
6 0.4203124940395355 0.07175926119089127 0.0010416667209938169 0.004629629664123058
6 0.4208333194255829 0.07083333283662796 0.0010416667209938169 0.004629629664123058
8 0.44062501192092896 0.06388889253139496 0.0010416667209938169 0.007407407276332378
8 0.44088542461395264 0.06574074178934097 0.0005208333604969084 0.007407407276332378
7 0.44088542461395264 0.06527777761220932 0.0015625000232830644 0.006481481250375509
2 0.43177083134651184 0.08101851493120193 0.00937500037252903 0.026851851493120193
1 0.43828123807907104 0.05694444477558136 0.00572916679084301 0.006481481250375509
1 0.43177083134651184 0.10138888657093048 0.0062500000931322575 0.013888888992369175
2 0.4325520694255829 0.06481481343507767 0.0078125 0.02222222276031971
1 0.44062501192092896 0.06296296417713165 0.004166666883975267 0.007407407276332378
1 0.4700520932674408 0.4435185194015503 0.02760416641831398 0.07592592388391495
8 0.4398437440395355 0.05462963134050369 0.0015625000232830644 0.0055555556900799274
0 0.42005208134651184 0.05601852014660835 0.0015625000232830644 0.006481481250375509
0 0.3348958194255829 0.5888888835906982 0.01145833358168602 0.04814814776182175
0 0.4255208373069763 0.05509259179234505 0.0010416667209938169 0.004629629664123058
0 0.01171875 0.06898148357868195 0.0026041667442768812 0.004629629664123058
0 0.45104166865348816 0.06296296417713165 0.0010416667209938169 0.007407407276332378
0 0.3682291805744171 0.442592591047287 0.008333333767950535 0.03888889029622078
0 0.40052083134651184 0.25462964177131653 0.0052083334885537624 0.024074073880910873
0 0.02552083320915699 0.07175926119089127 0.0031250000465661287 0.006481481250375509
0 0.4567708373069763 0.12824073433876038 0.0020833334419876337 0.013888888992369175
0 0.0078125 0.06851851940155029 0.0031250000465661287 0.007407407276332378
0 0.4234375059604645 0.047685183584690094 0.0010416667209938169 0.006481481250375509
0 0.4216145873069763 0.10185185074806213 0.0015625000232830644 0.011111111380159855
0 0.4221354126930237 0.10277777910232544 0.0015625000232830644 0.011111111380159855
0 0.3880208432674408 0.41620370745658875 0.0072916666977107525 0.037962961941957474
0 0.4489583373069763 0.06064814701676369 0.0010416667209938169 0.006481481250375509
0 0.4580729305744171 0.12083332985639572 0.0015625000232830644 0.012037036940455437
0 0.47265625 0.19861111044883728 0.0026041667442768812 0.01944444514811039
0 0.4609375 0.13564814627170563 0.0020833334419876337 0.013888888992369175
0 0.02395833283662796 0.06481481343507767 0.0031250000465661287 0.007407407276332378
