6 0.4450520873069763 0.07777778059244156 0.0026041667442768812 0.0055555556900799274
6 0.4453125 0.07685185223817825 0.0010416667209938169 0.0055555556900799274
6 0.44583332538604736 0.0754629597067833 0.0010416667209938169 0.004629629664123058
8 0.4671874940395355 0.06805555522441864 0.0010416667209938169 0.008333333767950535
8 0.4671874940395355 0.07037036865949631 0.0010416667209938169 0.007407407276332378
7 0.4671874940395355 0.0694444477558136 0.0020833334419876337 0.007407407276332378
2 0.45651042461395264 0.08981481194496155 0.00989583320915699 0.029629629105329514
1 0.4658854305744171 0.05972222238779068 0.004687500186264515 0.006481481250375509
1 0.4554687440395355 0.11388888955116272 0.006770833395421505 0.014814814552664757
2 0.45781248807907104 0.07083333283662796 0.008333333767950535 0.023148147389292717
1 0.46692708134651184 0.06666667014360428 0.0036458333488553762 0.007407407276332378
1 0.4867187440395355 0.6699073910713196 0.0390625 0.1398148089647293
8 0.4664062559604645 0.05694444477558136 0.0015625000232830644 0.006481481250375509
0 0.4442708194255829 0.05925925821065903 0.0010416667209938169 0.007407407276332378
0 0.4515624940395355 0.05833333358168602 0.0010416667209938169 0.003703703638166189
0 0.4778645932674408 0.06759259104728699 0.0005208333604969084 0.007407407276332378
0 0.33020833134651184 0.6921296119689941 0.014583333395421505 0.05462963134050369
0 0.4117187559604645 0.31388887763023376 0.00572916679084301 0.029629629105329514
0 0.4807291626930237 0.14351852238178253 0.0020833334419876337 0.014814814552664757
0 0.4505208432674408 0.050462961196899414 0.0010416667209938169 0.006481481250375509
0 0.004947916604578495 0.07453703880310059 0.0036458333488553762 0.008333333767950535
0 0.4416666626930237 0.12962962687015533 0.0020833334419876337 0.012962962500751019
0 0.44453126192092896 0.1120370402932167 0.0015625000232830644 0.011111111380159855
0 0.4450520873069763 0.11249999701976776 0.0015625000232830644 0.012037036940455437
0 0.36901041865348816 0.5916666388511658 0.00989583320915699 0.05000000074505806
0 0.47604167461395264 0.06481481343507767 0.0010416667209938169 0.007407407276332378
0 0.48359376192092896 0.13564814627170563 0.0015625000232830644 0.013888888992369175
0 0.4971354305744171 0.23425926268100739 0.0026041667442768812 0.02222222276031971
0 0.4859375059604645 0.15231481194496155 0.0020833334419876337 0.015740741044282913
