4 0.01796874962747097 0.09861110895872116 0.03593749925494194 0.021296296268701553
6 0.44479167461395264 0.07592592388391495 0.0020833334419876337 0.0055555556900799274
6 0.44479167461395264 0.07407407462596893 0.0010416667209938169 0.0055555556900799274
6 0.4453125 0.07314814627170563 0.0010416667209938169 0.0055555556900799274
8 0.4658854305744171 0.06574074178934097 0.0005208333604969084 0.007407407276332378
8 0.4661458432674408 0.06851851940155029 0.0010416667209938169 0.007407407276332378
7 0.4658854305744171 0.06759259104728699 0.0015625000232830644 0.007407407276332378
2 0.4559895694255829 0.08564814925193787 0.00989583320915699 0.028703704476356506
1 0.4645833373069763 0.05833333358168602 0.0052083334885537624 0.0055555556900799274
1 0.45520833134651184 0.10787037014961243 0.0062500000931322575 0.013888888992369175
2 0.45703125 0.06805555522441864 0.0078125 0.023148147389292717
1 0.4658854305744171 0.06481481343507767 0.0036458333488553762 0.007407407276332378
1 0.48750001192092896 0.5509259104728699 0.03229166567325592 0.10370370000600815
8 0.46536457538604736 0.0555555559694767 0.0015625000232830644 0.0055555556900799274
0 0.4442708194255829 0.05740740895271301 0.0010416667209938169 0.007407407276332378
0 0.30130207538604736 0.7981481552124023 0.01822916604578495 0.05925925821065903
0 0.45104166865348816 0.05648148059844971 0.0010416667209938169 0.003703703638166189
0 0.4765625 0.06574074178934097 0.0010416667209938169 0.007407407276332378
0 0.3609375059604645 0.5574073791503906 0.010416666977107525 0.046296294778585434
0 0.4166666567325592 0.28518518805503845 0.0052083334885537624 0.02777777798473835
0 0.4802083373069763 0.13657407462596893 0.0020833334419876337 0.013888888992369175
0 0.03593749925494194 0.06805555522441864 0.0031250000465661287 0.008333333767950535
0 0.4494791626930237 0.049074072390794754 0.0010416667209938169 0.0055555556900799274
0 0.015625 0.07175926119089127 0.0031250000465661287 0.008333333767950535
0 0.44218748807907104 0.1240740716457367 0.0020833334419876337 0.012962962500751019
0 0.4450520873069763 0.10740740597248077 0.0015625000232830644 0.011111111380159855
0 0.4453125 0.10833333432674408 0.0020833334419876337 0.011111111380159855
0 0.38880208134651184 0.5013889074325562 0.0078125 0.043518517166376114
0 0.47447916865348816 0.06296296417713165 0.0010416667209938169 0.007407407276332378
0 0.02005208283662796 0.06064814701676369 0.0026041667442768812 0.006481481250375509
0 0.48255208134651184 0.12870369851589203 0.0015625000232830644 0.012962962500751019
0 0.4958333373069763 0.21759259700775146 0.0020833334419876337 0.020370369777083397
0 0.48489582538604736 0.14444445073604584 0.0020833334419876337 0.014814814552664757
4 0.01796874962747097 0.09861110895872116 0.03593749925494194 0.021296296268701553
