6 0.4437499940395355 0.0773148164153099 0.0020833334419876337 0.004629629664123058
6 0.4437499940395355 0.07592592388391495 0.0010416667209938169 0.0055555556900799274
6 0.44479167461395264 0.07453703880310059 0.0010416667209938169 0.004629629664123058
8 0.46536457538604736 0.06712962687015533 0.0005208333604969084 0.008333333767950535
8 0.46562498807907104 0.0694444477558136 0.0010416667209938169 0.007407407276332378
7 0.46536457538604736 0.06851851940155029 0.0015625000232830644 0.007407407276332378
2 0.45494791865348816 0.08842592686414719 0.00989583320915699 0.028703704476356506
1 0.46432292461395264 0.05879629775881767 0.004687500186264515 0.006481481250375509
1 0.4541666805744171 0.1120370402932167 0.0062500000931322575 0.014814814552664757
2 0.45651042461395264 0.06990740448236465 0.0078125 0.023148147389292717
1 0.46536457538604736 0.06620370596647263 0.0036458333488553762 0.006481481250375509
1 0.48619791865348816 0.6194444298744202 0.03593749925494194 0.1240740716457367
8 0.46484375 0.05648148059844971 0.0015625000232830644 0.0055555556900799274
0 0.2619791626930237 0.9592592716217041 0.02395833283662796 0.06666667014360428
0 0.44999998807907104 0.05740740895271301 0.0010416667209938169 0.003703703638166189
0 0.47604167461395264 0.06666667014360428 0.0010416667209938169 0.007407407276332378
0 0.3427083194255829 0.6347222328186035 0.012500000186264515 0.05092592537403107
0 0.41223958134651184 0.3027777671813965 0.00572916679084301 0.02777777798473835
0 0.4794270694255829 0.14074073731899261 0.0015625000232830644 0.014814814552664757
0 0.4489583373069763 0.05000000074505806 0.0010416667209938169 0.0055555556900799274
0 0.007031249813735485 0.07361111044883728 0.0036458333488553762 0.008333333767950535
0 0.44062501192092896 0.12777778506278992 0.0020833334419876337 0.012962962500751019
0 0.44348958134651184 0.1101851835846901 0.0015625000232830644 0.011111111380159855
0 0.4440104067325592 0.1111111119389534 0.0015625000232830644 0.011111111380159855
0 0.3765625059604645 0.5541666746139526 0.00937500037252903 0.04722222313284874
0 0.47447916865348816 0.06388889253139496 0.0010416667209938169 0.007407407276332378
0 0.01354166679084301 0.06203703582286835 0.0031250000465661287 0.007407407276332378
0 0.4820312559604645 0.1328703761100769 0.0015625000232830644 0.013888888992369175
0 0.49557292461395264 0.22777777910232544 0.0026041667442768812 0.02222222276031971
0 0.484375 0.14953704178333282 0.0020833334419876337 0.015740741044282913
