4 0.014843749813735485 0.10000000149011612 0.02968749962747097 0.02222222276031971
6 0.4442708194255829 0.07685185223817825 0.0020833334419876337 0.0055555556900799274
6 0.4442708194255829 0.07500000298023224 0.0010416667209938169 0.0055555556900799274
6 0.4453125 0.07407407462596893 0.0010416667209938169 0.0055555556900799274
8 0.4658854305744171 0.06666667014360428 0.0005208333604969084 0.007407407276332378
8 0.4658854305744171 0.06898148357868195 0.0005208333604969084 0.008333333767950535
7 0.4658854305744171 0.06851851940155029 0.0015625000232830644 0.007407407276332378
2 0.4557291567325592 0.08749999850988388 0.00937500037252903 0.028703704476356506
1 0.4645833373069763 0.05879629775881767 0.0052083334885537624 0.006481481250375509
1 0.45494791865348816 0.1101851835846901 0.006770833395421505 0.014814814552664757
2 0.45703125 0.06898148357868195 0.0078125 0.023148147389292717
1 0.4658854305744171 0.06574074178934097 0.0036458333488553762 0.007407407276332378
1 0.4869791567325592 0.5898148417472839 0.03437500074505806 0.11481481790542603
8 0.46536457538604736 0.05601852014660835 0.0015625000232830644 0.006481481250375509
0 0.4437499940395355 0.05787036940455437 0.0010416667209938169 0.006481481250375509
0 0.27942708134651184 0.8870370388031006 0.02135416679084301 0.06296296417713165
0 0.4505208432674408 0.05740740895271301 0.0010416667209938169 0.003703703638166189
0 0.4765625 0.06666667014360428 0.0010416667209938169 0.007407407276332378
0 0.3505208194255829 0.6013888716697693 0.01145833358168602 0.049074072390794754
0 0.4140625 0.2953703701496124 0.0052083334885537624 0.02777777798473835
0 0.47994792461395264 0.1388888955116272 0.0015625000232830644 0.014814814552664757
0 0.4494791626930237 0.04953703656792641 0.0010416667209938169 0.006481481250375509
0 0.010677083395421505 0.07268518209457397 0.0036458333488553762 0.008333333767950535
0 0.44140625 0.1259259283542633 0.0015625000232830644 0.012962962500751019
0 0.4442708194255829 0.10925926268100739 0.0020833334419876337 0.011111111380159855
0 0.44479167461395264 0.10972221940755844 0.0020833334419876337 0.012037036940455437
0 0.38203126192092896 0.5319444537162781 0.008854166604578495 0.04537037014961243
0 0.47447916865348816 0.06296296417713165 0.0010416667209938169 0.007407407276332378
0 0.01640624925494194 0.06111111119389534 0.0026041667442768812 0.007407407276332378
0 0.48255208134651184 0.13148148357868195 0.0015625000232830644 0.012962962500751019
0 0.4958333373069763 0.22361111640930176 0.0020833334419876337 0.021296296268701553
0 0.4846354126930237 0.14722222089767456 0.0015625000232830644 0.014814814552664757
4 0.014843749813735485 0.10000000149011612 0.02968749962747097 0.02222222276031971
