6 0.4424479305744171 0.07777778059244156 0.0026041667442768812 0.0055555556900799274
6 0.4427083432674408 0.07685185223817825 0.0010416667209938169 0.0055555556900799274
6 0.44322916865348816 0.0754629597067833 0.0010416667209938169 0.004629629664123058
8 0.46432292461395264 0.06759259104728699 0.0005208333604969084 0.007407407276332378
8 0.4645833373069763 0.06990740448236465 0.0010416667209938169 0.008333333767950535
7 0.46432292461395264 0.0694444477558136 0.0015625000232830644 0.007407407276332378
2 0.45390623807907104 0.08935185521841049 0.00989583320915699 0.028703704476356506
1 0.4632812440395355 0.05972222238779068 0.004687500186264515 0.006481481250375509
1 0.4528645873069763 0.11296296119689941 0.006770833395421505 0.014814814552664757
2 0.45520833134651184 0.07037036865949631 0.008333333767950535 0.024074073880910873
1 0.46432292461395264 0.06666667014360428 0.0036458333488553762 0.007407407276332378
1 0.48515623807907104 0.6523148417472839 0.03802083432674408 0.13425925374031067
8 0.4638020694255829 0.05648148059844971 0.0015625000232830644 0.0055555556900799274
0 0.4489583373069763 0.05787036940455437 0.0010416667209938169 0.004629629664123058
0 0.4749999940395355 0.06759259104728699 0.0010416667209938169 0.007407407276332378
0 0.33281248807907104 0.6726852059364319 0.01354166679084301 0.05277777835726738
0 0.40963542461395264 0.31018519401550293 0.00572916679084301 0.029629629105329514
0 0.4781250059604645 0.14259259402751923 0.0020833334419876337 0.014814814552664757
0 0.4479166567325592 0.05000000074505806 0.0010416667209938169 0.0055555556900799274
0 0.0018229166744276881 0.07453703880310059 0.0036458333488553762 0.008333333767950535
0 0.43932291865348816 0.12870369851589203 0.0015625000232830644 0.012962962500751019
0 0.44218748807907104 0.11157407611608505 0.0020833334419876337 0.012037036940455437
0 0.4424479305744171 0.11249999701976776 0.0015625000232830644 0.012037036940455437
0 0.3700520694255829 0.5791666507720947 0.00989583320915699 0.049074072390794754
0 0.47343748807907104 0.06388889253139496 0.0010416667209938169 0.007407407276332378
0 0.48098957538604736 0.13472221791744232 0.0015625000232830644 0.013888888992369175
0 0.4945312440395355 0.23194444179534912 0.0026041667442768812 0.023148147389292717
0 0.4833333194255829 0.15138888359069824 0.0020833334419876337 0.015740741044282913
