4 0.01588541641831398 0.09953703731298447 0.03177083283662796 0.021296296268701553
6 0.4442708194255829 0.0763888880610466 0.0020833334419876337 0.004629629664123058
6 0.4442708194255829 0.07500000298023224 0.0010416667209938169 0.0055555556900799274
6 0.4453125 0.07361111044883728 0.0010416667209938169 0.004629629664123058
8 0.46562498807907104 0.06666667014360428 0.0010416667209938169 0.007407407276332378
8 0.46562498807907104 0.06851851940155029 0.0010416667209938169 0.007407407276332378
7 0.4658854305744171 0.06759259104728699 0.0015625000232830644 0.007407407276332378
2 0.4554687440395355 0.08657407760620117 0.00989583320915699 0.028703704476356506
1 0.46432292461395264 0.05879629775881767 0.004687500186264515 0.006481481250375509
1 0.45494791865348816 0.10972221940755844 0.006770833395421505 0.013888888992369175
2 0.45703125 0.06898148357868195 0.0078125 0.023148147389292717
1 0.46562498807907104 0.06574074178934097 0.004166666883975267 0.007407407276332378
1 0.4872395694255829 0.5768518447875977 0.0338541679084301 0.1111111119389534
8 0.4651041626930237 0.05601852014660835 0.0020833334419876337 0.006481481250375509
0 0.4437499940395355 0.05787036940455437 0.0010416667209938169 0.006481481250375509
0 0.28697916865348816 0.855555534362793 0.01979166641831398 0.06296296417713165
0 0.4505208432674408 0.05694444477558136 0.0010416667209938169 0.004629629664123058
0 0.47604167461395264 0.06620370596647263 0.0010416667209938169 0.008333333767950535
0 0.3541666567325592 0.5861111283302307 0.01145833358168602 0.04814814776182175
0 0.41458332538604736 0.29212963581085205 0.0052083334885537624 0.026851851493120193
0 0.47968751192092896 0.1379629671573639 0.0020833334419876337 0.014814814552664757
0 0.4489583373069763 0.04953703656792641 0.0010416667209938169 0.006481481250375509
0 0.01197916641831398 0.07268518209457397 0.0031250000465661287 0.008333333767950535
0 0.4416666626930237 0.125 0.0020833334419876337 0.012962962500751019
0 0.4442708194255829 0.10833333432674408 0.0020833334419876337 0.011111111380159855
0 0.44479167461395264 0.10925926268100739 0.0020833334419876337 0.011111111380159855
0 0.3841145932674408 0.5212963223457336 0.008854166604578495 0.04444444552063942
0 0.47447916865348816 0.06296296417713165 0.0010416667209938169 0.007407407276332378
0 0.01718750037252903 0.06111111119389534 0.0031250000465661287 0.007407407276332378
0 0.48255208134651184 0.13055555522441864 0.0015625000232830644 0.012962962500751019
0 0.49557292461395264 0.22175925970077515 0.0026041667442768812 0.021296296268701553
0 0.4846354126930237 0.14629629254341125 0.0015625000232830644 0.014814814552664757
4 0.01588541641831398 0.09953703731298447 0.03177083283662796 0.021296296268701553
