6 0.4427083432674408 0.07777778059244156 0.0020833334419876337 0.0055555556900799274
6 0.4427083432674408 0.07592592388391495 0.0010416667209938169 0.0055555556900799274
6 0.4437499940395355 0.07500000298023224 0.0010416667209938169 0.0055555556900799274
8 0.46432292461395264 0.06759259104728699 0.0005208333604969084 0.007407407276332378
8 0.4645833373069763 0.06990740448236465 0.0010416667209938169 0.008333333767950535
7 0.46432292461395264 0.06898148357868195 0.0015625000232830644 0.006481481250375509
2 0.45390623807907104 0.08888889104127884 0.00989583320915699 0.029629629105329514
1 0.4632812440395355 0.05972222238779068 0.004687500186264515 0.006481481250375509
1 0.453125 0.11296296119689941 0.0062500000931322575 0.014814814552664757
2 0.4554687440395355 0.07037036865949631 0.0078125 0.024074073880910873
1 0.46432292461395264 0.06666667014360428 0.0036458333488553762 0.007407407276332378
1 0.48515623807907104 0.6356481313705444 0.03697916492819786 0.12870369851589203
8 0.4638020694255829 0.05648148059844971 0.0015625000232830644 0.0055555556900799274
0 0.4416666626930237 0.05879629775881767 0.0010416667209938169 0.006481481250375509
0 0.2513020932674408 0.9828703999519348 0.02552083320915699 0.034259259700775146
0 0.4489583373069763 0.05787036940455437 0.0010416667209938169 0.004629629664123058
0 0.4749999940395355 0.06712962687015533 0.0010416667209938169 0.008333333767950535
0 0.3375000059604645 0.6532407402992249 0.01354166679084301 0.05277777835726738
0 0.41067707538604736 0.30694442987442017 0.00572916679084301 0.028703704476356506
0 0.47838541865348816 0.14166666567325592 0.0015625000232830644 0.014814814552664757
0 0.4479166567325592 0.05000000074505806 0.0010416667209938169 0.0055555556900799274
0 0.0033854166977107525 0.07361111044883728 0.0036458333488553762 0.008333333767950535
0 0.43958333134651184 0.12824073433876038 0.0020833334419876337 0.013888888992369175
0 0.4424479305744171 0.11064814776182175 0.0015625000232830644 0.012037036940455437
0 0.4427083432674408 0.11157407611608505 0.0020833334419876337 0.012037036940455437
0 0.37291666865348816 0.5666666626930237 0.00937500037252903 0.04814814776182175
0 0.47343748807907104 0.06388889253139496 0.0010416667209938169 0.007407407276332378
0 0.48098957538604736 0.13379628956317902 0.0015625000232830644 0.013888888992369175
0 0.4945312440395355 0.22962963581085205 0.0026041667442768812 0.02222222276031971
0 0.4833333194255829 0.15046297013759613 0.0020833334419876337 0.015740741044282913
