6 0.4567708373069763 0.07962962985038757 0.0020833334419876337 0.0055555556900799274
6 0.4567708373069763 0.07777778059244156 0.0010416667209938169 0.0055555556900799274
6 0.45781248807907104 0.07685185223817825 0.0010416667209938169 0.0055555556900799274
8 0.4791666567325592 0.06898148357868195 0.0010416667209938169 0.008333333767950535
8 0.4791666567325592 0.07175926119089127 0.0010416667209938169 0.008333333767950535
7 0.4789062440395355 0.07037036865949631 0.0015625000232830644 0.007407407276332378
2 0.46796876192092896 0.09259258955717087 0.00989583320915699 0.029629629105329514
1 0.4781250059604645 0.06064814701676369 0.004166666883975267 0.006481481250375509
1 0.4664062559604645 0.1180555522441864 0.006770833395421505 0.015740741044282913
2 0.4697916805744171 0.07268518209457397 0.008333333767950535 0.02500000037252903
1 0.4789062440395355 0.06851851940155029 0.0036458333488553762 0.007407407276332378
1 0.4937500059604645 0.772685170173645 0.04479166492819786 0.17499999701976776
8 0.4789062440395355 0.05740740895271301 0.0015625000232830644 0.0055555556900799274
0 0.4635416567325592 0.05879629775881767 0.0010416667209938169 0.004629629664123058
0 0.3114583194255829 0.8087962865829468 0.01770833320915699 0.06018518656492233
0 0.41848957538604736 0.3342592716217041 0.00572916679084301 0.031481482088565826
0 0.4921875 0.1476851850748062 0.0020833334419876337 0.015740741044282913
0 0.46302083134651184 0.05092592537403107 0.0010416667209938169 0.0055555556900799274
0 0.45234376192092896 0.1328703761100769 0.0015625000232830644 0.013888888992369175
0 0.4557291567325592 0.11527777463197708 0.0020833334419876337 0.012037036940455437
0 0.4559895694255829 0.11574073880910873 0.0015625000232830644 0.012962962500751019
0 0.3622395694255829 0.6638888716697693 0.010937499813735485 0.05370370298624039
0 0.4880208373069763 0.06574074178934097 0.0010416667209938169 0.007407407276332378
0 0.49557292461395264 0.14027777314186096 0.0015625000232830644 0.013888888992369175
0 0.508593738079071 0.24583333730697632 0.0026041667442768812 0.023148147389292717
0 0.4973958432674408 0.15740740299224854 0.0020833334419876337 0.01666666753590107
