6 0.44999998807907104 0.07870370149612427 0.0020833334419876337 0.0055555556900799274
6 0.44999998807907104 0.07685185223817825 0.0010416667209938169 0.0055555556900799274
8 0.47213542461395264 0.06805555522441864 0.0005208333604969084 0.008333333767950535
8 0.47213542461395264 0.07083333283662796 0.0005208333604969084 0.008333333767950535
7 0.47213542461395264 0.0694444477558136 0.0015625000232830644 0.007407407276332378
2 0.4611979126930237 0.09074074029922485 0.00989583320915699 0.029629629105329514
1 0.4710937440395355 0.05972222238779068 0.004687500186264515 0.006481481250375509
1 0.46015626192092896 0.11481481790542603 0.006770833395421505 0.014814814552664757
2 0.46276041865348816 0.07129629701375961 0.0078125 0.024074073880910873
1 0.47213542461395264 0.06759259104728699 0.0036458333488553762 0.007407407276332378
1 0.49010416865348816 0.6879629492759705 0.03958333283662796 0.14629629254341125
8 0.4716145694255829 0.05694444477558136 0.0015625000232830644 0.006481481250375509
0 0.44921875 0.05925925821065903 0.0015625000232830644 0.007407407276332378
0 0.4567708373069763 0.05833333358168602 0.0010416667209938169 0.003703703638166189
0 0.4828124940395355 0.06805555522441864 0.0010416667209938169 0.008333333767950535
0 0.3291666805744171 0.7115740776062012 0.014583333395421505 0.05462963134050369
0 0.4153645932674408 0.317592591047287 0.00572916679084301 0.029629629105329514
0 0.4854166805744171 0.14398148655891418 0.0020833334419876337 0.013888888992369175
0 0.4557291567325592 0.050462961196899414 0.0010416667209938169 0.006481481250375509
0 0.012239583767950535 0.07361111044883728 0.0036458333488553762 0.008333333767950535
0 0.4463541805744171 0.130092591047287 0.0020833334419876337 0.013888888992369175
0 0.4494791626930237 0.11249999701976776 0.0020833334419876337 0.012037036940455437
0 0.44973957538604736 0.11342592537403107 0.0015625000232830644 0.012037036940455437
0 0.3700520694255829 0.6037036776542664 0.00989583320915699 0.05000000074505806
0 0.48124998807907104 0.06481481343507767 0.0010416667209938169 0.007407407276332378
0 0.48880207538604736 0.13657407462596893 0.0015625000232830644 0.013888888992369175
0 0.5018228888511658 0.23657406866550446 0.0026041667442768812 0.023148147389292717
0 0.4906249940395355 0.15324074029922485 0.0020833334419876337 0.015740741044282913
