6 0.4546875059604645 0.07870370149612427 0.0020833334419876337 0.0055555556900799274
6 0.4546875059604645 0.07685185223817825 0.0010416667209938169 0.0055555556900799274
6 0.4557291567325592 0.07592592388391495 0.0010416667209938169 0.0055555556900799274
8 0.4765625 0.06851851940155029 0.0010416667209938169 0.007407407276332378
8 0.4768229126930237 0.07083333283662796 0.0005208333604969084 0.008333333767950535
7 0.4768229126930237 0.07037036865949631 0.0015625000232830644 0.007407407276332378
2 0.4658854305744171 0.09074074029922485 0.00989583320915699 0.029629629105329514
1 0.47578126192092896 0.05972222238779068 0.004687500186264515 0.006481481250375509
1 0.4645833373069763 0.11574073880910873 0.0062500000931322575 0.014814814552664757
2 0.4674479067325592 0.07129629701375961 0.0078125 0.024074073880910873
1 0.4768229126930237 0.06759259104728699 0.0036458333488553762 0.007407407276332378
1 0.49270832538604736 0.7074074149131775 0.04062499850988388 0.1518518477678299
8 0.4763020873069763 0.05694444477558136 0.0015625000232830644 0.006481481250375509
0 0.46145832538604736 0.05833333358168602 0.0010416667209938169 0.003703703638166189
0 0.48750001192092896 0.06805555522441864 0.0010416667209938169 0.008333333767950535
0 0.32734376192092896 0.7324073910713196 0.015104166232049465 0.0555555559694767
0 0.41848957538604736 0.3212963044643402 0.00572916679084301 0.029629629105329514
0 0.4898437559604645 0.14444445073604584 0.0015625000232830644 0.014814814552664757
0 0.46041667461395264 0.050462961196899414 0.0010416667209938169 0.006481481250375509
0 0.01848958246409893 0.07361111044883728 0.0036458333488553762 0.008333333767950535
0 0.4505208432674408 0.1310185194015503 0.0020833334419876337 0.013888888992369175
0 0.45364582538604736 0.11342592537403107 0.0020833334419876337 0.012037036940455437
0 0.4541666805744171 0.11342592537403107 0.0020833334419876337 0.012037036940455437
0 0.37031251192092896 0.6171296238899231 0.010416666977107525 0.05092592537403107
0 0.4856770932674408 0.06481481343507767 0.0005208333604969084 0.007407407276332378
0 0.49296873807907104 0.13750000298023224 0.0015625000232830644 0.013888888992369175
0 0.5059896111488342 0.23888888955116272 0.0026041667442768812 0.02222222276031971
0 0.4950520694255829 0.15416666865348816 0.0015625000232830644 0.015740741044282913
