6 0.46484375 0.0824074074625969 0.0026041667442768812 0.0055555556900799274
6 0.4651041626930237 0.08101851493120193 0.0010416667209938169 0.006481481250375509
6 0.4658854305744171 0.07962962985038757 0.0015625000232830644 0.0055555556900799274
8 0.4880208373069763 0.07175926119089127 0.0010416667209938169 0.008333333767950535
8 0.4880208373069763 0.07453703880310059 0.0010416667209938169 0.008333333767950535
7 0.4880208373069763 0.07314814627170563 0.0020833334419876337 0.007407407276332378
2 0.47604167461395264 0.09768518805503845 0.010416666977107525 0.032407406717538834
1 0.48750001192092896 0.06157407537102699 0.004166666883975267 0.006481481250375509
1 0.4742187559604645 0.1259259283542633 0.006770833395421505 0.01666666753590107
2 0.4781250059604645 0.0763888880610466 0.008333333767950535 0.02500000037252903
1 0.4880208373069763 0.07037036865949631 0.004166666883975267 0.007407407276332378
1 0.4963541626930237 0.9587963223457336 0.06354166567325592 0.0824074074625969
8 0.48776042461395264 0.05879629775881767 0.0015625000232830644 0.006481481250375509
0 0.4723958373069763 0.06064814701676369 0.0010416667209938169 0.004629629664123058
0 0.49921876192092896 0.07175926119089127 0.0005208333604969084 0.008333333767950535
0 0.4190104305744171 0.3782407343387604 0.006770833395421505 0.034259259700775146
0 0.5005208253860474 0.15648147463798523 0.0020833334419876337 0.01666666753590107
0 0.47213542461395264 0.05231481418013573 0.0005208333604969084 0.006481481250375509
0 0.4593749940395355 0.1398148089647293 0.0020833334419876337 0.014814814552664757
0 0.46302083134651184 0.12037037312984467 0.0020833334419876337 0.012962962500751019
0 0.4632812440395355 0.12129629403352737 0.0015625000232830644 0.012962962500751019
0 0.328125 0.8513888716697693 0.01666666753590107 0.06388889253139496
0 0.4973958432674408 0.06759259104728699 0.0010416667209938169 0.007407407276332378
0 0.5044270753860474 0.14953704178333282 0.0015625000232830644 0.015740741044282913
0 0.5177083611488342 0.2699074149131775 0.0031250000465661287 0.02500000037252903
0 0.5062500238418579 0.1675925999879837 0.0020833334419876337 0.01666666753590107
