6 0.46484375 0.0833333358168602 0.0026041667442768812 0.0055555556900799274
6 0.4651041626930237 0.08148147910833359 0.0010416667209938169 0.0055555556900799274
6 0.4658854305744171 0.08055555820465088 0.0015625000232830644 0.0055555556900799274
8 0.48828125 0.07175926119089127 0.0005208333604969084 0.008333333767950535
8 0.48828125 0.07453703880310059 0.0005208333604969084 0.008333333767950535
7 0.48828125 0.07361111044883728 0.0015625000232830644 0.008333333767950535
2 0.47604167461395264 0.09953703731298447 0.010416666977107525 0.032407406717538834
1 0.48750001192092896 0.0625 0.004166666883975267 0.006481481250375509
1 0.4739583432674408 0.12777778506278992 0.0072916666977107525 0.01666666753590107
2 0.4781250059604645 0.07685185223817825 0.008333333767950535 0.025925925001502037
1 0.48828125 0.07129629701375961 0.0036458333488553762 0.007407407276332378
8 0.48828125 0.05925925821065903 0.0015625000232830644 0.0055555556900799274
0 0.4723958373069763 0.06111111119389534 0.0010416667209938169 0.003703703638166189
0 0.49947917461395264 0.07175926119089127 0.0010416667209938169 0.008333333767950535
0 0.41744792461395264 0.39027777314186096 0.006770833395421505 0.03611111268401146
0 0.5005208253860474 0.1587962955236435 0.0020833334419876337 0.015740741044282913
0 0.4723958373069763 0.05277777835726738 0.0010416667209938169 0.0055555556900799274
0 0.45911458134651184 0.14166666567325592 0.0015625000232830644 0.014814814552664757
0 0.46302083134651184 0.12222222238779068 0.0020833334419876337 0.012962962500751019
0 0.4632812440395355 0.12314815074205399 0.0015625000232830644 0.012962962500751019
0 0.31562501192092896 0.9120370149612427 0.01875000074505806 0.06666667014360428
0 0.49791666865348816 0.06805555522441864 0.0010416667209938169 0.008333333767950535
0 0.5049479007720947 0.15138888359069824 0.0015625000232830644 0.015740741044282913
0 0.518750011920929 0.2759259343147278 0.0031250000465661287 0.025925925001502037
0 0.5067708492279053 0.16990740597248077 0.0020833334419876337 0.017592592164874077
