6 0.4606770873069763 0.08148147910833359 0.0026041667442768812 0.0055555556900799274
6 0.4609375 0.08009259402751923 0.0010416667209938169 0.006481481250375509
6 0.46145832538604736 0.07870370149612427 0.0010416667209938169 0.0055555556900799274
8 0.48359376192092896 0.07083333283662796 0.0005208333604969084 0.008333333767950535
8 0.48359376192092896 0.07361111044883728 0.0005208333604969084 0.008333333767950535
7 0.48359376192092896 0.07222222536802292 0.0015625000232830644 0.007407407276332378
2 0.47187501192092896 0.0962962955236435 0.010416666977107525 0.031481482088565826
1 0.4828124940395355 0.06157407537102699 0.004166666883975267 0.006481481250375509
1 0.4703125059604645 0.12314815074205399 0.0072916666977107525 0.01666666753590107
2 0.4739583432674408 0.0754629597067833 0.008333333767950535 0.02500000037252903
1 0.48359376192092896 0.0694444477558136 0.0036458333488553762 0.007407407276332378
1 0.4947916567325592 0.9138888716697693 0.05624999850988388 0.17222222685813904
8 0.4833333194255829 0.05833333358168602 0.0020833334419876337 0.0055555556900799274
0 0.4677083194255829 0.06018518656492233 0.0010416667209938169 0.003703703638166189
0 0.4947916567325592 0.07083333283662796 0.0010416667209938169 0.008333333767950535
0 0.41744792461395264 0.3629629611968994 0.006770833395421505 0.03333333507180214
0 0.4963541626930237 0.15324074029922485 0.0020833334419876337 0.015740741044282913
0 0.4677083194255829 0.05231481418013573 0.0010416667209938169 0.006481481250375509
0 0.4554687440395355 0.13750000298023224 0.0015625000232830644 0.013888888992369175
0 0.45911458134651184 0.11898148059844971 0.0015625000232830644 0.012037036940455437
0 0.4593749940395355 0.11944444477558136 0.0020833334419876337 0.012962962500751019
0 0.3401041626930237 0.7810184955596924 0.014583333395421505 0.06018518656492233
0 0.49296873807907104 0.06666667014360428 0.0005208333604969084 0.007407407276332378
0 0.5 0.14629629254341125 0.0020833334419876337 0.014814814552664757
0 0.5135416388511658 0.26157405972480774 0.0031250000465661287 0.02500000037252903
0 0.5018228888511658 0.16388888657093048 0.0015625000232830644 0.01666666753590107
