6 0.4645833373069763 0.08287037163972855 0.0020833334419876337 0.006481481250375509
6 0.4651041626930237 0.08148147910833359 0.0010416667209938169 0.0055555556900799274
6 0.46562498807907104 0.07962962985038757 0.0010416667209938169 0.0055555556900799274
8 0.4880208373069763 0.07175926119089127 0.0010416667209938169 0.008333333767950535
8 0.4880208373069763 0.07453703880310059 0.0010416667209938169 0.008333333767950535
7 0.4880208373069763 0.07361111044883728 0.0020833334419876337 0.008333333767950535
2 0.47578126192092896 0.09861110895872116 0.010937499813735485 0.032407406717538834
1 0.48750001192092896 0.0625 0.004166666883975267 0.006481481250375509
1 0.4739583432674408 0.1268518567085266 0.0072916666977107525 0.01666666753590107
2 0.4781250059604645 0.07685185223817825 0.008333333767950535 0.025925925001502037
1 0.4880208373069763 0.07083333283662796 0.004166666883975267 0.008333333767950535
1 0.4963541626930237 0.9768518805503845 0.06666667014360428 0.046296294778585434
8 0.48776042461395264 0.05925925821065903 0.0015625000232830644 0.0055555556900799274
0 0.4723958373069763 0.06064814701676369 0.0010416667209938169 0.004629629664123058
0 0.49921876192092896 0.07175926119089127 0.0005208333604969084 0.008333333767950535
0 0.4182291626930237 0.38425925374031067 0.0072916666977107525 0.035185184329748154
0 0.5005208253860474 0.1578703671693802 0.0020833334419876337 0.015740741044282913
0 0.47187501192092896 0.05231481418013573 0.0010416667209938169 0.006481481250375509
0 0.45911458134651184 0.14074073731899261 0.0015625000232830644 0.014814814552664757
0 0.46276041865348816 0.12129629403352737 0.0015625000232830644 0.012962962500751019
0 0.4632812440395355 0.12222222238779068 0.0015625000232830644 0.012962962500751019
0 0.32213541865348816 0.8800926208496094 0.01718750037252903 0.06574074178934097
0 0.4973958432674408 0.06759259104728699 0.0010416667209938169 0.007407407276332378
0 0.5044270753860474 0.15046297013759613 0.0015625000232830644 0.015740741044282913
0 0.5182291865348816 0.2726851999759674 0.0031250000465661287 0.02500000037252903
0 0.5065104365348816 0.16851851344108582 0.0015625000232830644 0.01666666753590107
