6 0.4638020694255829 0.08657407760620117 0.0026041667442768812 0.006481481250375509
6 0.46406251192092896 0.08472222089767456 0.0010416667209938169 0.006481481250375509
8 0.48828125 0.07453703880310059 0.0005208333604969084 0.008333333767950535
8 0.48828125 0.0773148164153099 0.0005208333604969084 0.008333333767950535
7 0.48828125 0.0763888880610466 0.0015625000232830644 0.008333333767950535
2 0.4749999940395355 0.1050925925374031 0.01145833358168602 0.034259259700775146
1 0.48776042461395264 0.06388889253139496 0.0036458333488553762 0.007407407276332378
1 0.4729166626930237 0.13703703880310059 0.008333333767950535 0.018518518656492233
2 0.4778645932674408 0.08101851493120193 0.008854166604578495 0.026851851493120193
1 0.4880208373069763 0.07361111044883728 0.004166666883975267 0.008333333767950535
8 0.48828125 0.06064814701676369 0.0015625000232830644 0.006481481250375509
0 0.4723958373069763 0.0625 0.0010416667209938169 0.004629629664123058
0 0.5 0.07453703880310059 0.0010416667209938169 0.008333333767950535
0 0.40833333134651184 0.4546296298503876 0.008333333767950535 0.040740739554166794
0 0.5005208253860474 0.16898147761821747 0.0020833334419876337 0.017592592164874077
0 0.47213542461395264 0.05416666716337204 0.0005208333604969084 0.006481481250375509
0 0.4572916626930237 0.15000000596046448 0.0020833334419876337 0.014814814552664757
0 0.46145832538604736 0.12870369851589203 0.0020833334419876337 0.012962962500751019
0 0.46171873807907104 0.12962962687015533 0.0015625000232830644 0.012962962500751019
0 0.49817708134651184 0.07037036865949631 0.0005208333604969084 0.007407407276332378
0 0.5057291388511658 0.16249999403953552 0.0020833334419876337 0.015740741044282913
0 0.5205729007720947 0.30694442987442017 0.0036458333488553762 0.028703704476356506
0 0.5072916746139526 0.1814814805984497 0.0020833334419876337 0.018518518656492233
