6 0.46432292461395264 0.08518518507480621 0.0026041667442768812 0.0055555556900799274
6 0.4645833373069763 0.08379629999399185 0.0010416667209938169 0.006481481250375509
6 0.46562498807907104 0.0824074074625969 0.0010416667209938169 0.0055555556900799274
8 0.48828125 0.07361111044883728 0.0005208333604969084 0.008333333767950535
8 0.48828125 0.0763888880610466 0.0005208333604969084 0.008333333767950535
7 0.48828125 0.0754629597067833 0.0015625000232830644 0.008333333767950535
2 0.4755208194255829 0.10324074327945709 0.01145833358168602 0.034259259700775146
1 0.4880208373069763 0.0634259283542633 0.004166666883975267 0.006481481250375509
1 0.47343748807907104 0.13379628956317902 0.0072916666977107525 0.017592592164874077
2 0.4778645932674408 0.07962962985038757 0.008854166604578495 0.025925925001502037
1 0.48828125 0.07268518209457397 0.0036458333488553762 0.008333333767950535
8 0.48828125 0.06018518656492233 0.0015625000232830644 0.0055555556900799274
0 0.4723958373069763 0.06203703582286835 0.0010416667209938169 0.003703703638166189
0 0.5 0.07361111044883728 0.0010416667209938169 0.008333333767950535
0 0.4117187559604645 0.4314814805984497 0.0078125 0.03888889029622078
0 0.5005208253860474 0.1657407432794571 0.0020833334419876337 0.01666666753590107
0 0.4723958373069763 0.05416666716337204 0.0010416667209938169 0.006481481250375509
0 0.45781248807907104 0.14722222089767456 0.0020833334419876337 0.014814814552664757
0 0.4619791805744171 0.1268518567085266 0.0020833334419876337 0.012962962500751019
0 0.4622395932674408 0.12777778506278992 0.0015625000232830644 0.012962962500751019
0 0.49817708134651184 0.06990740448236465 0.0005208333604969084 0.008333333767950535
0 0.5054687261581421 0.1587962955236435 0.0015625000232830644 0.015740741044282913
0 0.5200520753860474 0.29629629850387573 0.0036458333488553762 0.02777777798473835
0 0.5072916746139526 0.17731481790542603 0.0020833334419876337 0.017592592164874077
