6 0.4638020694255829 0.08703703433275223 0.0026041667442768812 0.0055555556900799274
6 0.46406251192092896 0.08518518507480621 0.0010416667209938169 0.0055555556900799274
6 0.4651041626930237 0.08425925672054291 0.0010416667209938169 0.0055555556900799274
8 0.48828125 0.07500000298023224 0.0005208333604969084 0.009259259328246117
8 0.48828125 0.07777778059244156 0.0005208333604969084 0.009259259328246117
7 0.48828125 0.07685185223817825 0.0015625000232830644 0.007407407276332378
2 0.4749999940395355 0.10601852089166641 0.01145833358168602 0.034259259700775146
1 0.48776042461395264 0.06435184925794601 0.0036458333488553762 0.006481481250375509
1 0.47265625 0.1379629671573639 0.0078125 0.018518518656492233
2 0.4776041805744171 0.08194444328546524 0.00937500037252903 0.026851851493120193
1 0.4880208373069763 0.07407407462596893 0.004166666883975267 0.007407407276332378
8 0.48828125 0.06111111119389534 0.0015625000232830644 0.0055555556900799274
0 0.47213542461395264 0.06296296417713165 0.0015625000232830644 0.003703703638166189
0 0.5 0.0754629597067833 0.0010416667209938169 0.008333333767950535
0 0.40677082538604736 0.4643518626689911 0.008333333767950535 0.0416666679084301
0 0.5005208253860474 0.17037037014961243 0.0020833334419876337 0.01666666753590107
0 0.47187501192092896 0.05509259179234505 0.0010416667209938169 0.006481481250375509
0 0.4567708373069763 0.15138888359069824 0.0020833334419876337 0.015740741044282913
0 0.4609375 0.12962962687015533 0.0020833334419876337 0.012962962500751019
0 0.46171873807907104 0.13055555522441864 0.0015625000232830644 0.012962962500751019
0 0.49817708134651184 0.07083333283662796 0.0005208333604969084 0.008333333767950535
0 0.5057291388511658 0.16388888657093048 0.0020833334419876337 0.01666666753590107
0 0.5210937261581421 0.3115740716457367 0.0036458333488553762 0.028703704476356506
0 0.5075520873069763 0.18333333730697632 0.0015625000232830644 0.018518518656492233
