6 0.4645833373069763 0.08518518507480621 0.0020833334419876337 0.0055555556900799274
6 0.4645833373069763 0.0833333358168602 0.0010416667209938169 0.0055555556900799274
8 0.48828125 0.07361111044883728 0.0005208333604969084 0.008333333767950535
8 0.48828125 0.0763888880610466 0.0005208333604969084 0.008333333767950535
7 0.48828125 0.0754629597067833 0.0015625000232830644 0.008333333767950535
2 0.47578126192092896 0.10277777910232544 0.010937499813735485 0.03333333507180214
1 0.4880208373069763 0.0634259283542633 0.004166666883975267 0.006481481250375509
1 0.4736979305744171 0.1328703761100769 0.0078125 0.017592592164874077
2 0.4781250059604645 0.07962962985038757 0.008333333767950535 0.025925925001502037
1 0.48828125 0.07222222536802292 0.0036458333488553762 0.007407407276332378
8 0.48828125 0.06018518656492233 0.0015625000232830644 0.0055555556900799274
0 0.4723958373069763 0.06203703582286835 0.0010416667209938169 0.003703703638166189
0 0.5 0.07361111044883728 0.0010416667209938169 0.008333333767950535
0 0.4127604067325592 0.42407408356666565 0.0078125 0.03888889029622078
0 0.5005208253860474 0.16435185074806213 0.0020833334419876337 0.015740741044282913
0 0.4723958373069763 0.05416666716337204 0.0010416667209938169 0.006481481250375509
0 0.4583333432674408 0.14629629254341125 0.0020833334419876337 0.014814814552664757
0 0.4619791805744171 0.1259259283542633 0.0020833334419876337 0.012962962500751019
0 0.46276041865348816 0.1268518567085266 0.0015625000232830644 0.012962962500751019
0 0.49817708134651184 0.0694444477558136 0.0005208333604969084 0.007407407276332378
0 0.5054687261581421 0.15740740299224854 0.0015625000232830644 0.01666666753590107
0 0.5200520753860474 0.2925925850868225 0.0036458333488553762 0.02777777798473835
0 0.5072916746139526 0.17638888955116272 0.0020833334419876337 0.017592592164874077
