6 0.4638020694255829 0.08749999850988388 0.0026041667442768812 0.006481481250375509
6 0.46406251192092896 0.08564814925193787 0.0010416667209938169 0.006481481250375509
6 0.46484375 0.08425925672054291 0.0015625000232830644 0.0055555556900799274
8 0.4880208373069763 0.0754629597067833 0.0010416667209938169 0.008333333767950535
8 0.4880208373069763 0.07824073731899261 0.0010416667209938169 0.008333333767950535
7 0.4880208373069763 0.0773148164153099 0.0020833334419876337 0.008333333767950535
2 0.47473958134651184 0.10694444179534912 0.01197916641831398 0.034259259700775146
1 0.48776042461395264 0.06435184925794601 0.0036458333488553762 0.006481481250375509
1 0.4723958373069763 0.13935184478759766 0.008333333767950535 0.017592592164874077
2 0.47734373807907104 0.08194444328546524 0.008854166604578495 0.026851851493120193
1 0.4880208373069763 0.07407407462596893 0.004166666883975267 0.007407407276332378
8 0.4880208373069763 0.06111111119389534 0.0020833334419876337 0.0055555556900799274
0 0.47187501192092896 0.0634259283542633 0.0010416667209938169 0.004629629664123058
0 0.5 0.0754629597067833 0.0010416667209938169 0.008333333767950535
0 0.40546876192092896 0.47361111640930176 0.008854166604578495 0.0416666679084301
0 0.5005208253860474 0.17175926268100739 0.0020833334419876337 0.017592592164874077
0 0.47187501192092896 0.05509259179234505 0.0010416667209938169 0.006481481250375509
0 0.4567708373069763 0.15231481194496155 0.0020833334419876337 0.015740741044282913
0 0.4609375 0.13055555522441864 0.0020833334419876337 0.012962962500751019
0 0.4611979126930237 0.13148148357868195 0.0015625000232830644 0.012962962500751019
0 0.49817708134651184 0.07083333283662796 0.0005208333604969084 0.008333333767950535
0 0.5057291388511658 0.1648148149251938 0.0020833334419876337 0.01666666753590107
0 0.5210937261581421 0.3152777850627899 0.0036458333488553762 0.028703704476356506
0 0.5075520873069763 0.18472221493721008 0.0015625000232830644 0.017592592164874077
