6 0.46276041865348816 0.08935185521841049 0.0026041667442768812 0.006481481250375509
6 0.46302083134651184 0.08749999850988388 0.0010416667209938169 0.006481481250375509
6 0.46406251192092896 0.08611111342906952 0.0010416667209938169 0.0055555556900799274
6 0.20885416865348816 0.4893518388271332 0.01875000074505806 0.037962961941957474
8 0.4880208373069763 0.07685185223817825 0.0010416667209938169 0.009259259328246117
8 0.4880208373069763 0.07962962985038757 0.0010416667209938169 0.009259259328246117
7 0.48776042461395264 0.07916666567325592 0.0015625000232830644 0.008333333767950535
2 0.4742187559604645 0.11064814776182175 0.01197916641831398 0.03611111268401146
1 0.48750001192092896 0.06527777761220932 0.004166666883975267 0.006481481250375509
1 0.4716145694255829 0.1449074000120163 0.008854166604578495 0.01944444514811039
2 0.47708332538604736 0.08472222089767456 0.00937500037252903 0.028703704476356506
1 0.4880208373069763 0.0754629597067833 0.004166666883975267 0.008333333767950535
8 0.48776042461395264 0.06203703582286835 0.0015625000232830644 0.0055555556900799274
0 0.4713541567325592 0.06435184925794601 0.0010416667209938169 0.004629629664123058
0 0.5 0.0773148164153099 0.0010416667209938169 0.008333333767950535
0 0.3981770873069763 0.5231481194496155 0.00989583320915699 0.046296294778585434
0 0.5 0.17824074625968933 0.0020833334419876337 0.017592592164874077
0 0.4716145694255829 0.05601852014660835 0.0005208333604969084 0.006481481250375509
0 0.45520833134651184 0.15694443881511688 0.0020833334419876337 0.015740741044282913
0 0.4598958194255829 0.13472221791744232 0.0020833334419876337 0.013888888992369175
0 0.46015626192092896 0.13564814627170563 0.0015625000232830644 0.013888888992369175
0 0.49817708134651184 0.07268518209457397 0.0005208333604969084 0.008333333767950535
0 0.5062500238418579 0.17175926268100739 0.0020833334419876337 0.017592592164874077
0 0.522656261920929 0.33657407760620117 0.0036458333488553762 0.03055555559694767
0 0.5078125 0.19212962687015533 0.0020833334419876337 0.01944444514811039
