6 0.4658854305744171 0.0902777761220932 0.0026041667442768812 0.006481481250375509
6 0.4661458432674408 0.08842592686414719 0.0010416667209938169 0.006481481250375509
6 0.4671874940395355 0.08703703433275223 0.0010416667209938169 0.0055555556900799274
6 0.1953125 0.5175926089286804 0.02083333395421505 0.040740739554166794
8 0.49140626192092896 0.07777778059244156 0.0005208333604969084 0.009259259328246117
8 0.49140626192092896 0.08055555820465088 0.0005208333604969084 0.009259259328246117
7 0.49140626192092896 0.08009259402751923 0.0015625000232830644 0.008333333767950535
2 0.47708332538604736 0.11249999701976776 0.012500000186264515 0.034259259700775146
1 0.4911458194255829 0.06574074178934097 0.004166666883975267 0.007407407276332378
1 0.47447916865348816 0.14861111342906952 0.008333333767950535 0.01944444514811039
2 0.4802083373069763 0.08611111342906952 0.00937500037252903 0.02777777798473835
1 0.4911458194255829 0.0763888880610466 0.004166666883975267 0.008333333767950535
8 0.49140626192092896 0.0625 0.0015625000232830644 0.006481481250375509
0 0.4749999940395355 0.06527777761220932 0.0010416667209938169 0.004629629664123058
0 0.5033854246139526 0.07824073731899261 0.0005208333604969084 0.008333333767950535
0 0.3968749940395355 0.5564814805984497 0.010416666977107525 0.04814814776182175
0 0.5033854246139526 0.182407408952713 0.0026041667442768812 0.018518518656492233
0 0.47473958134651184 0.05648148059844971 0.0005208333604969084 0.007407407276332378
0 0.45781248807907104 0.1606481522321701 0.0020833334419876337 0.015740741044282913
0 0.4625000059604645 0.13750000298023224 0.0020833334419876337 0.013888888992369175
0 0.46302083134651184 0.13842593133449554 0.0020833334419876337 0.013888888992369175
0 0.5015624761581421 0.07361111044883728 0.0010416667209938169 0.008333333767950535
0 0.5098958611488342 0.17638888955116272 0.0020833334419876337 0.017592592164874077
0 0.526562511920929 0.3499999940395355 0.004166666883975267 0.031481482088565826
0 0.5114583373069763 0.19675925374031067 0.0020833334419876337 0.01944444514811039
