6 0.4911458194255829 0.0912037044763565 0.0020833334419876337 0.006481481250375509
6 0.49166667461395264 0.08935185521841049 0.0010416667209938169 0.006481481250375509
6 0.4924479126930237 0.08796296268701553 0.0015625000232830644 0.0055555556900799274
6 0.20885416865348816 0.5282407402992249 0.02083333395421505 0.0416666679084301
8 0.5166666507720947 0.07870370149612427 0.0010416667209938169 0.009259259328246117
8 0.5166666507720947 0.08148147910833359 0.0010416667209938169 0.009259259328246117
7 0.5166666507720947 0.08009259402751923 0.0020833334419876337 0.008333333767950535
2 0.5018228888511658 0.11342592537403107 0.01197916641831398 0.032407406717538834
1 0.5166666507720947 0.06620370596647263 0.004166666883975267 0.006481481250375509
1 0.4986979067325592 0.15046297013759613 0.008854166604578495 0.01944444514811039
2 0.5057291388511658 0.08749999850988388 0.00937500037252903 0.028703704476356506
1 0.5166666507720947 0.0773148164153099 0.004166666883975267 0.008333333767950535
8 0.5169270634651184 0.0634259283542633 0.0015625000232830644 0.006481481250375509
0 0.5005208253860474 0.06527777761220932 0.0010416667209938169 0.004629629664123058
0 0.05651041492819786 0.07592592388391495 0.0026041667442768812 0.0055555556900799274
0 0.4130208194255829 0.5791666507720947 0.010416666977107525 0.049074072390794754
0 0.5276041626930237 0.18518517911434174 0.0020833334419876337 0.018518518656492233
0 0.05052083358168602 0.07453703880310059 0.0031250000465661287 0.008333333767950535
0 0.5005208253860474 0.05694444477558136 0.0010416667209938169 0.006481481250375509
0 0.4817708432674408 0.16203702986240387 0.0020833334419876337 0.01666666753590107
0 0.4869791567325592 0.1388888955116272 0.0020833334419876337 0.014814814552664757
0 0.4872395694255829 0.1398148089647293 0.0015625000232830644 0.014814814552664757
0 0.52734375 0.07361111044883728 0.0005208333604969084 0.008333333767950535
0 0.0494791679084301 0.06481481343507767 0.0031250000465661287 0.007407407276332378
0 0.03750000149011612 0.06574074178934097 0.0031250000465661287 0.007407407276332378
0 0.534375011920929 0.17916665971279144 0.0020833334419876337 0.017592592164874077
0 0.5494791865348816 0.36157408356666565 0.0052083334885537624 0.032407406717538834
0 0.5356770753860474 0.2004629671573639 0.0026041667442768812 0.01944444514811039
