6 0.47708332538604736 0.0912037044763565 0.0020833334419876337 0.006481481250375509
6 0.47734373807907104 0.08935185521841049 0.0015625000232830644 0.006481481250375509
6 0.4781250059604645 0.08749999850988388 0.0010416667209938169 0.006481481250375509
6 0.2005208283662796 0.5236111283302307 0.02083333395421505 0.0416666679084301
8 0.5023437738418579 0.07824073731899261 0.0005208333604969084 0.008333333767950535
8 0.5023437738418579 0.08148147910833359 0.0005208333604969084 0.009259259328246117
7 0.5023437738418579 0.08009259402751923 0.0015625000232830644 0.008333333767950535
2 0.48776042461395264 0.11296296119689941 0.01197916641831398 0.03333333507180214
1 0.5023437738418579 0.06620370596647263 0.0036458333488553762 0.006481481250375509
1 0.48515623807907104 0.14953704178333282 0.008854166604578495 0.01944444514811039
2 0.4911458194255829 0.08657407760620117 0.00937500037252903 0.028703704476356506
1 0.5026041865348816 0.0773148164153099 0.004166666883975267 0.008333333767950535
8 0.5026041865348816 0.0625 0.0020833334419876337 0.006481481250375509
0 0.4859375059604645 0.06527777761220932 0.0010416667209938169 0.004629629664123058
0 0.03463541716337204 0.0773148164153099 0.0026041667442768812 0.006481481250375509
0 0.5145833492279053 0.07870370149612427 0.0010416667209938169 0.009259259328246117
0 0.4036458432674408 0.5675926208496094 0.010416666977107525 0.04814814776182175
0 0.5140625238418579 0.18379630148410797 0.0020833334419876337 0.017592592164874077
0 0.02838541753590107 0.0763888880610466 0.0036458333488553762 0.008333333767950535
0 0.48619791865348816 0.05648148059844971 0.0005208333604969084 0.007407407276332378
0 0.46822917461395264 0.16111111640930176 0.0020833334419876337 0.01666666753590107
0 0.4729166626930237 0.1379629671573639 0.0020833334419876337 0.014814814552664757
0 0.4736979305744171 0.1388888955116272 0.0015625000232830644 0.014814814552664757
0 0.5130208134651184 0.07361111044883728 0.0010416667209938169 0.008333333767950535
0 0.02708333358168602 0.06666667014360428 0.0031250000465661287 0.007407407276332378
0 0.014583333395421505 0.06712962687015533 0.0031250000465661287 0.008333333767950535
0 0.5205729007720947 0.17731481790542603 0.0026041667442768812 0.017592592164874077
0 0.5367187261581421 0.3560185134410858 0.004687500186264515 0.032407406717538834
0 0.5218750238418579 0.19861111044883728 0.0020833334419876337 0.01944444514811039
