6 0.5062500238418579 0.09166666865348816 0.0020833334419876337 0.0055555556900799274
6 0.5067708492279053 0.08981481194496155 0.0010416667209938169 0.007407407276332378
6 0.5078125 0.08796296268701553 0.0010416667209938169 0.0055555556900799274
6 0.21848958730697632 0.5324074029922485 0.02135416679084301 0.04259259253740311
8 0.5322916507720947 0.07916666567325592 0.0010416667209938169 0.008333333767950535
8 0.5322916507720947 0.0824074074625969 0.0010416667209938169 0.009259259328246117
7 0.5322916507720947 0.08101851493120193 0.0020833334419876337 0.008333333767950535
2 0.5169270634651184 0.11342592537403107 0.01197916641831398 0.032407406717538834
1 0.5322916507720947 0.06666667014360428 0.004166666883975267 0.007407407276332378
1 0.5135416388511658 0.1518518477678299 0.00937500037252903 0.020370369777083397
2 0.5208333134651184 0.08749999850988388 0.00937500037252903 0.028703704476356506
1 0.5322916507720947 0.0773148164153099 0.004166666883975267 0.008333333767950535
8 0.5325520634651184 0.0634259283542633 0.0015625000232830644 0.006481481250375509
0 0.515625 0.06527777761220932 0.0010416667209938169 0.004629629664123058
0 0.5442708134651184 0.07962962985038757 0.0010416667209938169 0.009259259328246117
0 0.4231770932674408 0.5907407402992249 0.00989583320915699 0.05000000074505806
0 0.5424479246139526 0.18703703582286835 0.0026041667442768812 0.018518518656492233
0 0.07343749701976776 0.07361111044883728 0.0031250000465661287 0.008333333767950535
0 0.5158854126930237 0.05694444477558136 0.0005208333604969084 0.006481481250375509
0 0.4963541626930237 0.16342592239379883 0.0020833334419876337 0.015740741044282913
0 0.5015624761581421 0.1398148089647293 0.0020833334419876337 0.014814814552664757
0 0.5023437738418579 0.14074073731899261 0.0015625000232830644 0.014814814552664757
0 0.5427083373069763 0.07453703880310059 0.0010416667209938169 0.008333333767950535
0 0.0729166641831398 0.06388889253139496 0.0031250000465661287 0.007407407276332378
0 0.0611979179084301 0.06388889253139496 0.0026041667442768812 0.007407407276332378
0 0.5492187738418579 0.1814814805984497 0.0026041667442768812 0.018518518656492233
0 0.49817708134651184 0.11157407611608505 0.0015625000232830644 0.012037036940455437
0 0.5635416507720947 0.36851853132247925 0.0052083334885537624 0.03333333507180214
0 0.5502604246139526 0.20277777314186096 0.0026041667442768812 0.020370369777083397
