6 0.5414062738418579 0.09305555373430252 0.0026041667442768812 0.006481481250375509
6 0.5419270992279053 0.0912037044763565 0.0015625000232830644 0.006481481250375509
6 0.54296875 0.08935185521841049 0.0015625000232830644 0.006481481250375509
6 0.24244791269302368 0.5384259223937988 0.02135416679084301 0.043518517166376114
8 0.5682291388511658 0.08009259402751923 0.0010416667209938169 0.008333333767950535
8 0.5679687261581421 0.0833333358168602 0.0015625000232830644 0.009259259328246117
7 0.5679687261581421 0.08194444328546524 0.0026041667442768812 0.008333333767950535
2 0.5523437261581421 0.11481481790542603 0.013020833022892475 0.03333333507180214
1 0.5682291388511658 0.06759259104728699 0.004166666883975267 0.007407407276332378
1 0.5479166507720947 0.15509259700775146 0.00937500037252903 0.021296296268701553
2 0.5562499761581421 0.08935185521841049 0.010416666977107525 0.028703704476356506
1 0.5679687261581421 0.07916666567325592 0.004687500186264515 0.008333333767950535
8 0.5687500238418579 0.06435184925794601 0.0020833334419876337 0.006481481250375509
0 0.551562488079071 0.06620370596647263 0.0010416667209938169 0.004629629664123058
0 0.4479166567325592 0.6143518686294556 0.00937500037252903 0.05092592537403107
0 0.5765625238418579 0.19166666269302368 0.0031250000465661287 0.018518518656492233
0 0.1236979141831398 0.06990740448236465 0.0026041667442768812 0.008333333767950535
0 0.5520833134651184 0.05787036940455437 0.0010416667209938169 0.006481481250375509
0 0.05546874925494194 0.06018518656492233 0.0026041667442768812 0.007407407276332378
0 0.5302083492279053 0.1657407432794571 0.0020833334419876337 0.01666666753590107
0 0.535937488079071 0.14166666567325592 0.0020833334419876337 0.014814814552664757
0 0.5364583134651184 0.14259259402751923 0.0020833334419876337 0.014814814552664757
0 0.578906238079071 0.0754629597067833 0.0015625000232830644 0.008333333767950535
0 0.12421874701976776 0.06064814701676369 0.0026041667442768812 0.006481481250375509
0 0.11328125 0.06111111119389534 0.0026041667442768812 0.007407407276332378
0 0.5841146111488342 0.18611110746860504 0.0026041667442768812 0.018518518656492233
0 0.5335937738418579 0.11342592537403107 0.0015625000232830644 0.012037036940455437
0 0.5963541865348816 0.3828703761100769 0.0062500000931322575 0.034259259700775146
0 0.5848958492279053 0.2074074000120163 0.0031250000465661287 0.020370369777083397
