6 0.522656261920929 0.09212963283061981 0.0026041667442768812 0.006481481250375509
6 0.5231770873069763 0.0902777761220932 0.0015625000232830644 0.006481481250375509
6 0.524218738079071 0.08888889104127884 0.0015625000232830644 0.0055555556900799274
6 0.22942708432674408 0.5356481671333313 0.02135416679084301 0.043518517166376114
8 0.5489583611488342 0.07962962985038757 0.0010416667209938169 0.009259259328246117
8 0.5489583611488342 0.0824074074625969 0.0010416667209938169 0.009259259328246117
7 0.5489583611488342 0.08148147910833359 0.0020833334419876337 0.009259259328246117
2 0.5333333611488342 0.11388888955116272 0.012500000186264515 0.03333333507180214
1 0.5489583611488342 0.06712962687015533 0.004166666883975267 0.006481481250375509
1 0.5296875238418579 0.15324074029922485 0.00937500037252903 0.021296296268701553
2 0.5372396111488342 0.08842592686414719 0.00989583320915699 0.028703704476356506
1 0.5489583611488342 0.07824073731899261 0.004166666883975267 0.008333333767950535
8 0.5494791865348816 0.0634259283542633 0.0020833334419876337 0.006481481250375509
0 0.5322916507720947 0.06620370596647263 0.0010416667209938169 0.004629629664123058
0 0.5611979365348816 0.08009259402751923 0.0015625000232830644 0.008333333767950535
0 0.4348958432674408 0.602314829826355 0.00937500037252903 0.05092592537403107
0 0.5583333373069763 0.1893518567085266 0.0031250000465661287 0.01944444514811039
0 0.09739582985639572 0.07175926119089127 0.0031250000465661287 0.008333333767950535
0 0.5328124761581421 0.05740740895271301 0.0010416667209938169 0.007407407276332378
0 0.02526041679084301 0.06203703582286835 0.0026041667442768812 0.007407407276332378
0 0.5122395753860474 0.1648148149251938 0.0015625000232830644 0.01666666753590107
0 0.5177083611488342 0.14074073731899261 0.0020833334419876337 0.014814814552664757
0 0.5182291865348816 0.14166666567325592 0.0020833334419876337 0.014814814552664757
0 0.5596354007720947 0.07453703880310059 0.0015625000232830644 0.008333333767950535
0 0.09713541716337204 0.06203703582286835 0.0026041667442768812 0.007407407276332378
0 0.0859375 0.06296296417713165 0.0031250000465661287 0.007407407276332378
0 0.5653645992279053 0.18333333730697632 0.0026041667442768812 0.018518518656492233
0 0.514843761920929 0.11249999701976776 0.0015625000232830644 0.012037036940455437
0 0.5786458253860474 0.375 0.0052083334885537624 0.03333333507180214
0 0.56640625 0.20509259402751923 0.0026041667442768812 0.01944444514811039
