6 0.5653645992279053 0.09398148208856583 0.0026041667442768812 0.006481481250375509
6 0.565625011920929 0.09166666865348816 0.0010416667209938169 0.007407407276332378
6 0.5666666626930237 0.0902777761220932 0.0010416667209938169 0.006481481250375509
6 0.2601562440395355 0.5393518805503845 0.02135416679084301 0.043518517166376114
8 0.5921875238418579 0.08101851493120193 0.0010416667209938169 0.008333333767950535
8 0.5921875238418579 0.08425925672054291 0.0010416667209938169 0.009259259328246117
7 0.5921875238418579 0.08287037163972855 0.0020833334419876337 0.008333333767950535
2 0.5755208134651184 0.11527777463197708 0.01354166679084301 0.034259259700775146
1 0.5927083492279053 0.06805555522441864 0.004166666883975267 0.006481481250375509
1 0.571093738079071 0.15694443881511688 0.00989583320915699 0.021296296268701553
2 0.5802083611488342 0.09074074029922485 0.010416666977107525 0.029629629105329514
1 0.5924479365348816 0.07962962985038757 0.004687500186264515 0.009259259328246117
8 0.592968761920929 0.06435184925794601 0.0015625000232830644 0.006481481250375509
0 0.02239583246409893 0.09398148208856583 0.004166666883975267 0.010185184888541698
0 0.03723958507180214 0.13472221791744232 0.00572916679084301 0.013888888992369175
0 0.5755208134651184 0.06712962687015533 0.0010416667209938169 0.004629629664123058
0 0.46484375 0.6268518567085266 0.008854166604578495 0.051851850003004074
0 0.6000000238418579 0.1944444477558136 0.0031250000465661287 0.018518518656492233
0 0.5760416388511658 0.05833333358168602 0.0010416667209938169 0.007407407276332378
0 0.09140624850988388 0.05787036940455437 0.0026041667442768812 0.006481481250375509
0 0.5531250238418579 0.1675925999879837 0.0020833334419876337 0.01666666753590107
0 0.5591145753860474 0.14351852238178253 0.0026041667442768812 0.014814814552664757
0 0.5598958134651184 0.14444445073604584 0.0020833334419876337 0.014814814552664757
0 0.014322916977107525 0.09398148208856583 0.004687500186264515 0.010185184888541698
0 0.6033853888511658 0.0763888880610466 0.0015625000232830644 0.008333333767950535
0 0.1458333283662796 0.05925925821065903 0.0020833334419876337 0.007407407276332378
0 0.6078125238418579 0.18888889253139496 0.0031250000465661287 0.018518518656492233
0 0.5570312738418579 0.11435185372829437 0.0015625000232830644 0.012037036940455437
0 0.6184895634651184 0.3916666805744171 0.006770833395421505 0.035185184329748154
0 0.6083333492279053 0.21111111342906952 0.0031250000465661287 0.020370369777083397
