1 0.00937500037252903 0.08379629999399185 0.01875000074505806 0.008333333767950535
4 0.06354166567325592 0.3333333432674408 0.09687499701976776 0.1944444477558136
4 0.22265625 0.09444444626569748 0.08697916567325592 0.040740739554166794
4 0.31067708134651184 0.05694444477558136 0.05156249925494194 0.02500000037252903
6 0.26614582538604736 0.35740742087364197 0.012500000186264515 0.029629629105329514
6 0.23749999701976776 0.32592591643333435 0.01145833358168602 0.025925925001502037
6 0.25182291865348816 0.34166666865348816 0.01197916641831398 0.02777777798473835
6 0.22630208730697632 0.3143518567085266 0.010937499813735485 0.02500000037252903
6 0.02890625037252903 0.11249999701976776 0.0036458333488553762 0.006481481250375509
6 0.02473958395421505 0.10740740597248077 0.0036458333488553762 0.007407407276332378
6 0.5213541388511658 0.5824074149131775 0.02083333395421505 0.04444444552063942
6 0.04088541492819786 0.1180555522441864 0.0078125 0.010185184888541698
6 0.04791666567325592 0.11851851642131805 0.0072916666977107525 0.009259259328246117
6 0.02682291716337204 0.1101851835846901 0.0036458333488553762 0.007407407276332378
2 0.01536458358168602 0.15138888359069824 0.03072916716337204 0.049074072390794754
8 0.15598958730697632 0.11481481790542603 0.0078125 0.011111111380159855
1 0.0036458333488553762 0.17870371043682098 0.0072916666977107525 0.020370369777083397
7 0.1822916716337204 0.11064814776182175 0.008333333767950535 0.010185184888541698
1 0.9976562261581421 0.2300925999879837 0.004687500186264515 0.032407406717538834
7 0.02135416679084301 0.23657406866550446 0.012500000186264515 0.02500000037252903
8 0.1692708283662796 0.11157407611608505 0.008333333767950535 0.012037036940455437
2 0.05312500149011612 0.21990740299224854 0.04583333432674408 0.07314814627170563
0 0.34322917461395264 0.0833333358168602 0.0020833334419876337 0.009259259328246117
0 0.42395833134651184 0.05138888955116272 0.0010416667209938169 0.004629629664123058
0 0.0036458333488553762 0.12777778506278992 0.0052083334885537624 0.012962962500751019
0 0.02421874925494194 0.1240740716457367 0.00572916679084301 0.012962962500751019
0 0.0325520820915699 0.2152777761220932 0.0078125 0.021296296268701553
0 0.4156250059604645 0.07500000298023224 0.0010416667209938169 0.0055555556900799274
0 0.7502604126930237 0.9162036776542664 0.02135416679084301 0.06759259104728699
0 0.3359375 0.07824073731899261 0.0020833334419876337 0.008333333767950535
0 0.49010416865348816 0.04537037014961243 0.0010416667209938169 0.0055555556900799274
0 0.9731770753860474 0.23796296119689941 0.008854166604578495 0.02222222276031971
0 0.987500011920929 0.20555555820465088 0.008333333767950535 0.020370369777083397
0 0.9885416626930237 0.20648148655891418 0.008333333767950535 0.020370369777083397
0 0.43411457538604736 0.07083333283662796 0.0015625000232830644 0.008333333767950535
0 0.526562511920929 0.04953703656792641 0.0010416667209938169 0.006481481250375509
0 0.9906250238418579 0.16296295821666718 0.0072916666977107525 0.01666666753590107
0 0.33541667461395264 0.07824073731899261 0.0020833334419876337 0.008333333767950535
1 0.00963541679084301 0.08379629999399185 0.01822916604578495 0.008333333767950535
4 0.06276042014360428 0.33287036418914795 0.09739582985639572 0.1935185194015503
4 0.22265625 0.09444444626569748 0.08697916567325592 0.040740739554166794
4 0.31067708134651184 0.05694444477558136 0.05156249925494194 0.02500000037252903
