4 0.10000000149011612 0.06759259104728699 0.06979166716337204 0.029629629105329514
6 0.7565104365348816 0.10555555671453476 0.0036458333488553762 0.007407407276332378
6 0.7572916746139526 0.10277777910232544 0.0020833334419876337 0.007407407276332378
6 0.09322916716337204 0.39351850748062134 0.01875000074505806 0.029629629105329514
6 0.07213541865348816 0.3810185194015503 0.01822916604578495 0.028703704476356506
6 0.03307291492819786 0.3578703701496124 0.01718750037252903 0.026851851493120193
6 0.758593738079071 0.10138888657093048 0.0026041667442768812 0.006481481250375509
6 0.39661458134651184 0.5333333611488342 0.01927083358168602 0.04259259253740311
8 0.7906249761581421 0.09305555373430252 0.0020833334419876337 0.010185184888541698
8 0.7903645634651184 0.09675925970077515 0.0026041667442768812 0.010185184888541698
7 0.7903645634651184 0.09490741044282913 0.0036458333488553762 0.010185184888541698
2 0.7682291865348816 0.1310185194015503 0.01979166641831398 0.03981481492519379
1 0.792187511920929 0.07824073731899261 0.0062500000931322575 0.008333333767950535
1 0.758593738079071 0.17824074625968933 0.01406249962747097 0.023148147389292717
2 0.7752603888511658 0.10324074327945709 0.01614583283662796 0.034259259700775146
1 0.7908853888511658 0.0912037044763565 0.006770833395421505 0.010185184888541698
8 0.7927083373069763 0.07407407462596893 0.0031250000465661287 0.007407407276332378
0 0.2614583373069763 0.0763888880610466 0.0020833334419876337 0.008333333767950535
0 0.7713541388511658 0.07592592388391495 0.0020833334419876337 0.0055555556900799274
0 0.8065103888511658 0.09490741044282913 0.0026041667442768812 0.010185184888541698
0 0.5953124761581421 0.7106481194496155 0.01145833358168602 0.05462963134050369
0 0.7916666865348816 0.22499999403953552 0.0062500000931322575 0.02222222276031971
0 0.7723958492279053 0.06620370596647263 0.0020833334419876337 0.008333333767950535
0 0.3148437440395355 0.04814814776182175 0.0015625000232830644 0.0055555556900799274
0 0.7361978888511658 0.18796296417713165 0.004687500186264515 0.018518518656492233
0 0.745312511920929 0.16111111640930176 0.004166666883975267 0.01666666753590107
0 0.7458333373069763 0.16203702986240387 0.004166666883975267 0.01666666753590107
0 0.25598958134651184 0.0763888880610466 0.0026041667442768812 0.008333333767950535
0 0.8049479126930237 0.08842592686414719 0.0026041667442768812 0.010185184888541698
0 0.3552083373069763 0.05092592537403107 0.0010416667209938169 0.0055555556900799274
0 0.8026041388511658 0.22083333134651184 0.0062500000931322575 0.021296296268701553
0 0.74609375 0.12824073433876038 0.0036458333488553762 0.013888888992369175
0 0.8013020753860474 0.46990740299224854 0.01197916641831398 0.0416666679084301
0 0.801562488079071 0.24629630148410797 0.0062500000931322575 0.024074073880910873
4 0.10000000149011612 0.06759259104728699 0.06979166716337204 0.029629629105329514
