4 0.03854166716337204 0.34351852536201477 0.07708333432674408 0.19814814627170563
4 0.18463541567325592 0.0972222238779068 0.09218750149011612 0.04259259253740311
4 0.27526041865348816 0.05833333358168602 0.05364583432674408 0.025925925001502037
6 0.9502604007720947 0.1268518567085266 0.00572916679084301 0.009259259328246117
6 0.9513021111488342 0.12453703582286835 0.0036458333488553762 0.008333333767950535
6 0.23723958432674408 0.3611111044883728 0.013020833022892475 0.029629629105329514
6 0.20624999701976776 0.33101850748062134 0.012500000186264515 0.026851851493120193
6 0.22213540971279144 0.3462963104248047 0.013020833022892475 0.02777777798473835
6 0.19453124701976776 0.3194444477558136 0.01197916641831398 0.025925925001502037
6 0.9528645873069763 0.12268518656492233 0.0036458333488553762 0.008333333767950535
6 0.4976562559604645 0.5689814686775208 0.02031249925494194 0.043518517166376114
8 0.9979166388511658 0.11435185372829437 0.004166666883975267 0.012037036940455437
8 0.9973958134651184 0.11851851642131805 0.004166666883975267 0.012962962500751019
8 0.1145833358168602 0.11851851642131805 0.008333333767950535 0.011111111380159855
7 0.9971354007720947 0.11712963134050369 0.00572916679084301 0.012037036940455437
2 0.9666666388511658 0.1615740805864334 0.03125 0.04722222313284874
7 0.14244791865348816 0.11435185372829437 0.008854166604578495 0.010185184888541698
1 0.9979166388511658 0.09583333134651184 0.004166666883975267 0.010185184888541698
1 0.9518229365348816 0.21666666865348816 0.02135416679084301 0.029629629105329514
2 0.9765625 0.12731482088565826 0.02604166604578495 0.0416666679084301
1 0.9966145753860474 0.11249999701976776 0.006770833395421505 0.012037036940455437
8 0.12838540971279144 0.11574073880910873 0.008854166604578495 0.012962962500751019
2 0.01640624925494194 0.2282407432794571 0.03281249850988388 0.07685185223817825
0 0.31041666865348816 0.08425925672054291 0.0020833334419876337 0.009259259328246117
0 0.9708333611488342 0.09259258955717087 0.0031250000465661287 0.0055555556900799274
0 0.38359373807907104 0.07592592388391495 0.0015625000232830644 0.0055555556900799274
0 0.7171875238418579 0.8638888597488403 0.01875000074505806 0.06481481343507767
0 0.3020833432674408 0.07916666567325592 0.0020833334419876337 0.008333333767950535
0 0.9963541626930237 0.27916666865348816 0.0072916666977107525 0.026851851493120193
0 0.9729166626930237 0.08101851493120193 0.0031250000465661287 0.008333333767950535
0 0.4583333432674408 0.04537037014961243 0.0010416667209938169 0.0055555556900799274
0 0.9208333492279053 0.22499999403953552 0.008333333767950535 0.02222222276031971
0 0.9338541626930237 0.19398148357868195 0.0072916666977107525 0.01944444514811039
0 0.9346354007720947 0.19583334028720856 0.006770833395421505 0.01944444514811039
0 0.40234375 0.07175926119089127 0.0015625000232830644 0.008333333767950535
0 0.9364583492279053 0.15416666865348816 0.0062500000931322575 0.015740741044282913
0 0.3018229305744171 0.07962962985038757 0.0026041667442768812 0.009259259328246117
4 0.03802083432674408 0.3430555462837219 0.07604166865348816 0.19722221791744232
4 0.18463541567325592 0.0972222238779068 0.09218750149011612 0.04259259253740311
4 0.27526041865348816 0.05833333358168602 0.05364583432674408 0.025925925001502037
