6 0.5981770753860474 0.09490741044282913 0.0026041667442768812 0.006481481250375509
6 0.5986979007720947 0.09305555373430252 0.0015625000232830644 0.006481481250375509
6 0.5997396111488342 0.0912037044763565 0.0015625000232830644 0.006481481250375509
6 0.2854166626930237 0.5384259223937988 0.02083333395421505 0.043518517166376114
8 0.6260416507720947 0.0824074074625969 0.0010416667209938169 0.009259259328246117
8 0.625781238079071 0.08564814925193787 0.0015625000232830644 0.010185184888541698
7 0.625781238079071 0.08425925672054291 0.0026041667442768812 0.009259259328246117
2 0.6088541746139526 0.11759259551763535 0.014583333395421505 0.035185184329748154
1 0.6265624761581421 0.0694444477558136 0.004166666883975267 0.007407407276332378
1 0.6031249761581421 0.1597222238779068 0.010416666977107525 0.021296296268701553
2 0.6135416626930237 0.09212963283061981 0.01145833358168602 0.03055555559694767
1 0.6260416507720947 0.08101851493120193 0.0052083334885537624 0.008333333767950535
8 0.6270833611488342 0.06574074178934097 0.0020833334419876337 0.007407407276332378
0 0.04244791716337204 0.06759259104728699 0.0026041667442768812 0.0055555556900799274
0 0.07317708432674408 0.08935185521841049 0.0036458333488553762 0.010185184888541698
0 0.0859375 0.12916666269302368 0.0052083334885537624 0.013888888992369175
0 0.6091145873069763 0.06805555522441864 0.0015625000232830644 0.004629629664123058
0 0.6390625238418579 0.0833333358168602 0.0020833334419876337 0.009259259328246117
0 0.4885416626930237 0.6412037014961243 0.008333333767950535 0.05277777835726738
0 0.6325520873069763 0.19861111044883728 0.0036458333488553762 0.01944444514811039
0 0.6098958253860474 0.05925925821065903 0.0010416667209938169 0.007407407276332378
0 0.1380208283662796 0.05509259179234505 0.0020833334419876337 0.006481481250375509
0 0.5848958492279053 0.16990740597248077 0.0031250000465661287 0.017592592164874077
0 0.5914062261581421 0.14537036418914795 0.0026041667442768812 0.014814814552664757
0 0.5919271111488342 0.14629629254341125 0.0026041667442768812 0.014814814552664757
0 0.06588541716337204 0.08981481194496155 0.0036458333488553762 0.009259259328246117
0 0.6377604007720947 0.07777778059244156 0.0015625000232830644 0.009259259328246117
0 0.18854166567325592 0.05694444477558136 0.0020833334419876337 0.006481481250375509
0 0.6408854126930237 0.19305555522441864 0.0036458333488553762 0.01944444514811039
0 0.5901041626930237 0.11574073880910873 0.0020833334419876337 0.012962962500751019
0 0.6494791507720947 0.40324074029922485 0.0072916666977107525 0.03611111268401146
0 0.6408854126930237 0.21574074029922485 0.0036458333488553762 0.020370369777083397
