4 0.03098958358168602 0.07314814627170563 0.06197916716337204 0.03333333507180214
6 0.6986979246139526 0.10092592239379883 0.0036458333488553762 0.007407407276332378
6 0.69921875 0.09861110895872116 0.0015625000232830644 0.006481481250375509
6 0.7005208134651184 0.09675925970077515 0.0020833334419876337 0.006481481250375509
6 0.35885417461395264 0.5324074029922485 0.01979166641831398 0.04259259253740311
8 0.729687511920929 0.08842592686414719 0.0020833334419876337 0.010185184888541698
8 0.729687511920929 0.09212963283061981 0.0020833334419876337 0.010185184888541698
7 0.729687511920929 0.09074074029922485 0.0031250000465661287 0.009259259328246117
2 0.7096354365348816 0.12546296417713165 0.01718750037252903 0.037962961941957474
1 0.7309895753860474 0.07407407462596893 0.00572916679084301 0.007407407276332378
1 0.7015625238418579 0.16990740597248077 0.012500000186264515 0.023148147389292717
2 0.715624988079071 0.09861110895872116 0.014583333395421505 0.032407406717538834
1 0.7299479246139526 0.08703703433275223 0.00572916679084301 0.009259259328246117
8 0.7315104007720947 0.07037036865949631 0.0026041667442768812 0.007407407276332378
0 0.2018229216337204 0.08009259402751923 0.0026041667442768812 0.008333333767950535
0 0.20989583432674408 0.11666666716337204 0.004166666883975267 0.012962962500751019
0 0.711718738079071 0.07222222536802292 0.0015625000232830644 0.0055555556900799274
0 0.7445312738418579 0.08981481194496155 0.0026041667442768812 0.009259259328246117
0 0.5572916865348816 0.6814814805984497 0.010416666977107525 0.05370370298624039
0 0.7328125238418579 0.21388888359069824 0.0052083334885537624 0.020370369777083397
0 0.7127603888511658 0.06296296417713165 0.0015625000232830644 0.007407407276332378
0 0.2580729126930237 0.05000000074505806 0.0015625000232830644 0.0055555556900799274
0 0.6809895634651184 0.18009258806705475 0.0036458333488553762 0.017592592164874077
0 0.6888020634651184 0.15416666865348816 0.0036458333488553762 0.015740741044282913
0 0.6895833611488342 0.15509259700775146 0.0031250000465661287 0.015740741044282913
0 0.19583334028720856 0.08009259402751923 0.0031250000465661287 0.008333333767950535
0 0.742968738079071 0.0833333358168602 0.0026041667442768812 0.009259259328246117
0 0.30078125 0.05231481418013573 0.0015625000232830644 0.006481481250375509
0 0.7421875 0.2083333283662796 0.0052083334885537624 0.020370369777083397
0 0.6890624761581421 0.12222222238779068 0.0031250000465661287 0.012962962500751019
0 0.7447916865348816 0.4416666626930237 0.010416666977107525 0.03888889029622078
0 0.7419270873069763 0.23333333432674408 0.00572916679084301 0.02222222276031971
4 0.03098958358168602 0.07314814627170563 0.06197916716337204 0.03333333507180214
