4 0.05833333358168602 0.10787037014961243 0.11249999701976776 0.049074072390794754
4 0.16328124701976776 0.06388889253139496 0.06302083283662796 0.02777777798473835
6 0.8135416507720947 0.11064814776182175 0.004166666883975267 0.008333333767950535
6 0.8143228888511658 0.10833333432674408 0.0026041667442768812 0.007407407276332378
6 0.14557291567325592 0.3782407343387604 0.01614583283662796 0.028703704476356506
6 0.10729166865348816 0.3513889014720917 0.015625 0.026851851493120193
6 0.12682291865348816 0.364814817905426 0.01614583283662796 0.02777777798473835
6 0.0924479141831398 0.34074074029922485 0.015104166232049465 0.025925925001502037
6 0.8158854246139526 0.10648148506879807 0.0026041667442768812 0.007407407276332378
6 0.43046873807907104 0.5384259223937988 0.01927083358168602 0.0416666679084301
8 0.850781261920929 0.09814814478158951 0.0026041667442768812 0.011111111380159855
8 0.8505208492279053 0.10185185074806213 0.0031250000465661287 0.011111111380159855
7 0.8505208492279053 0.10046296566724777 0.004166666883975267 0.010185184888541698
2 0.8257812261581421 0.13842593133449554 0.02239583246409893 0.0416666679084301
1 0.8526041507720947 0.0824074074625969 0.0072916666977107525 0.009259259328246117
1 0.8148437738418579 0.1875 0.01614583283662796 0.02500000037252903
2 0.8338541388511658 0.10925926268100739 0.01875000074505806 0.035185184329748154
1 0.8510416746139526 0.09675925970077515 0.0072916666977107525 0.010185184888541698
8 0.8533853888511658 0.07870370149612427 0.0036458333488553762 0.007407407276332378
0 0.29348957538604736 0.05416666716337204 0.0015625000232830644 0.004629629664123058
0 0.31197917461395264 0.07453703880310059 0.0020833334419876337 0.008333333767950535
0 0.8296874761581421 0.08009259402751923 0.0020833334419876337 0.004629629664123058
0 0.28593748807907104 0.07916666567325592 0.0020833334419876337 0.006481481250375509
0 0.8684895634651184 0.10092592239379883 0.0036458333488553762 0.011111111380159855
0 0.6309896111488342 0.7453703880310059 0.013020833022892475 0.05740740895271301
0 0.8505208492279053 0.23842592537403107 0.0072916666977107525 0.023148147389292717
0 0.831250011920929 0.06990740448236465 0.0020833334419876337 0.008333333767950535
0 0.3635416626930237 0.04675925895571709 0.0010416667209938169 0.006481481250375509
0 0.7901041507720947 0.19675925374031067 0.0052083334885537624 0.01944444514811039
0 0.8005208373069763 0.16898147761821747 0.0052083334885537624 0.017592592164874077
0 0.8013020753860474 0.17037037014961243 0.004687500186264515 0.01666666753590107
0 0.30677083134651184 0.07453703880310059 0.0020833334419876337 0.008333333767950535
0 0.8666666746139526 0.09398148208856583 0.0031250000465661287 0.010185184888541698
0 0.4020833373069763 0.05000000074505806 0.0010416667209938169 0.0055555556900799274
0 0.862500011920929 0.23379629850387573 0.0072916666977107525 0.023148147389292717
0 0.8020833134651184 0.13472221791744232 0.004166666883975267 0.013888888992369175
0 0.858593761920929 0.5023148059844971 0.015104166232049465 0.043518517166376114
0 0.8611978888511658 0.26157405972480774 0.0078125 0.02500000037252903
4 0.05833333358168602 0.10787037014961243 0.11249999701976776 0.049074072390794754
4 0.16328124701976776 0.06388889253139496 0.06302083283662796 0.02777777798473835
