1 0.0703125 0.07870370149612427 0.01666666753590107 0.007407407276332378
4 0.11119791865348816 0.32175925374031067 0.08489583432674408 0.18981482088565826
4 0.2669270932674408 0.09166666865348816 0.08177082985639572 0.03888889029622078
4 0.3513020873069763 0.0555555559694767 0.0494791679084301 0.024074073880910873
6 0.30130207538604736 0.3532407283782959 0.01197916641831398 0.028703704476356506
6 0.2744791805744171 0.3203703761100769 0.010416666977107525 0.025925925001502037
6 0.2877604067325592 0.33703702688217163 0.010937499813735485 0.02777777798473835
6 0.2643229067325592 0.3087962865829468 0.00989583320915699 0.02500000037252903
6 0.08697916567325592 0.10648148506879807 0.0031250000465661287 0.007407407276332378
6 0.0833333358168602 0.10138888657093048 0.0031250000465661287 0.006481481250375509
6 0.5502604246139526 0.5990740656852722 0.02239583246409893 0.04444444552063942
6 0.09765625 0.1120370402932167 0.006770833395421505 0.009259259328246117
6 0.10390625149011612 0.11296296119689941 0.006770833395421505 0.009259259328246117
6 0.08541666716337204 0.1041666641831398 0.0031250000465661287 0.006481481250375509
2 0.0729166641831398 0.14351852238178253 0.02812499925494194 0.046296294778585434
1 0.0572916679084301 0.16944444179534912 0.015625 0.018518518656492233
7 0.22838541865348816 0.10694444179534912 0.0078125 0.010185184888541698
2 0.03489583358168602 0.08703703433275223 0.02812499925494194 0.029629629105329514
7 0.07604166865348816 0.22638888657093048 0.01145833358168602 0.023148147389292717
8 0.2161458283662796 0.10787037014961243 0.0072916666977107525 0.012037036940455437
2 0.10520832985639572 0.2101851850748062 0.04062499850988388 0.07037036865949631
0 0.3825520873069763 0.08148147910833359 0.0015625000232830644 0.009259259328246117
0 0.4625000059604645 0.05092592537403107 0.0010416667209938169 0.003703703638166189
0 0.06354166567325592 0.12083332985639572 0.004166666883975267 0.012037036940455437
0 0.08203125 0.11759259551763535 0.004687500186264515 0.012962962500751019
0 0.08619792014360428 0.20555555820465088 0.006770833395421505 0.020370369777083397
0 0.02005208283662796 0.11712963134050369 0.004687500186264515 0.012037036940455437
0 0.00989583320915699 0.07361111044883728 0.0031250000465661287 0.008333333767950535
0 0.013020833022892475 0.07777778059244156 0.0031250000465661287 0.009259259328246117
0 0.45364582538604736 0.07500000298023224 0.0010416667209938169 0.0055555556900799274
0 0.7911458611488342 0.9736111164093018 0.02500000037252903 0.05277777835726738
0 0.37552082538604736 0.07685185223817825 0.0020833334419876337 0.009259259328246117
0 0.01640624925494194 0.08842592686414719 0.0036458333488553762 0.010185184888541698
0 0.5283854007720947 0.046296294778585434 0.0005208333604969084 0.0055555556900799274
0 0.01770833320915699 0.09398148208856583 0.004166666883975267 0.010185184888541698
0 0.47187501192092896 0.07083333283662796 0.0010416667209938169 0.008333333767950535
0 0.5651041865348816 0.05000000074505806 0.0010416667209938169 0.0055555556900799274
0 0.375 0.0773148164153099 0.0020833334419876337 0.008333333767950535
1 0.0703125 0.07870370149612427 0.01666666753590107 0.007407407276332378
4 0.1106770858168602 0.3212963044643402 0.08489583432674408 0.18888889253139496
4 0.2669270932674408 0.09166666865348816 0.08177082985639572 0.03888889029622078
4 0.3513020873069763 0.0555555559694767 0.0494791679084301 0.024074073880910873
