1 0.16015625 0.06759259104728699 0.006770833395421505 0.007407407276332378
1 0.5591145753860474 0.06851851940155029 0.0078125 0.007407407276332378
1 0.31302082538604736 0.06527777761220932 0.01145833358168602 0.006481481250375509
4 0.3096354305744171 0.29305556416511536 0.04635416716337204 0.1805555522441864
4 0.4664062559604645 0.08611111342906952 0.0703125 0.03333333507180214
4 0.5473958253860474 0.05462963134050369 0.046875 0.02222222276031971
6 0.46562498807907104 0.35879629850387573 0.008333333767950535 0.03055555559694767
6 0.44479167461395264 0.31805557012557983 0.0072916666977107525 0.026851851493120193
6 0.45520833134651184 0.3384259343147278 0.0072916666977107525 0.028703704476356506
6 0.4372395873069763 0.3037036955356598 0.006770833395421505 0.025925925001502037
6 0.3213541805744171 0.0902777761220932 0.0020833334419876337 0.006481481250375509
6 0.31953126192092896 0.08564814925193787 0.0015625000232830644 0.006481481250375509
6 0.717968761920929 0.7611111402511597 0.03489583358168602 0.05000000074505806
6 0.32864582538604736 0.09583333134651184 0.004166666883975267 0.008333333767950535
6 0.3205729126930237 0.08796296268701553 0.0015625000232830644 0.0055555556900799274
2 0.3057291805744171 0.12175925821065903 0.01666666753590107 0.03981481492519379
8 0.4104166626930237 0.10000000149011612 0.0052083334885537624 0.009259259328246117
1 0.2919270694255829 0.14398148655891418 0.00989583320915699 0.015740741044282913
7 0.4312500059604645 0.09861110895872116 0.0052083334885537624 0.010185184888541698
2 0.28697916865348816 0.07129629701375961 0.01770833320915699 0.024074073880910873
7 0.29765623807907104 0.19907407462596893 0.006770833395421505 0.020370369777083397
8 0.4208333194255829 0.09861110895872116 0.0052083334885537624 0.010185184888541698
2 0.3203125 0.1856481432914734 0.02500000037252903 0.06203703582286835
0 0.5736979246139526 0.0824074074625969 0.0015625000232830644 0.009259259328246117
0 0.660937488079071 0.05416666716337204 0.0010416667209938169 0.004629629664123058
0 0.6736978888511658 0.07685185223817825 0.0015625000232830644 0.009259259328246117
0 0.3033854067325592 0.10092592239379883 0.0026041667442768812 0.011111111380159855
0 0.31640625 0.09907407313585281 0.0026041667442768812 0.011111111380159855
0 0.30520832538604736 0.17916665971279144 0.004166666883975267 0.017592592164874077
0 0.2731770873069763 0.09583333134651184 0.0026041667442768812 0.010185184888541698
0 0.27161458134651184 0.05833333358168602 0.0015625000232830644 0.007407407276332378
0 0.1940104216337204 0.06574074178934097 0.0015625000232830644 0.0055555556900799274
0 0.2736979126930237 0.06203703582286835 0.0015625000232830644 0.007407407276332378
0 0.6494791507720947 0.07916666567325592 0.0020833334419876337 0.006481481250375509
0 0.5684896111488342 0.0773148164153099 0.0015625000232830644 0.008333333767950535
0 0.2744791805744171 0.07083333283662796 0.0020833334419876337 0.008333333767950535
0 0.785937488079071 0.06805555522441864 0.0020833334419876337 0.008333333767950535
0 0.7361978888511658 0.05138888955116272 0.0015625000232830644 0.006481481250375509
0 0.2744791805744171 0.07592592388391495 0.0020833334419876337 0.009259259328246117
0 0.668749988079071 0.0763888880610466 0.0020833334419876337 0.008333333767950535
0 0.6419270634651184 0.07824073731899261 0.0015625000232830644 0.008333333767950535
0 0.7799479365348816 0.05787036940455437 0.0015625000232830644 0.006481481250375509
0 0.5674479007720947 0.0773148164153099 0.0015625000232830644 0.008333333767950535
0 0.5794270634651184 0.08888889104127884 0.0015625000232830644 0.009259259328246117
1 0.16015625 0.06759259104728699 0.006770833395421505 0.007407407276332378
1 0.5591145753860474 0.06851851940155029 0.0078125 0.007407407276332378
1 0.31302082538604736 0.06527777761220932 0.01145833358168602 0.006481481250375509
4 0.30937498807907104 0.29305556416511536 0.04583333432674408 0.1805555522441864
4 0.4664062559604645 0.08611111342906952 0.0703125 0.03333333507180214
4 0.5473958253860474 0.05462963134050369 0.046875 0.02222222276031971
