1 0.23854166269302368 0.0634259283542633 0.0062500000931322575 0.006481481250375509
1 0.6247395873069763 0.07037036865949631 0.0078125 0.007407407276332378
1 0.37968748807907104 0.0634259283542633 0.010416666977107525 0.006481481250375509
4 0.3645833432674408 0.29490742087364197 0.03854166716337204 0.18425926566123962
4 0.5296875238418579 0.08703703433275223 0.07083333283662796 0.03333333507180214
4 0.61328125 0.05648148059844971 0.0494791679084301 0.02222222276031971
6 0.07604166865348816 0.12268518656492233 0.0052083334885537624 0.010185184888541698
6 0.5190104246139526 0.37453705072402954 0.008854166604578495 0.032407406717538834
6 0.49921876192092896 0.3291666805744171 0.006770833395421505 0.028703704476356506
6 0.5091145634651184 0.3513889014720917 0.0078125 0.03055555559694767
6 0.4921875 0.31296294927597046 0.0062500000931322575 0.025925925001502037
6 0.38671875 0.08842592686414719 0.0015625000232830644 0.006481481250375509
6 0.38489583134651184 0.08425925672054291 0.0010416667209938169 0.0055555556900799274
6 0.09140624850988388 0.11481481790542603 0.0078125 0.007407407276332378
6 0.793749988079071 0.8796296119689941 0.04374999925494194 0.05370370298624039
6 0.3929687440395355 0.09398148208856583 0.0036458333488553762 0.008333333767950535
6 0.3973958194255829 0.09490741044282913 0.004166666883975267 0.008333333767950535
6 0.3856770694255829 0.08611111342906952 0.0015625000232830644 0.0055555556900799274
2 0.3697916567325592 0.11944444477558136 0.014583333395421505 0.03888889029622078
8 0.47265625 0.10000000149011612 0.004687500186264515 0.009259259328246117
1 0.3557291626930237 0.14212962985038757 0.008333333767950535 0.015740741044282913
7 0.4934895932674408 0.09907407313585281 0.00572916679084301 0.009259259328246117
2 0.35468751192092896 0.06898148357868195 0.01666666753590107 0.023148147389292717
7 0.35859376192092896 0.19814814627170563 0.00572916679084301 0.020370369777083397
2 0.17760416865348816 0.05833333358168602 0.01770833320915699 0.020370369777083397
8 0.4828124940395355 0.09907407313585281 0.0052083334885537624 0.011111111380159855
2 0.3804687559604645 0.18472221493721008 0.02239583246409893 0.06203703582286835
0 0.6395833492279053 0.08611111342906952 0.0020833334419876337 0.009259259328246117
0 0.7341145873069763 0.05740740895271301 0.0015625000232830644 0.0055555556900799274
0 0.7471354007720947 0.08148147910833359 0.0026041667442768812 0.009259259328246117
0 0.36901041865348816 0.09907407313585281 0.0015625000232830644 0.011111111380159855
0 0.3812499940395355 0.0972222238779068 0.0020833334419876337 0.011111111380159855
0 0.3656249940395355 0.17731481790542603 0.0031250000465661287 0.017592592164874077
0 0.34062498807907104 0.09305555373430252 0.0020833334419876337 0.010185184888541698
0 0.3408854305744171 0.05601852014660835 0.0015625000232830644 0.006481481250375509
0 0.1171875 0.08148147910833359 0.0031250000465661287 0.009259259328246117
0 0.3427083194255829 0.06018518656492233 0.0010416667209938169 0.007407407276332378
0 0.7213541865348816 0.08379629999399185 0.0020833334419876337 0.006481481250375509
0 0.8794270753860474 0.0763888880610466 0.0026041667442768812 0.006481481250375509
0 0.6346353888511658 0.08009259402751923 0.0015625000232830644 0.008333333767950535
0 0.34296876192092896 0.06851851940155029 0.0015625000232830644 0.007407407276332378
0 0.8734375238418579 0.07453703880310059 0.0031250000465661287 0.008333333767950535
0 0.8494791388511658 0.07592592388391495 0.0031250000465661287 0.009259259328246117
0 0.8177083134651184 0.05601852014660835 0.0020833334419876337 0.006481481250375509
0 0.3427083194255829 0.07361111044883728 0.0020833334419876337 0.008333333767950535
0 0.7416666746139526 0.08101851493120193 0.0020833334419876337 0.008333333767950535
0 0.7132812738418579 0.0824074074625969 0.0026041667442768812 0.009259259328246117
0 0.8807291388511658 0.06481481343507767 0.0031250000465661287 0.007407407276332378
0 0.6330729126930237 0.08009259402751923 0.0015625000232830644 0.008333333767950535
0 0.6463541388511658 0.09212963283061981 0.0020833334419876337 0.010185184888541698
0 0.5841146111488342 0.08888889104127884 0.0015625000232830644 0.009259259328246117
1 0.23854166269302368 0.0634259283542633 0.0062500000931322575 0.006481481250375509
1 0.6247395873069763 0.07037036865949631 0.0078125 0.007407407276332378
1 0.37968748807907104 0.0634259283542633 0.010416666977107525 0.006481481250375509
4 0.36406248807907104 0.2944444417953491 0.03854166716337204 0.18333333730697632
4 0.5296875238418579 0.08703703433275223 0.07083333283662796 0.03333333507180214
4 0.61328125 0.05648148059844971 0.0494791679084301 0.02222222276031971
