1 0.08411458134651184 0.07222222536802292 0.0078125 0.007407407276332378
1 0.5041666626930237 0.06759259104728699 0.0072916666977107525 0.007407407276332378
1 0.25182291865348816 0.06759259104728699 0.01197916641831398 0.007407407276332378
4 0.2591145932674408 0.2958333194255829 0.0546875 0.1805555522441864
4 0.41223958134651184 0.08611111342906952 0.07135416567325592 0.035185184329748154
4 0.4921875 0.05462963134050369 0.04583333432674408 0.02222222276031971
6 0.42005208134651184 0.35185185074806213 0.008854166604578495 0.029629629105329514
6 0.3981770873069763 0.31388887763023376 0.0078125 0.025925925001502037
6 0.40937501192092896 0.33287036418914795 0.008333333767950535 0.028703704476356506
6 0.39010417461395264 0.3004629611968994 0.0072916666977107525 0.02500000037252903
6 0.2619791626930237 0.09305555373430252 0.0020833334419876337 0.006481481250375509
6 0.25963541865348816 0.08842592686414719 0.0015625000232830644 0.006481481250375509
6 0.6640625 0.6939814686775208 0.03020833246409893 0.04722222313284874
6 0.26953125 0.09861110895872116 0.004687500186264515 0.008333333767950535
6 0.26093751192092896 0.09074074029922485 0.0020833334419876337 0.0055555556900799274
2 0.24687500298023224 0.12546296417713165 0.01875000074505806 0.0416666679084301
8 0.35546875 0.10138888657093048 0.00572916679084301 0.010185184888541698
1 0.2330729216337204 0.14861111342906952 0.010937499813735485 0.015740741044282913
7 0.37682291865348816 0.09953703731298447 0.00572916679084301 0.010185184888541698
2 0.22421875596046448 0.07361111044883728 0.02031249925494194 0.02500000037252903
7 0.24166665971279144 0.20324073731899261 0.0072916666977107525 0.021296296268701553
2 0.008593750186264515 0.06898148357868195 0.01718750037252903 0.023148147389292717
8 0.36640626192092896 0.10000000149011612 0.00572916679084301 0.011111111380159855
2 0.2653645873069763 0.1893518567085266 0.02864583395421505 0.06388889253139496
0 0.5192708373069763 0.08148147910833359 0.0010416667209938169 0.009259259328246117
0 0.6151041388511658 0.07361111044883728 0.0020833334419876337 0.008333333767950535
0 0.24296875298023224 0.10462962836027145 0.0026041667442768812 0.011111111380159855
0 0.25703126192092896 0.10277777910232544 0.0026041667442768812 0.011111111380159855
0 0.24973958730697632 0.18333333730697632 0.004687500186264515 0.018518518656492233
0 0.21067708730697632 0.10000000149011612 0.0026041667442768812 0.011111111380159855
0 0.20729166269302368 0.06111111119389534 0.0020833334419876337 0.007407407276332378
0 0.12161458283662796 0.0694444477558136 0.0026041667442768812 0.0055555556900799274
0 0.20937499403953552 0.06481481343507767 0.0020833334419876337 0.007407407276332378
0 0.5919271111488342 0.07685185223817825 0.0015625000232830644 0.0055555556900799274
0 0.5135416388511658 0.07592592388391495 0.0010416667209938169 0.009259259328246117
0 0.21067708730697632 0.07453703880310059 0.0026041667442768812 0.008333333767950535
0 0.7192708253860474 0.06388889253139496 0.0020833334419876337 0.007407407276332378
0 0.6731770634651184 0.049074072390794754 0.0015625000232830644 0.0055555556900799274
0 0.21119791269302368 0.07916666567325592 0.0026041667442768812 0.008333333767950535
0 0.610156238079071 0.07361111044883728 0.0015625000232830644 0.008333333767950535
0 0.5846354365348816 0.07592592388391495 0.0015625000232830644 0.009259259328246117
0 0.7135416865348816 0.05462963134050369 0.0020833334419876337 0.007407407276332378
0 0.5127604007720947 0.0763888880610466 0.0015625000232830644 0.008333333767950535
0 0.5244791507720947 0.08703703433275223 0.0010416667209938169 0.009259259328246117
1 0.08411458134651184 0.07222222536802292 0.0078125 0.007407407276332378
1 0.5041666626930237 0.06759259104728699 0.0072916666977107525 0.007407407276332378
1 0.25182291865348816 0.06759259104728699 0.01197916641831398 0.007407407276332378
4 0.25859373807907104 0.2953703701496124 0.0546875 0.1796296238899231
4 0.41223958134651184 0.08611111342906952 0.07135416567325592 0.035185184329748154
4 0.4921875 0.05462963134050369 0.04583333432674408 0.02222222276031971
