1 0.5328124761581421 0.06759259104728699 0.0072916666977107525 0.007407407276332378
1 0.2841145694255829 0.06620370596647263 0.01197916641831398 0.006481481250375509
4 0.2854166626930237 0.29398149251937866 0.05000000074505806 0.1805555522441864
4 0.4403645694255829 0.08564814925193787 0.0703125 0.034259259700775146
4 0.5208333134651184 0.05462963134050369 0.04583333432674408 0.02222222276031971
6 0.4437499940395355 0.3550925850868225 0.008333333767950535 0.03055555559694767
6 0.42239582538604736 0.3162037134170532 0.0072916666977107525 0.026851851493120193
6 0.43307292461395264 0.33564814925193787 0.0078125 0.028703704476356506
6 0.41484373807907104 0.3013888895511627 0.006770833395421505 0.02500000037252903
6 0.2932291626930237 0.0912037044763565 0.0020833334419876337 0.006481481250375509
6 0.29114583134651184 0.08703703433275223 0.0020833334419876337 0.0055555556900799274
6 0.6911458373069763 0.7263888716697693 0.03229166567325592 0.049074072390794754
6 0.30078125 0.09675925970077515 0.004687500186264515 0.008333333767950535
6 0.30520832538604736 0.09768518805503845 0.004166666883975267 0.008333333767950535
6 0.29218751192092896 0.08888889104127884 0.0020833334419876337 0.0055555556900799274
2 0.2776041626930237 0.12314815074205399 0.01770833320915699 0.040740739554166794
8 0.3843750059604645 0.10046296566724777 0.0052083334885537624 0.010185184888541698
1 0.2643229067325592 0.1458333283662796 0.00989583320915699 0.015740741044282913
7 0.40546876192092896 0.09907407313585281 0.00572916679084301 0.009259259328246117
2 0.25729167461395264 0.07222222536802292 0.01875000074505806 0.024074073880910873
7 0.27135416865348816 0.2004629671573639 0.0072916666977107525 0.021296296268701553
8 0.3947916626930237 0.09907407313585281 0.0052083334885537624 0.011111111380159855
2 0.2942708432674408 0.18703703582286835 0.02708333358168602 0.06296296417713165
0 0.5473958253860474 0.08148147910833359 0.0010416667209938169 0.009259259328246117
0 0.6450520753860474 0.0754629597067833 0.0015625000232830644 0.008333333767950535
0 0.2747395932674408 0.10277777910232544 0.0026041667442768812 0.011111111380159855
0 0.28828126192092896 0.10092592239379883 0.0026041667442768812 0.011111111380159855
0 0.27916666865348816 0.18101851642131805 0.004166666883975267 0.017592592164874077
0 0.2434895783662796 0.09768518805503845 0.0026041667442768812 0.010185184888541698
0 0.24140624701976776 0.05972222238779068 0.0015625000232830644 0.006481481250375509
0 0.16015625 0.06759259104728699 0.0015625000232830644 0.0055555556900799274
0 0.2434895783662796 0.06296296417713165 0.0015625000232830644 0.007407407276332378
0 0.6213541626930237 0.07824073731899261 0.0020833334419876337 0.006481481250375509
0 0.5419270992279053 0.0763888880610466 0.0015625000232830644 0.008333333767950535
0 0.24427083134651184 0.07268518209457397 0.0020833334419876337 0.008333333767950535
0 0.753125011920929 0.06620370596647263 0.0020833334419876337 0.008333333767950535
0 0.7054687738418579 0.050462961196899414 0.0015625000232830644 0.006481481250375509
0 0.24453124403953552 0.0773148164153099 0.0026041667442768812 0.008333333767950535
0 0.6401041746139526 0.07500000298023224 0.0020833334419876337 0.009259259328246117
0 0.6138020753860474 0.07685185223817825 0.0015625000232830644 0.009259259328246117
0 0.7471354007720947 0.05601852014660835 0.0015625000232830644 0.006481481250375509
0 0.5408853888511658 0.07685185223817825 0.0015625000232830644 0.009259259328246117
1 0.5328124761581421 0.06759259104728699 0.0072916666977107525 0.007407407276332378
1 0.28437501192092896 0.06620370596647263 0.01145833358168602 0.006481481250375509
4 0.28515625 0.2935185134410858 0.0494791679084301 0.1796296238899231
4 0.4403645694255829 0.08564814925193787 0.0703125 0.034259259700775146
4 0.5208333134651184 0.05462963134050369 0.04583333432674408 0.02222222276031971
