1 0.3044270873069763 0.06157407537102699 0.00572916679084301 0.006481481250375509
1 0.6898437738418579 0.07407407462596893 0.008854166604578495 0.007407407276332378
1 0.4388020932674408 0.06296296417713165 0.00989583320915699 0.007407407276332378
4 0.41015625 0.3055555522441864 0.03697916492819786 0.1944444477558136
4 0.58984375 0.08935185521841049 0.07447917014360428 0.032407406717538834
4 0.6781250238418579 0.05925925821065903 0.05312500149011612 0.02222222276031971
6 0.5713541507720947 0.4018518626689911 0.00937500037252903 0.035185184329748154
6 0.5510416626930237 0.34953704476356506 0.0072916666977107525 0.03055555559694767
6 0.5609375238418579 0.37546294927597046 0.008333333767950535 0.032407406717538834
6 0.5440104007720947 0.33101850748062134 0.006770833395421505 0.028703704476356506
6 0.44453126192092896 0.08842592686414719 0.0015625000232830644 0.006481481250375509
6 0.16692708432674408 0.10879629850387573 0.006770833395421505 0.006481481250375509
6 0.4507812559604645 0.09398148208856583 0.0036458333488553762 0.008333333767950535
6 0.45494791865348816 0.09490741044282913 0.0036458333488553762 0.008333333767950535
6 0.4440104067325592 0.08611111342906952 0.0015625000232830644 0.0055555556900799274
2 0.42656248807907104 0.11944444477558136 0.01354166679084301 0.03888889029622078
8 0.5302083492279053 0.10231481492519379 0.0052083334885537624 0.010185184888541698
1 0.41197916865348816 0.14305555820465088 0.008333333767950535 0.015740741044282913
7 0.551562488079071 0.10138888657093048 0.0062500000931322575 0.010185184888541698
2 0.4143229126930237 0.06805555522441864 0.015104166232049465 0.023148147389292717
7 0.41197916865348816 0.2023148089647293 0.0052083334885537624 0.021296296268701553
2 0.24817708134651184 0.05601852014660835 0.01614583283662796 0.01944444514811039
8 0.5408853888511658 0.10138888657093048 0.004687500186264515 0.010185184888541698
8 0.4661458432674408 0.5 0.14270833134651184 1.0
2 0.43437498807907104 0.18796296417713165 0.02083333395421505 0.06296296417713165
0 0.7049478888511658 0.09074074029922485 0.0026041667442768812 0.009259259328246117
0 0.8096354007720947 0.06157407537102699 0.0015625000232830644 0.004629629664123058
0 0.8239583373069763 0.08796296268701553 0.0031250000465661287 0.009259259328246117
0 0.4273437559604645 0.09861110895872116 0.0015625000232830644 0.010185184888541698
0 0.4388020932674408 0.0972222238779068 0.0015625000232830644 0.011111111380159855
0 0.41848957538604736 0.17916665971279144 0.0026041667442768812 0.017592592164874077
0 0.39921873807907104 0.09259258955717087 0.0015625000232830644 0.009259259328246117
0 0.40156251192092896 0.05509259179234505 0.0010416667209938169 0.006481481250375509
0 0.40312498807907104 0.05925925821065903 0.0010416667209938169 0.007407407276332378
0 0.796093761920929 0.0902777761220932 0.0026041667442768812 0.006481481250375509
0 0.9770833253860474 0.08472222089767456 0.0031250000465661287 0.006481481250375509
0 0.7007812261581421 0.08425925672054291 0.0026041667442768812 0.009259259328246117
0 0.9833333492279053 0.0912037044763565 0.0031250000465661287 0.006481481250375509
0 0.40312498807907104 0.06759259104728699 0.0010416667209938169 0.007407407276332378
0 0.969531238079071 0.0833333358168602 0.0036458333488553762 0.009259259328246117
0 0.94140625 0.08425925672054291 0.0036458333488553762 0.009259259328246117
0 0.9044271111488342 0.06157407537102699 0.0026041667442768812 0.006481481250375509
0 0.40234375 0.07268518209457397 0.0015625000232830644 0.008333333767950535
0 0.8179687261581421 0.08749999850988388 0.0026041667442768812 0.010185184888541698
0 0.7872396111488342 0.08842592686414719 0.0026041667442768812 0.010185184888541698
0 0.9789062738418579 0.07175926119089127 0.0036458333488553762 0.008333333767950535
0 0.698437511920929 0.08425925672054291 0.0020833334419876337 0.009259259328246117
0 0.7135416865348816 0.09768518805503845 0.0031250000465661287 0.010185184888541698
0 0.6471354365348816 0.09305555373430252 0.0026041667442768812 0.010185184888541698
1 0.3044270873069763 0.06157407537102699 0.00572916679084301 0.006481481250375509
1 0.6898437738418579 0.07407407462596893 0.008854166604578495 0.007407407276332378
1 0.4388020932674408 0.06296296417713165 0.00989583320915699 0.007407407276332378
4 0.4098958373069763 0.3046296238899231 0.03750000149011612 0.1944444477558136
4 0.58984375 0.08935185521841049 0.07447917014360428 0.032407406717538834
4 0.6781250238418579 0.05925925821065903 0.05312500149011612 0.02222222276031971
