1 0.3200520873069763 0.06157407537102699 0.00572916679084301 0.006481481250375509
1 0.7119791507720947 0.0763888880610466 0.00937500037252903 0.008333333767950535
1 0.45494791865348816 0.06388889253139496 0.00989583320915699 0.007407407276332378
4 0.4177083373069763 0.32777777314186096 0.03958333283662796 0.21481481194496155
4 0.6088541746139526 0.09259258955717087 0.07708333432674408 0.03333333507180214
4 0.6994791626930237 0.06111111119389534 0.05520833283662796 0.02222222276031971
4 0.9145833253860474 0.11666666716337204 0.09687499701976776 0.04444444552063942
6 0.5921875238418579 0.43981480598449707 0.010416666977107525 0.03888889029622078
6 0.5697916746139526 0.3777777850627899 0.008333333767950535 0.03333333507180214
6 0.5807291865348816 0.40833333134651184 0.00937500037252903 0.035185184329748154
6 0.5622395873069763 0.3560185134410858 0.0078125 0.03055555559694767
6 0.46015626192092896 0.08981481194496155 0.0015625000232830644 0.0055555556900799274
6 0.4585937559604645 0.08518518507480621 0.0015625000232830644 0.0055555556900799274
6 0.1809895783662796 0.10972221940755844 0.006770833395421505 0.006481481250375509
6 0.4664062559604645 0.0962962955236435 0.0036458333488553762 0.009259259328246117
6 0.47057291865348816 0.0972222238779068 0.0036458333488553762 0.009259259328246117
6 0.4593749940395355 0.08796296268701553 0.0010416667209938169 0.0055555556900799274
2 0.44088542461395264 0.12175925821065903 0.013020833022892475 0.03981481492519379
8 0.5473958253860474 0.1050925925374031 0.0052083334885537624 0.010185184888541698
1 0.42578125 0.1476851850748062 0.0078125 0.015740741044282913
7 0.5692708492279053 0.10462962836027145 0.0062500000931322575 0.011111111380159855
2 0.4296875 0.0694444477558136 0.015625 0.024074073880910873
7 0.4244791567325592 0.21296297013759613 0.0052083334885537624 0.02222222276031971
2 0.2643229067325592 0.05601852014660835 0.01614583283662796 0.01944444514811039
8 0.5583333373069763 0.1041666641831398 0.0052083334885537624 0.010185184888541698
2 0.44739583134651184 0.19629628956317902 0.02083333395421505 0.06481481343507767
0 0.4919270873069763 0.10138888657093048 0.0015625000232830644 0.006481481250375509
0 0.727343738079071 0.09398148208856583 0.0026041667442768812 0.010185184888541698
0 0.8364583253860474 0.06435184925794601 0.0020833334419876337 0.004629629664123058
0 0.8518229126930237 0.09212963283061981 0.0036458333488553762 0.010185184888541698
0 0.4424479305744171 0.10092592239379883 0.0015625000232830644 0.011111111380159855
0 0.4541666805744171 0.09907407313585281 0.0010416667209938169 0.011111111380159855
0 0.4296875 0.18611110746860504 0.0031250000465661287 0.018518518656492233
0 0.4138020873069763 0.09490741044282913 0.0015625000232830644 0.010185184888541698
0 0.4166666567325592 0.05601852014660835 0.0010416667209938169 0.006481481250375509
0 0.8830729126930237 0.09074074029922485 0.0036458333488553762 0.009259259328246117
0 0.41874998807907104 0.05972222238779068 0.0010416667209938169 0.006481481250375509
0 0.8236979246139526 0.09398148208856583 0.0026041667442768812 0.006481481250375509
0 0.7236979007720947 0.08749999850988388 0.0026041667442768812 0.010185184888541698
0 0.41874998807907104 0.06851851940155029 0.0010416667209938169 0.007407407276332378
0 0.9765625 0.08842592686414719 0.004166666883975267 0.010185184888541698
0 0.936718761920929 0.06481481343507767 0.0026041667442768812 0.007407407276332378
0 0.41744792461395264 0.07361111044883728 0.0015625000232830644 0.008333333767950535
0 0.8458333611488342 0.0912037044763565 0.0031250000465661287 0.010185184888541698
0 0.8148437738418579 0.09212963283061981 0.0036458333488553762 0.010185184888541698
0 0.7208333611488342 0.08703703433275223 0.0020833334419876337 0.009259259328246117
0 0.8382812738418579 0.06296296417713165 0.0026041667442768812 0.007407407276332378
0 0.668749988079071 0.09583333134651184 0.0020833334419876337 0.010185184888541698
1 0.3200520873069763 0.06157407537102699 0.00572916679084301 0.006481481250375509
1 0.7119791507720947 0.0763888880610466 0.00937500037252903 0.008333333767950535
1 0.45494791865348816 0.06388889253139496 0.00989583320915699 0.007407407276332378
4 0.41718751192092896 0.32685184478759766 0.03958333283662796 0.21481481194496155
4 0.6088541746139526 0.09259258955717087 0.07708333432674408 0.03333333507180214
4 0.6994791626930237 0.06111111119389534 0.05520833283662796 0.02222222276031971
4 0.9145833253860474 0.11666666716337204 0.09687499701976776 0.04444444552063942
