1 0.28984373807907104 0.06157407537102699 0.00572916679084301 0.006481481250375509
1 0.6747395992279053 0.07314814627170563 0.008854166604578495 0.007407407276332378
1 0.42578125 0.06296296417713165 0.00989583320915699 0.007407407276332378
4 0.4000000059604645 0.302314817905426 0.03750000149011612 0.19166666269302368
4 0.5760416388511658 0.08935185521841049 0.07395832985639572 0.032407406717538834
4 0.6630208492279053 0.05833333358168602 0.0520833320915699 0.02222222276031971
6 0.5588541626930237 0.39444443583488464 0.00937500037252903 0.035185184329748154
6 0.5390625 0.3444444537162781 0.0072916666977107525 0.029629629105329514
6 0.5489583611488342 0.3689814805984497 0.008333333767950535 0.032407406717538834
6 0.532031238079071 0.32592591643333435 0.006770833395421505 0.02777777798473835
6 0.43151041865348816 0.08796296268701553 0.0015625000232830644 0.0055555556900799274
6 0.4299479126930237 0.0833333358168602 0.0015625000232830644 0.0055555556900799274
6 0.15052083134651184 0.10972221940755844 0.0072916666977107525 0.006481481250375509
6 0.4377604126930237 0.09398148208856583 0.0036458333488553762 0.008333333767950535
6 0.44192707538604736 0.09490741044282913 0.0036458333488553762 0.008333333767950535
6 0.4307291805744171 0.08611111342906952 0.0010416667209938169 0.0055555556900799274
2 0.41354167461395264 0.11944444477558136 0.01354166679084301 0.03888889029622078
8 0.5169270634651184 0.10185185074806213 0.004687500186264515 0.009259259328246117
1 0.3994791805744171 0.14212962985038757 0.008333333767950535 0.015740741044282913
7 0.5380208492279053 0.10092592239379883 0.0062500000931322575 0.009259259328246117
2 0.4010416567325592 0.06851851940155029 0.015625 0.024074073880910873
7 0.4000000059604645 0.20092593133449554 0.0052083334885537624 0.020370369777083397
2 0.23281249403953552 0.05601852014660835 0.01666666753590107 0.01944444514811039
8 0.5276041626930237 0.10046296566724777 0.0052083334885537624 0.010185184888541698
2 0.4221354126930237 0.18703703582286835 0.02135416679084301 0.06296296417713165
0 0.6895833611488342 0.08935185521841049 0.0020833334419876337 0.010185184888541698
0 0.7916666865348816 0.06064814701676369 0.0020833334419876337 0.004629629664123058
0 0.805468738079071 0.08657407760620117 0.0026041667442768812 0.010185184888541698
0 0.4143229126930237 0.09861110895872116 0.0015625000232830644 0.010185184888541698
0 0.42578125 0.0972222238779068 0.0015625000232830644 0.011111111380159855
0 0.40677082538604736 0.17824074625968933 0.0031250000465661287 0.017592592164874077
0 0.38619792461395264 0.09259258955717087 0.0015625000232830644 0.009259259328246117
0 0.3880208432674408 0.0555555559694767 0.0010416667209938169 0.007407407276332378
0 0.3895833194255829 0.05925925821065903 0.0010416667209938169 0.007407407276332378
0 0.778124988079071 0.08842592686414719 0.0020833334419876337 0.006481481250375509
0 0.953125 0.08287037163972855 0.0031250000465661287 0.006481481250375509
0 0.6854166388511658 0.0833333358168602 0.0020833334419876337 0.009259259328246117
0 0.9593750238418579 0.08888889104127884 0.0031250000465661287 0.007407407276332378
0 0.3895833194255829 0.06805555522441864 0.0010416667209938169 0.008333333767950535
0 0.946093738079071 0.08055555820465088 0.0036458333488553762 0.009259259328246117
0 0.9190104007720947 0.08194444328546524 0.0036458333488553762 0.008333333767950535
0 0.883593738079071 0.06018518656492233 0.0026041667442768812 0.007407407276332378
0 0.3893229067325592 0.07268518209457397 0.0015625000232830644 0.008333333767950535
0 0.7997395992279053 0.08611111342906952 0.0026041667442768812 0.009259259328246117
0 0.76953125 0.08703703433275223 0.0026041667442768812 0.009259259328246117
0 0.9549478888511658 0.06990740448236465 0.0036458333488553762 0.008333333767950535
0 0.6833333373069763 0.0833333358168602 0.0020833334419876337 0.009259259328246117
0 0.6976562738418579 0.0962962955236435 0.0026041667442768812 0.011111111380159855
0 0.6322916746139526 0.09166666865348816 0.0020833334419876337 0.009259259328246117
1 0.28984373807907104 0.06157407537102699 0.00572916679084301 0.006481481250375509
1 0.6747395992279053 0.07314814627170563 0.008854166604578495 0.007407407276332378
1 0.42578125 0.06296296417713165 0.00989583320915699 0.007407407276332378
4 0.3994791805744171 0.3018518388271332 0.03750000149011612 0.19074073433876038
4 0.5760416388511658 0.08935185521841049 0.07395832985639572 0.032407406717538834
4 0.6630208492279053 0.05833333358168602 0.0520833320915699 0.02222222276031971
