1 0.32083332538604736 0.06157407537102699 0.0052083334885537624 0.006481481250375509
1 0.7104166746139526 0.07592592388391495 0.00937500037252903 0.007407407276332378
1 0.45494791865348816 0.06388889253139496 0.00989583320915699 0.007407407276332378
4 0.4205729067325592 0.31805557012557983 0.03802083432674408 0.20648148655891418
4 0.6080729365348816 0.09166666865348816 0.07656250149011612 0.03333333507180214
4 0.6979166865348816 0.06064814701676369 0.05520833283662796 0.023148147389292717
4 0.9098958373069763 0.11527777463197708 0.09479166567325592 0.04537037014961243
6 0.16953125596046448 0.11574073880910873 0.004687500186264515 0.009259259328246117
6 0.589062511920929 0.4245370328426361 0.010416666977107525 0.037962961941957474
6 0.5679687261581421 0.36666667461395264 0.0078125 0.031481482088565826
6 0.5783854126930237 0.3949074149131775 0.008854166604578495 0.034259259700775146
6 0.5604166388511658 0.3462963104248047 0.0072916666977107525 0.029629629105329514
6 0.45885416865348816 0.08425925672054291 0.0010416667209938169 0.0055555556900799274
6 0.18359375 0.10787037014961243 0.006770833395421505 0.006481481250375509
6 0.4664062559604645 0.09583333134651184 0.0036458333488553762 0.008333333767950535
6 0.47057291865348816 0.0962962955236435 0.0036458333488553762 0.009259259328246117
6 0.4596354067325592 0.08703703433275223 0.0015625000232830644 0.0055555556900799274
2 0.44140625 0.12083332985639572 0.013020833022892475 0.03981481492519379
8 0.546875 0.1041666641831398 0.0052083334885537624 0.010185184888541698
1 0.42656248807907104 0.1458333283662796 0.008333333767950535 0.015740741044282913
7 0.5684896111488342 0.10324074327945709 0.006770833395421505 0.010185184888541698
2 0.43020832538604736 0.06898148357868195 0.015625 0.023148147389292717
7 0.4255208373069763 0.2083333283662796 0.0052083334885537624 0.02222222276031971
2 0.265625 0.0555555559694767 0.015625 0.018518518656492233
8 0.557812511920929 0.10324074327945709 0.0052083334885537624 0.010185184888541698
2 0.4481770694255829 0.192592591047287 0.02031249925494194 0.06481481343507767
0 0.725781261920929 0.09305555373430252 0.0026041667442768812 0.010185184888541698
0 0.8343750238418579 0.06388889253139496 0.0020833334419876337 0.0055555556900799274
0 0.8494791388511658 0.0912037044763565 0.0031250000465661287 0.010185184888541698
0 0.4429687559604645 0.10000000149011612 0.0015625000232830644 0.011111111380159855
0 0.4544270932674408 0.09814814478158951 0.0015625000232830644 0.011111111380159855
0 0.43151041865348816 0.18333333730697632 0.0026041667442768812 0.018518518656492233
0 0.41484373807907104 0.09398148208856583 0.0015625000232830644 0.010185184888541698
0 0.41718751192092896 0.05601852014660835 0.0010416667209938169 0.006481481250375509
0 0.4192708432674408 0.05925925821065903 0.0010416667209938169 0.007407407276332378
0 0.8208333253860474 0.09305555373430252 0.0031250000465661287 0.006481481250375509
0 0.7216145992279053 0.08703703433275223 0.0026041667442768812 0.009259259328246117
0 0.4190104305744171 0.06805555522441864 0.0015625000232830644 0.008333333767950535
0 0.9731770753860474 0.08749999850988388 0.0036458333488553762 0.010185184888541698
0 0.9338541626930237 0.06388889253139496 0.0031250000465661287 0.007407407276332378
0 0.41796875 0.07361111044883728 0.0015625000232830644 0.008333333767950535
0 0.8432291746139526 0.0902777761220932 0.0031250000465661287 0.010185184888541698
0 0.8119791746139526 0.0912037044763565 0.0031250000465661287 0.010185184888541698
0 0.7190104126930237 0.08657407760620117 0.0026041667442768812 0.010185184888541698
0 0.8361979126930237 0.06203703582286835 0.0026041667442768812 0.007407407276332378
0 0.6669270992279053 0.09490741044282913 0.0026041667442768812 0.010185184888541698
1 0.32083332538604736 0.06157407537102699 0.0052083334885537624 0.006481481250375509
1 0.7104166746139526 0.07592592388391495 0.00937500037252903 0.007407407276332378
1 0.45494791865348816 0.06388889253139496 0.00989583320915699 0.007407407276332378
4 0.42005208134651184 0.317592591047287 0.03802083432674408 0.20555555820465088
4 0.6080729365348816 0.09166666865348816 0.07656250149011612 0.03333333507180214
4 0.6979166865348816 0.06064814701676369 0.05520833283662796 0.023148147389292717
4 0.9098958373069763 0.11527777463197708 0.09479166567325592 0.04537037014961243
