1 0.3268229067325592 0.06296296417713165 0.00572916679084301 0.007407407276332378
1 0.7283853888511658 0.07916666567325592 0.00989583320915699 0.008333333767950535
1 0.4638020694255829 0.06574074178934097 0.00989583320915699 0.007407407276332378
4 0.4151041805744171 0.36666667461395264 0.04583333432674408 0.2518518567085266
4 0.6226562261581421 0.0962962955236435 0.0807291641831398 0.03333333507180214
4 0.7151041626930237 0.0634259283542633 0.0572916679084301 0.023148147389292717
4 0.946093738079071 0.12361110746860504 0.1067708358168602 0.049074072390794754
6 0.61328125 0.5037037134170532 0.013020833022892475 0.046296294778585434
6 0.586718738079071 0.4245370328426361 0.00989583320915699 0.037962961941957474
6 0.5994791388511658 0.4625000059604645 0.01145833358168602 0.0416666679084301
6 0.577343761920929 0.39722222089767456 0.008854166604578495 0.035185184329748154
6 0.46875 0.09305555373430252 0.0010416667209938169 0.006481481250375509
6 0.4674479067325592 0.08796296268701553 0.0015625000232830644 0.0055555556900799274
6 0.18307290971279144 0.11249999701976776 0.006770833395421505 0.006481481250375509
6 0.47473958134651184 0.09953703731298447 0.0036458333488553762 0.008333333767950535
6 0.4794270694255829 0.10046296566724777 0.0036458333488553762 0.008333333767950535
6 0.46796876192092896 0.0902777761220932 0.0015625000232830644 0.006481481250375509
2 0.4479166567325592 0.1268518567085266 0.01354166679084301 0.04444444552063942
8 0.5588541626930237 0.10879629850387573 0.0052083334885537624 0.010185184888541698
1 0.43177083134651184 0.15555556118488312 0.008333333767950535 0.01666666753590107
7 0.5815104246139526 0.10879629850387573 0.006770833395421505 0.010185184888541698
2 0.43802082538604736 0.07129629701375961 0.015625 0.024074073880910873
7 0.4283854067325592 0.23148147761821747 0.00572916679084301 0.024074073880910873
2 0.2710937559604645 0.05694444477558136 0.01614583283662796 0.01944444514811039
8 0.5700520873069763 0.10833333432674408 0.00572916679084301 0.011111111380159855
2 0.4533854126930237 0.2092592567205429 0.02135416679084301 0.07037036865949631
0 0.5002604126930237 0.1050925925374031 0.0015625000232830644 0.006481481250375509
0 0.7445312738418579 0.09814814478158951 0.0026041667442768812 0.011111111380159855
0 0.8572916388511658 0.06666667014360428 0.0020833334419876337 0.0055555556900799274
0 0.8747395873069763 0.0962962955236435 0.0036458333488553762 0.011111111380159855
0 0.45130208134651184 0.10462962836027145 0.0015625000232830644 0.011111111380159855
0 0.4622395932674408 0.10277777910232544 0.0015625000232830644 0.011111111380159855
0 0.8908854126930237 0.1476851850748062 0.00572916679084301 0.015740741044282913
0 0.4322916567325592 0.19768518209457397 0.0031250000465661287 0.01944444514811039
0 0.42109376192092896 0.09768518805503845 0.0015625000232830644 0.010185184888541698
0 0.4244791567325592 0.05694444477558136 0.0010416667209938169 0.006481481250375509
0 0.9075520634651184 0.09490741044282913 0.0036458333488553762 0.010185184888541698
0 0.4270833432674408 0.06111111119389534 0.0010416667209938169 0.007407407276332378
0 0.8473958373069763 0.09814814478158951 0.0031250000465661287 0.007407407276332378
0 0.7419270873069763 0.0912037044763565 0.0026041667442768812 0.010185184888541698
0 0.42656248807907104 0.07037036865949631 0.0010416667209938169 0.007407407276332378
0 0.942187488079071 0.09398148208856583 0.004166666883975267 0.010185184888541698
0 0.9630208611488342 0.06759259104728699 0.0031250000465661287 0.007407407276332378
0 0.42526042461395264 0.07592592388391495 0.0015625000232830644 0.009259259328246117
0 0.8690103888511658 0.09583333134651184 0.0036458333488553762 0.010185184888541698
0 0.8382812738418579 0.0962962955236435 0.0036458333488553762 0.011111111380159855
0 0.3591145873069763 0.17731481790542603 0.0036458333488553762 0.012037036940455437
0 0.7377604246139526 0.0902777761220932 0.0026041667442768812 0.010185184888541698
0 0.8583333492279053 0.06527777761220932 0.0020833334419876337 0.008333333767950535
0 0.7583333253860474 0.10601852089166641 0.0031250000465661287 0.012037036940455437
0 0.9151041507720947 0.10185185074806213 0.004166666883975267 0.011111111380159855
0 0.6856771111488342 0.09953703731298447 0.0026041667442768812 0.010185184888541698
1 0.3268229067325592 0.06296296417713165 0.00572916679084301 0.007407407276332378
1 0.7283853888511658 0.07916666567325592 0.00989583320915699 0.008333333767950535
1 0.4638020694255829 0.06574074178934097 0.00989583320915699 0.007407407276332378
4 0.4151041805744171 0.36574074625968933 0.04583333432674408 0.2518518567085266
4 0.6226562261581421 0.0962962955236435 0.0807291641831398 0.03333333507180214
4 0.7151041626930237 0.0634259283542633 0.0572916679084301 0.023148147389292717
4 0.946093738079071 0.12361110746860504 0.1067708358168602 0.049074072390794754
