1 0.3348958194255829 0.0625 0.0052083334885537624 0.006481481250375509
1 0.7966145873069763 0.07500000298023224 0.010937499813735485 0.007407407276332378
1 0.73828125 0.08009259402751923 0.00989583320915699 0.008333333767950535
1 0.4713541567325592 0.06574074178934097 0.010416666977107525 0.007407407276332378
4 0.4205729067325592 0.37268519401550293 0.04739583283662796 0.25833332538604736
4 0.6312500238418579 0.0972222238779068 0.08124999701976776 0.03333333507180214
4 0.7244791388511658 0.06388889253139496 0.05833333358168602 0.024074073880910873
4 0.9528645873069763 0.1259259283542633 0.09427083283662796 0.05000000074505806
6 0.621874988079071 0.5152778029441833 0.01354166679084301 0.04722222313284874
6 0.594531238079071 0.43287035822868347 0.00989583320915699 0.037962961941957474
6 0.6078125238418579 0.4731481373310089 0.01145833358168602 0.04259259253740311
6 0.5854166746139526 0.40509259700775146 0.00937500037252903 0.03611111268401146
6 0.4763020873069763 0.09305555373430252 0.0015625000232830644 0.006481481250375509
6 0.4749999940395355 0.08796296268701553 0.0010416667209938169 0.0055555556900799274
6 0.48255208134651184 0.10000000149011612 0.0036458333488553762 0.009259259328246117
6 0.4867187440395355 0.10092592239379883 0.0036458333488553762 0.009259259328246117
6 0.4755208194255829 0.09074074029922485 0.0010416667209938169 0.0055555556900799274
2 0.45520833134651184 0.12731482088565826 0.01354166679084301 0.043518517166376114
8 0.5666666626930237 0.10972221940755844 0.0052083334885537624 0.010185184888541698
1 0.4388020932674408 0.15648147463798523 0.008854166604578495 0.01666666753590107
7 0.5893229246139526 0.10925926268100739 0.006770833395421505 0.011111111380159855
2 0.4455729126930237 0.07129629701375961 0.01614583283662796 0.024074073880910873
7 0.4351562559604645 0.23379629850387573 0.00572916679084301 0.02500000037252903
2 0.27942708134651184 0.05694444477558136 0.01614583283662796 0.01944444514811039
8 0.5778645873069763 0.10925926268100739 0.00572916679084301 0.011111111380159855
2 0.46015626192092896 0.21111111342906952 0.02135416679084301 0.07037036865949631
0 0.5075520873069763 0.10601852089166641 0.0015625000232830644 0.006481481250375509
0 0.9778645634651184 0.09490741044282913 0.004687500186264515 0.010185184888541698
0 0.7544270753860474 0.09907407313585281 0.0026041667442768812 0.011111111380159855
0 0.8695312738418579 0.06759259104728699 0.0026041667442768812 0.0055555556900799274
0 0.8872395753860474 0.09768518805503845 0.0036458333488553762 0.010185184888541698
0 0.4585937559604645 0.10462962836027145 0.0015625000232830644 0.011111111380159855
0 0.4697916805744171 0.10277777910232544 0.0010416667209938169 0.011111111380159855
0 0.9049479365348816 0.15000000596046448 0.00572916679084301 0.014814814552664757
0 0.4385416805744171 0.19861111044883728 0.0031250000465661287 0.01944444514811039
0 0.4283854067325592 0.09814814478158951 0.0015625000232830644 0.011111111380159855
0 0.4322916567325592 0.05740740895271301 0.0010416667209938169 0.007407407276332378
0 0.9208333492279053 0.09675925970077515 0.004166666883975267 0.010185184888541698
0 0.4348958432674408 0.06111111119389534 0.0010416667209938169 0.007407407276332378
0 0.859375 0.10000000149011612 0.0031250000465661287 0.007407407276332378
0 0.7518228888511658 0.09212963283061981 0.0026041667442768812 0.010185184888541698
0 0.43411457538604736 0.07037036865949631 0.0015625000232830644 0.007407407276332378
0 0.956250011920929 0.09583333134651184 0.004166666883975267 0.010185184888541698
0 0.9776041507720947 0.06851851940155029 0.0031250000465661287 0.007407407276332378
0 0.43281251192092896 0.0763888880610466 0.0010416667209938169 0.008333333767950535
0 0.8812500238418579 0.0972222238779068 0.004166666883975267 0.011111111380159855
0 0.8502604365348816 0.09768518805503845 0.0036458333488553762 0.010185184888541698
0 0.3661458194255829 0.17824074625968933 0.0031250000465661287 0.012037036940455437
0 0.7476562261581421 0.09166666865348816 0.0026041667442768812 0.009259259328246117
0 0.8700520992279053 0.06620370596647263 0.0026041667442768812 0.008333333767950535
0 0.768750011920929 0.10740740597248077 0.0031250000465661287 0.011111111380159855
0 0.928906261920929 0.10370370000600815 0.004687500186264515 0.011111111380159855
0 0.6950520873069763 0.10092592239379883 0.0026041667442768812 0.011111111380159855
1 0.796875 0.07500000298023224 0.01145833358168602 0.007407407276332378
1 0.3348958194255829 0.0625 0.0052083334885537624 0.006481481250375509
1 0.73828125 0.08009259402751923 0.00989583320915699 0.008333333767950535
1 0.4713541567325592 0.06574074178934097 0.010416666977107525 0.007407407276332378
4 0.42005208134651184 0.3712962865829468 0.04739583283662796 0.25740739703178406
4 0.6312500238418579 0.0972222238779068 0.08124999701976776 0.03333333507180214
4 0.7244791388511658 0.06388889253139496 0.05833333358168602 0.024074073880910873
4 0.9528645873069763 0.1259259283542633 0.09427083283662796 0.05000000074505806
