1 0.3434895873069763 0.06296296417713165 0.00572916679084301 0.007407407276332378
1 0.8101562261581421 0.07592592388391495 0.01197916641831398 0.007407407276332378
1 0.7505208253860474 0.08194444328546524 0.010416666977107525 0.008333333767950535
1 0.47994792461395264 0.06666667014360428 0.00989583320915699 0.007407407276332378
4 0.42526042461395264 0.3856481611728668 0.05052083358168602 0.27129629254341125
4 0.6419270634651184 0.09861110895872116 0.08281250298023224 0.034259259700775146
4 0.7364583611488342 0.06481481343507767 0.05937499925494194 0.024074073880910873
4 0.9619791507720947 0.12962962687015533 0.07604166865348816 0.051851850003004074
6 0.6346353888511658 0.5407407283782959 0.01406249962747097 0.05000000074505806
6 0.6057291626930237 0.45092591643333435 0.010416666977107525 0.040740739554166794
6 0.6197916865348816 0.49444442987442017 0.012500000186264515 0.04444444552063942
6 0.5958333611488342 0.4203703701496124 0.00937500037252903 0.03703703731298447
6 0.48489582538604736 0.09398148208856583 0.0010416667209938169 0.006481481250375509
6 0.4833333194255829 0.08888889104127884 0.0010416667209938169 0.0055555556900799274
6 0.19973959028720856 0.11249999701976776 0.006770833395421505 0.006481481250375509
6 0.4908854067325592 0.10092592239379883 0.0036458333488553762 0.009259259328246117
6 0.49531251192092896 0.10185185074806213 0.004166666883975267 0.009259259328246117
6 0.4841145873069763 0.09166666865348816 0.0015625000232830644 0.0055555556900799274
2 0.4635416567325592 0.12916666269302368 0.01354166679084301 0.043518517166376114
8 0.5760416388511658 0.11157407611608505 0.0052083334885537624 0.010185184888541698
1 0.4466145932674408 0.1587962955236435 0.008854166604578495 0.017592592164874077
7 0.5992187261581421 0.1111111119389534 0.006770833395421505 0.011111111380159855
2 0.45390623807907104 0.07222222536802292 0.01614583283662796 0.024074073880910873
7 0.44192707538604736 0.23981481790542603 0.00572916679084301 0.025925925001502037
2 0.2880208194255829 0.05694444477558136 0.015625 0.01944444514811039
8 0.5877603888511658 0.11064814776182175 0.00572916679084301 0.012037036940455437
2 0.4677083194255829 0.21574074029922485 0.02187499962747097 0.07222222536802292
0 0.5158854126930237 0.10694444179534912 0.0015625000232830644 0.006481481250375509
0 0.9979166388511658 0.09768518805503845 0.004166666883975267 0.010185184888541698
0 0.7671874761581421 0.10092592239379883 0.0031250000465661287 0.011111111380159855
0 0.8848958611488342 0.0694444477558136 0.0020833334419876337 0.0055555556900799274
0 0.9036458134651184 0.10000000149011612 0.004166666883975267 0.011111111380159855
0 0.46692708134651184 0.10555555671453476 0.0015625000232830644 0.011111111380159855
0 0.4781250059604645 0.10370370000600815 0.0010416667209938169 0.011111111380159855
0 0.9239583611488342 0.15416666865348816 0.0062500000931322575 0.015740741044282913
0 0.4450520873069763 0.2023148089647293 0.0026041667442768812 0.01944444514811039
0 0.43671876192092896 0.09907407313585281 0.0015625000232830644 0.011111111380159855
0 0.44062501192092896 0.05787036940455437 0.0010416667209938169 0.006481481250375509
0 0.938281238079071 0.09907407313585281 0.004687500186264515 0.011111111380159855
0 0.44322916865348816 0.06203703582286835 0.0010416667209938169 0.007407407276332378
0 0.8755208253860474 0.10185185074806213 0.0031250000465661287 0.007407407276332378
0 0.7645833492279053 0.09398148208856583 0.0031250000465661287 0.010185184888541698
0 0.4427083432674408 0.07083333283662796 0.0010416667209938169 0.008333333767950535
0 0.9971354007720947 0.09907407313585281 0.004687500186264515 0.011111111380159855
0 0.9747396111488342 0.09814814478158951 0.004687500186264515 0.011111111380159855
0 0.9963541626930237 0.07037036865949631 0.0031250000465661287 0.007407407276332378
0 0.4411458373069763 0.0763888880610466 0.0010416667209938169 0.008333333767950535
0 0.8973958492279053 0.09953703731298447 0.004166666883975267 0.010185184888541698
0 0.8661458492279053 0.10000000149011612 0.004166666883975267 0.011111111380159855
0 0.37317708134651184 0.1805555522441864 0.0036458333488553762 0.012962962500751019
0 0.7604166865348816 0.09305555373430252 0.0031250000465661287 0.010185184888541698
0 0.8851562738418579 0.06759259104728699 0.0026041667442768812 0.007407407276332378
0 0.7825520634651184 0.10972221940755844 0.0036458333488553762 0.012037036940455437
0 0.9476562738418579 0.10648148506879807 0.004687500186264515 0.011111111380159855
0 0.7072916626930237 0.10231481492519379 0.0031250000465661287 0.010185184888541698
1 0.8104166388511658 0.07592592388391495 0.01145833358168602 0.007407407276332378
1 0.3434895873069763 0.06296296417713165 0.00572916679084301 0.007407407276332378
1 0.7505208253860474 0.08194444328546524 0.010416666977107525 0.008333333767950535
1 0.4802083373069763 0.06666667014360428 0.010416666977107525 0.007407407276332378
4 0.42500001192092896 0.3847222328186035 0.05104166641831398 0.27129629254341125
4 0.6419270634651184 0.09861110895872116 0.08281250298023224 0.034259259700775146
4 0.7364583611488342 0.06481481343507767 0.05937499925494194 0.024074073880910873
4 0.9619791507720947 0.12962962687015533 0.07604166865348816 0.051851850003004074
