1 0.31953126192092896 0.06296296417713165 0.00572916679084301 0.007407407276332378
1 0.7192708253860474 0.07824073731899261 0.00937500037252903 0.008333333767950535
1 0.45625001192092896 0.06574074178934097 0.010416666977107525 0.007407407276332378
4 0.4104166626930237 0.36157408356666565 0.04479166492819786 0.24722221493721008
4 0.6143229007720947 0.09583333134651184 0.07968749850988388 0.034259259700775146
4 0.7059895992279053 0.0625 0.05677083507180214 0.023148147389292717
4 0.9317708611488342 0.12129629403352737 0.10312499850988388 0.04814814776182175
6 0.15911458432674408 0.12083332985639572 0.004687500186264515 0.010185184888541698
6 0.6049479246139526 0.4921296238899231 0.013020833022892475 0.04537037014961243
6 0.578906238079071 0.4166666567325592 0.00989583320915699 0.03703703731298447
6 0.5914062261581421 0.45370370149612427 0.010937499813735485 0.040740739554166794
6 0.5700520873069763 0.39027777314186096 0.008854166604578495 0.034259259700775146
6 0.46145832538604736 0.09259258955717087 0.0010416667209938169 0.0055555556900799274
6 0.46015626192092896 0.08749999850988388 0.0015625000232830644 0.006481481250375509
6 0.17499999701976776 0.11249999701976776 0.0072916666977107525 0.006481481250375509
6 0.4677083194255829 0.09907407313585281 0.004166666883975267 0.009259259328246117
6 0.47213542461395264 0.10000000149011612 0.0036458333488553762 0.009259259328246117
6 0.4609375 0.08981481194496155 0.0010416667209938169 0.0055555556900799274
2 0.4411458373069763 0.12638889253139496 0.01354166679084301 0.043518517166376114
8 0.5510416626930237 0.10879629850387573 0.0052083334885537624 0.010185184888541698
1 0.42500001192092896 0.1546296328306198 0.008333333767950535 0.01666666753590107
7 0.5736979246139526 0.10787037014961243 0.006770833395421505 0.010185184888541698
2 0.4307291805744171 0.07129629701375961 0.015625 0.024074073880910873
7 0.4221354126930237 0.22870370745658875 0.00572916679084301 0.024074073880910873
2 0.2630208432674408 0.05694444477558136 0.01666666753590107 0.01944444514811039
8 0.5622395873069763 0.10740740597248077 0.00572916679084301 0.011111111380159855
2 0.4468750059604645 0.20787036418914795 0.02187499962747097 0.0694444477558136
0 0.49296873807907104 0.10462962836027145 0.0015625000232830644 0.007407407276332378
0 0.7348958253860474 0.09675925970077515 0.0031250000465661287 0.010185184888541698
0 0.8458333611488342 0.06574074178934097 0.0020833334419876337 0.0055555556900799274
0 0.8630208373069763 0.09490741044282913 0.0031250000465661287 0.010185184888541698
0 0.4440104067325592 0.10370370000600815 0.0015625000232830644 0.011111111380159855
0 0.45520833134651184 0.10185185074806213 0.0010416667209938169 0.011111111380159855
0 0.8778645992279053 0.14537036418914795 0.00572916679084301 0.014814814552664757
0 0.4260416626930237 0.19583334028720856 0.0031250000465661287 0.01944444514811039
0 0.4143229126930237 0.09768518805503845 0.0015625000232830644 0.010185184888541698
0 0.41718751192092896 0.05694444477558136 0.0010416667209938169 0.006481481250375509
0 0.8950520753860474 0.09398148208856583 0.0036458333488553762 0.010185184888541698
0 0.41979166865348816 0.06111111119389534 0.0010416667209938169 0.007407407276332378
0 0.8356770873069763 0.0972222238779068 0.0026041667442768812 0.007407407276332378
0 0.7320312261581421 0.0902777761220932 0.0026041667442768812 0.010185184888541698
0 0.4192708432674408 0.07037036865949631 0.0010416667209938169 0.007407407276332378
0 0.94921875 0.06620370596647263 0.0026041667442768812 0.008333333767950535
0 0.41796875 0.0754629597067833 0.0015625000232830644 0.008333333767950535
0 0.8570312261581421 0.09444444626569748 0.0036458333488553762 0.011111111380159855
0 0.8268229365348816 0.09490741044282913 0.0036458333488553762 0.010185184888541698
0 0.7283853888511658 0.08981481194496155 0.0026041667442768812 0.009259259328246117
0 0.8471354246139526 0.06481481343507767 0.0026041667442768812 0.007407407276332378
0 0.7484375238418579 0.10462962836027145 0.0031250000465661287 0.011111111380159855
0 0.9020833373069763 0.10092592239379883 0.004166666883975267 0.011111111380159855
0 0.6768229007720947 0.09861110895872116 0.0026041667442768812 0.010185184888541698
1 0.31953126192092896 0.06296296417713165 0.00572916679084301 0.007407407276332378
1 0.7192708253860474 0.07824073731899261 0.00937500037252903 0.008333333767950535
1 0.45651042461395264 0.06574074178934097 0.00989583320915699 0.007407407276332378
4 0.4098958373069763 0.3601851761341095 0.04479166492819786 0.24629630148410797
4 0.6143229007720947 0.09583333134651184 0.07968749850988388 0.034259259700775146
4 0.7059895992279053 0.0625 0.05677083507180214 0.023148147389292717
4 0.9317708611488342 0.12129629403352737 0.10312499850988388 0.04814814776182175
