1 0.31588542461395264 0.06296296417713165 0.00572916679084301 0.007407407276332378
1 0.770312488079071 0.07222222536802292 0.010416666977107525 0.007407407276332378
1 0.714062511920929 0.07824073731899261 0.00937500037252903 0.008333333767950535
1 0.45260417461395264 0.06527777761220932 0.010416666977107525 0.006481481250375509
4 0.4088541567325592 0.35555556416511536 0.04374999925494194 0.24259258806705475
4 0.6098958253860474 0.09490741044282913 0.07916666567325592 0.034259259700775146
4 0.7010416388511658 0.0625 0.05624999850988388 0.023148147389292717
4 0.9236978888511658 0.11990740895271301 0.1015625 0.04722222313284874
6 0.5997396111488342 0.48240742087364197 0.01197916641831398 0.04444444552063942
6 0.5744791626930237 0.40925925970077515 0.00937500037252903 0.035185184329748154
6 0.5869791507720947 0.44490739703178406 0.010416666977107525 0.03981481492519379
6 0.565625011920929 0.38425925374031067 0.008333333767950535 0.03333333507180214
6 0.45781248807907104 0.09212963283061981 0.0010416667209938169 0.006481481250375509
6 0.45651042461395264 0.08703703433275223 0.0015625000232830644 0.0055555556900799274
6 0.17135415971279144 0.11249999701976776 0.0072916666977107525 0.006481481250375509
6 0.46406251192092896 0.09861110895872116 0.004166666883975267 0.008333333767950535
6 0.4684895873069763 0.09953703731298447 0.0036458333488553762 0.008333333767950535
6 0.4572916626930237 0.08981481194496155 0.0010416667209938169 0.0055555556900799274
2 0.4377604126930237 0.12546296417713165 0.01406249962747097 0.043518517166376114
8 0.546875 0.10787037014961243 0.0052083334885537624 0.010185184888541698
1 0.421875 0.1537037044763565 0.008333333767950535 0.01666666753590107
7 0.569531261920929 0.10740740597248077 0.006770833395421505 0.011111111380159855
2 0.4270833432674408 0.07129629701375961 0.015625 0.024074073880910873
7 0.4195312559604645 0.22638888657093048 0.00572916679084301 0.023148147389292717
2 0.2591145932674408 0.05694444477558136 0.01614583283662796 0.01944444514811039
8 0.5583333373069763 0.10648148506879807 0.0052083334885537624 0.011111111380159855
2 0.4437499940395355 0.20555555820465088 0.02187499962747097 0.06851851940155029
0 0.4895833432674408 0.1041666641831398 0.0020833334419876337 0.006481481250375509
0 0.7299479246139526 0.09583333134651184 0.0026041667442768812 0.010185184888541698
0 0.8395833373069763 0.06527777761220932 0.0020833334419876337 0.004629629664123058
0 0.8565104007720947 0.09398148208856583 0.0036458333488553762 0.010185184888541698
0 0.4403645694255829 0.10370370000600815 0.0015625000232830644 0.011111111380159855
0 0.4518229067325592 0.10185185074806213 0.0015625000232830644 0.011111111380159855
0 0.870312511920929 0.14351852238178253 0.0052083334885537624 0.014814814552664757
0 0.4234375059604645 0.1944444477558136 0.0031250000465661287 0.018518518656492233
0 0.41067707538604736 0.09675925970077515 0.0015625000232830644 0.010185184888541698
0 0.41354167461395264 0.05694444477558136 0.0010416667209938169 0.006481481250375509
0 0.8882812261581421 0.09305555373430252 0.0036458333488553762 0.010185184888541698
0 0.41614583134651184 0.06111111119389534 0.0010416667209938169 0.007407407276332378
0 0.8291666507720947 0.0962962955236435 0.0031250000465661287 0.007407407276332378
0 0.7268229126930237 0.08935185521841049 0.0026041667442768812 0.010185184888541698
0 0.4156250059604645 0.06990740448236465 0.0010416667209938169 0.008333333767950535
0 0.9416666626930237 0.06574074178934097 0.0031250000465661287 0.007407407276332378
0 0.41458332538604736 0.0754629597067833 0.0010416667209938169 0.008333333767950535
0 0.8505208492279053 0.09305555373430252 0.0031250000465661287 0.010185184888541698
0 0.8203125 0.09398148208856583 0.0031250000465661287 0.010185184888541698
0 0.7231770753860474 0.08888889104127884 0.0026041667442768812 0.009259259328246117
0 0.8408854007720947 0.06388889253139496 0.0026041667442768812 0.007407407276332378
0 0.7427083253860474 0.10370370000600815 0.0031250000465661287 0.011111111380159855
0 0.8942708373069763 0.09953703731298447 0.004166666883975267 0.010185184888541698
0 0.671875 0.09814814478158951 0.0020833334419876337 0.011111111380159855
1 0.770312488079071 0.07222222536802292 0.010416666977107525 0.007407407276332378
1 0.31588542461395264 0.06296296417713165 0.00572916679084301 0.007407407276332378
1 0.714062511920929 0.07824073731899261 0.00937500037252903 0.008333333767950535
1 0.45260417461395264 0.06527777761220932 0.010416666977107525 0.006481481250375509
4 0.40833333134651184 0.35462963581085205 0.04374999925494194 0.24074074625968933
4 0.6098958253860474 0.09490741044282913 0.07916666567325592 0.034259259700775146
4 0.7010416388511658 0.0625 0.05624999850988388 0.023148147389292717
4 0.9236978888511658 0.11990740895271301 0.1015625 0.04722222313284874
