1 0.36276042461395264 0.06435184925794601 0.00572916679084301 0.006481481250375509
1 0.8520833253860474 0.08194444328546524 0.012500000186264515 0.008333333767950535
1 0.7880208492279053 0.08703703433275223 0.01145833358168602 0.009259259328246117
1 0.5018228888511658 0.06898148357868195 0.010937499813735485 0.008333333767950535
4 0.4286458194255829 0.4731481373310089 0.07083333283662796 0.364814817905426
4 0.6736978888511658 0.10601852089166641 0.09010417014360428 0.03611111268401146
4 0.7723958492279053 0.06898148357868195 0.06458333134651184 0.02500000037252903
4 0.9924479126930237 0.14444445073604584 0.015104166232049465 0.06111111119389534
6 0.6934896111488342 0.7050926089286804 0.02239583246409893 0.0694444477558136
6 0.6505208611488342 0.5601851940155029 0.014583333395421505 0.051851850003004074
6 0.6705729365348816 0.6287037134170532 0.01822916604578495 0.06111111119389534
6 0.63671875 0.5143518447875977 0.013020833022892475 0.04722222313284874
6 0.5065104365348816 0.09861110895872116 0.0015625000232830644 0.006481481250375509
6 0.5052083134651184 0.09305555373430252 0.0010416667209938169 0.006481481250375509
6 0.5130208134651184 0.10648148506879807 0.004166666883975267 0.009259259328246117
6 0.5174478888511658 0.10740740597248077 0.0036458333488553762 0.009259259328246117
6 0.5057291388511658 0.09583333134651184 0.0010416667209938169 0.006481481250375509
2 0.4830729067325592 0.1388888955116272 0.01406249962747097 0.04444444552063942
8 0.6028645634651184 0.11851851642131805 0.00572916679084301 0.011111111380159855
1 0.4645833373069763 0.17407406866550446 0.00937500037252903 0.018518518656492233
1 0.4489583373069763 0.35046297311782837 0.02083333395421505 0.05648148059844971
7 0.6273437738418579 0.11851851642131805 0.0078125 0.011111111380159855
2 0.4749999940395355 0.07500000298023224 0.01666666753590107 0.025925925001502037
7 0.45651042461395264 0.27453702688217163 0.006770833395421505 0.028703704476356506
2 0.3072916567325592 0.05787036940455437 0.015625 0.01944444514811039
8 0.6151041388511658 0.1180555522441864 0.0062500000931322575 0.012037036940455437
2 0.4856770932674408 0.24027778208255768 0.0234375 0.08055555820465088
0 0.5369791388511658 0.11296296119689941 0.0020833334419876337 0.007407407276332378
0 0.8065103888511658 0.10925926268100739 0.0036458333488553762 0.011111111380159855
0 0.9330729246139526 0.07407407462596893 0.0026041667442768812 0.0055555556900799274
0 0.956250011920929 0.10879629850387573 0.004166666883975267 0.012037036940455437
0 0.48880207538604736 0.11157407611608505 0.0015625000232830644 0.012037036940455437
0 0.49947917461395264 0.10925926268100739 0.0010416667209938169 0.011111111380159855
0 0.45781248807907104 0.22175925970077515 0.0031250000465661287 0.021296296268701553
0 0.45625001192092896 0.10370370000600815 0.0010416667209938169 0.011111111380159855
0 0.4611979126930237 0.05925925821065903 0.0015625000232830644 0.007407407276332378
0 0.995312511920929 0.10833333432674408 0.0052083334885537624 0.011111111380159855
0 0.46406251192092896 0.06388889253139496 0.0010416667209938169 0.007407407276332378
0 0.928906261920929 0.11064814776182175 0.0036458333488553762 0.008333333767950535
0 0.8052083253860474 0.10138888657093048 0.0031250000465661287 0.010185184888541698
0 0.46302083134651184 0.07361111044883728 0.0010416667209938169 0.008333333767950535
0 0.46145832538604736 0.07962962985038757 0.0010416667209938169 0.009259259328246117
0 0.9502604007720947 0.10833333432674408 0.004687500186264515 0.011111111380159855
0 0.918749988079071 0.10833333432674408 0.004166666883975267 0.011111111380159855
0 0.38749998807907104 0.19490741193294525 0.0031250000465661287 0.013888888992369175
0 0.7992187738418579 0.10000000149011612 0.0036458333488553762 0.011111111380159855
0 0.9317708611488342 0.07268518209457397 0.0031250000465661287 0.008333333767950535
0 0.828125 0.11898148059844971 0.004166666883975267 0.012037036940455437
0 0.745312511920929 0.10972221940755844 0.0031250000465661287 0.012037036940455437
1 0.852343738079071 0.08194444328546524 0.013020833022892475 0.008333333767950535
1 0.36276042461395264 0.06435184925794601 0.00572916679084301 0.006481481250375509
1 0.7880208492279053 0.08703703433275223 0.01145833358168602 0.009259259328246117
1 0.5020833611488342 0.06898148357868195 0.010416666977107525 0.008333333767950535
4 0.4281249940395355 0.47175925970077515 0.07083333283662796 0.3638888895511627
4 0.6736978888511658 0.10601852089166641 0.09010417014360428 0.03611111268401146
4 0.7723958492279053 0.06898148357868195 0.06458333134651184 0.02500000037252903
4 0.9924479126930237 0.14444445073604584 0.015104166232049465 0.06111111119389534
