1 0.3596354126930237 0.06435184925794601 0.00572916679084301 0.006481481250375509
1 0.8463541865348816 0.08101851493120193 0.012500000186264515 0.008333333767950535
1 0.7830728888511658 0.08657407760620117 0.010937499813735485 0.008333333767950535
1 0.4986979067325592 0.06851851940155029 0.010937499813735485 0.007407407276332378
4 0.42786458134651184 0.46296295523643494 0.06822916865348816 0.35370370745658875
4 0.6692708134651184 0.1050925925374031 0.08958332985639572 0.03611111268401146
4 0.7674478888511658 0.06851851940155029 0.06406249850988388 0.024074073880910873
4 0.98828125 0.14259259402751923 0.0234375 0.05925925821065903
6 0.6854166388511658 0.6837962865829468 0.02083333395421505 0.06759259104728699
6 0.64453125 0.5467592477798462 0.01406249962747097 0.05092592537403107
6 0.6638020873069763 0.6115740537643433 0.01718750037252903 0.05833333358168602
6 0.6312500238418579 0.5032407641410828 0.012500000186264515 0.04537037014961243
6 0.5033854246139526 0.09861110895872116 0.0015625000232830644 0.006481481250375509
6 0.5020833611488342 0.09259258955717087 0.0010416667209938169 0.0055555556900799274
6 0.5096353888511658 0.10555555671453476 0.0036458333488553762 0.009259259328246117
6 0.5140625238418579 0.10648148506879807 0.004166666883975267 0.009259259328246117
6 0.5026041865348816 0.09583333134651184 0.0010416667209938169 0.006481481250375509
2 0.4802083373069763 0.1379629671573639 0.01354166679084301 0.04444444552063942
8 0.5992187261581421 0.1180555522441864 0.00572916679084301 0.010185184888541698
1 0.4619791805744171 0.17222222685813904 0.00937500037252903 0.018518518656492233
1 0.4468750059604645 0.3453703820705414 0.02083333395421505 0.0555555559694767
7 0.6236979365348816 0.1180555522441864 0.0078125 0.012037036940455437
2 0.47187501192092896 0.07453703880310059 0.01666666753590107 0.02500000037252903
7 0.45390623807907104 0.2708333432674408 0.006770833395421505 0.028703704476356506
2 0.30416667461395264 0.05787036940455437 0.015625 0.01944444514811039
8 0.6114583611488342 0.11712963134050369 0.0062500000931322575 0.012037036940455437
2 0.4828124940395355 0.23749999701976776 0.02291666716337204 0.08055555820465088
0 0.5338541865348816 0.11249999701976776 0.0020833334419876337 0.006481481250375509
0 0.8010416626930237 0.10833333432674408 0.0031250000465661287 0.011111111380159855
0 0.9263020753860474 0.07361111044883728 0.0026041667442768812 0.006481481250375509
0 0.94921875 0.10787037014961243 0.004687500186264515 0.012037036940455437
0 0.4856770932674408 0.1111111119389534 0.0015625000232830644 0.011111111380159855
0 0.4963541626930237 0.10879629850387573 0.0010416667209938169 0.012037036940455437
0 0.4557291567325592 0.21990740299224854 0.0031250000465661287 0.021296296268701553
0 0.4533854126930237 0.10370370000600815 0.0015625000232830644 0.011111111380159855
0 0.4580729305744171 0.05925925821065903 0.0015625000232830644 0.007407407276332378
0 0.987500011920929 0.10740740597248077 0.0052083334885537624 0.011111111380159855
0 0.4609375 0.06388889253139496 0.0010416667209938169 0.007407407276332378
0 0.9216145873069763 0.10972221940755844 0.0036458333488553762 0.008333333767950535
0 0.7997395992279053 0.10046296566724777 0.0036458333488553762 0.010185184888541698
0 0.4598958194255829 0.07361111044883728 0.0010416667209938169 0.008333333767950535
0 0.4583333432674408 0.07962962985038757 0.0010416667209938169 0.009259259328246117
0 0.9429687261581421 0.10740740597248077 0.004687500186264515 0.011111111380159855
0 0.9117187261581421 0.10740740597248077 0.004687500186264515 0.011111111380159855
0 0.3851562440395355 0.1935185194015503 0.0036458333488553762 0.012962962500751019
0 0.793749988079071 0.09907407313585281 0.0031250000465661287 0.011111111380159855
0 0.9255208373069763 0.07175926119089127 0.0031250000465661287 0.008333333767950535
0 0.8218749761581421 0.11759259551763535 0.004166666883975267 0.012962962500751019
0 0.7401041388511658 0.10925926268100739 0.0031250000465661287 0.011111111380159855
1 0.8463541865348816 0.08101851493120193 0.012500000186264515 0.008333333767950535
1 0.3596354126930237 0.06435184925794601 0.00572916679084301 0.006481481250375509
1 0.7830728888511658 0.08657407760620117 0.010937499813735485 0.008333333767950535
1 0.4986979067325592 0.06851851940155029 0.010937499813735485 0.007407407276332378
4 0.4273437559604645 0.4611110985279083 0.06822916865348816 0.35185185074806213
4 0.6692708134651184 0.1050925925374031 0.08958332985639572 0.03611111268401146
4 0.7674478888511658 0.06851851940155029 0.06406249850988388 0.024074073880910873
4 0.98828125 0.14259259402751923 0.0234375 0.05925925821065903
