1 0.36640626192092896 0.06481481343507767 0.00572916679084301 0.007407407276332378
1 0.8591145873069763 0.08287037163972855 0.013020833022892475 0.008333333767950535
1 0.7942708134651184 0.08796296268701553 0.01145833358168602 0.009259259328246117
1 0.5059896111488342 0.0694444477558136 0.010937499813735485 0.007407407276332378
4 0.4299479126930237 0.48379629850387573 0.07343749701976776 0.3768518567085266
4 0.678906261920929 0.10694444179534912 0.0911458358168602 0.03611111268401146
4 0.7783854007720947 0.06990740448236465 0.0651041641831398 0.02500000037252903
4 0.9973958134651184 0.1467592567205429 0.0052083334885537624 0.06203703582286835
6 0.702343761920929 0.727314829826355 0.0234375 0.07314814627170563
6 0.6572916507720947 0.5745370388031006 0.015625 0.05462963134050369
6 0.6783854365348816 0.6462963223457336 0.01927083358168602 0.06296296417713165
6 0.6432291865348816 0.5268518328666687 0.01354166679084301 0.04814814776182175
6 0.5091145634651184 0.09351851791143417 0.0015625000232830644 0.0055555556900799274
6 0.5169270634651184 0.10648148506879807 0.0036458333488553762 0.009259259328246117
6 0.5213541388511658 0.10833333432674408 0.004166666883975267 0.009259259328246117
6 0.5098958611488342 0.09675925970077515 0.0010416667209938169 0.006481481250375509
2 0.4869791567325592 0.1398148089647293 0.01354166679084301 0.04444444552063942
8 0.6072916388511658 0.11944444477558136 0.0062500000931322575 0.011111111380159855
1 0.46822917461395264 0.17546296119689941 0.00937500037252903 0.01944444514811039
1 0.4518229067325592 0.3560185134410858 0.02135416679084301 0.05833333358168602
7 0.6325520873069763 0.11990740895271301 0.0078125 0.012037036940455437
2 0.4789062440395355 0.0754629597067833 0.01614583283662796 0.02500000037252903
7 0.4593749940395355 0.2777777910232544 0.0072916666977107525 0.029629629105329514
2 0.3109374940395355 0.05787036940455437 0.015625 0.01944444514811039
8 0.6197916865348816 0.11898148059844971 0.0062500000931322575 0.012037036940455437
2 0.48906248807907104 0.24259258806705475 0.02395833283662796 0.08148147910833359
0 0.5411458611488342 0.11388888955116272 0.0020833334419876337 0.007407407276332378
0 0.8127604126930237 0.1101851835846901 0.0036458333488553762 0.011111111380159855
0 0.96484375 0.1101851835846901 0.004687500186264515 0.011111111380159855
0 0.49270832538604736 0.11249999701976776 0.0010416667209938169 0.012037036940455437
0 0.5033854246139526 0.10972221940755844 0.0015625000232830644 0.012037036940455437
0 0.46041667461395264 0.22361111640930176 0.0031250000465661287 0.021296296268701553
0 0.46015626192092896 0.10462962836027145 0.0015625000232830644 0.011111111380159855
0 0.4651041626930237 0.05972222238779068 0.0010416667209938169 0.006481481250375509
0 0.46822917461395264 0.06388889253139496 0.0010416667209938169 0.007407407276332378
0 0.9372395873069763 0.1120370402932167 0.0036458333488553762 0.007407407276332378
0 0.8119791746139526 0.10231481492519379 0.0031250000465661287 0.010185184888541698
0 0.46692708134651184 0.07361111044883728 0.0015625000232830644 0.008333333767950535
0 0.46536457538604736 0.08009259402751923 0.0015625000232830644 0.008333333767950535
0 0.9585937261581421 0.10972221940755844 0.004687500186264515 0.012037036940455437
0 0.9273437261581421 0.10972221940755844 0.004687500186264515 0.012037036940455437
0 0.390625 0.19629628956317902 0.0031250000465661287 0.012962962500751019
0 0.805468738079071 0.10092592239379883 0.0036458333488553762 0.011111111380159855
0 0.8354166746139526 0.11990740895271301 0.004166666883975267 0.012037036940455437
0 0.7515624761581421 0.11064814776182175 0.0031250000465661287 0.012037036940455437
1 0.8591145873069763 0.08287037163972855 0.013020833022892475 0.008333333767950535
1 0.36640626192092896 0.06481481343507767 0.00572916679084301 0.007407407276332378
1 0.7942708134651184 0.08796296268701553 0.01145833358168602 0.009259259328246117
1 0.5059896111488342 0.0694444477558136 0.010937499813735485 0.007407407276332378
4 0.4299479126930237 0.48240742087364197 0.07343749701976776 0.3759259283542633
4 0.678906261920929 0.10694444179534912 0.0911458358168602 0.03611111268401146
4 0.7783854007720947 0.06990740448236465 0.0651041641831398 0.02500000037252903
4 0.9973958134651184 0.1467592567205429 0.0052083334885537624 0.06203703582286835
