1 0.35494792461395264 0.06296296417713165 0.00572916679084301 0.007407407276332378
1 0.8291666507720947 0.07824073731899261 0.012500000186264515 0.008333333767950535
1 0.7677083611488342 0.08379629999399185 0.010416666977107525 0.008333333767950535
1 0.49166667461395264 0.06666667014360428 0.010416666977107525 0.007407407276332378
4 0.43151041865348816 0.4069444537162781 0.05572916567325592 0.2935185134410858
4 0.6567708253860474 0.10092592239379883 0.08541666716337204 0.035185184329748154
4 0.753125011920929 0.06666667014360428 0.06145833432674408 0.024074073880910873
4 0.9747396111488342 0.13472221791744232 0.05052083358168602 0.05462963134050369
6 0.6539062261581421 0.581944465637207 0.01614583283662796 0.05462963134050369
6 0.621874988079071 0.4791666567325592 0.01145833358168602 0.043518517166376114
6 0.6372395753860474 0.5282407402992249 0.01406249962747097 0.049074072390794754
6 0.6114583611488342 0.44490739703178406 0.010416666977107525 0.03981481492519379
6 0.4950520694255829 0.0902777761220932 0.0015625000232830644 0.006481481250375509
6 0.21015624701976776 0.11249999701976776 0.006770833395421505 0.006481481250375509
6 0.5026041865348816 0.10231481492519379 0.004166666883975267 0.008333333767950535
6 0.507031261920929 0.10370370000600815 0.0036458333488553762 0.009259259328246117
6 0.4958333373069763 0.09305555373430252 0.0010416667209938169 0.006481481250375509
2 0.47447916865348816 0.1319444477558136 0.01354166679084301 0.043518517166376114
8 0.5893229246139526 0.11342592537403107 0.00572916679084301 0.010185184888541698
1 0.45703125 0.16296295821666718 0.008854166604578495 0.018518518656492233
1 0.4453125 0.317592591047287 0.01875000074505806 0.05000000074505806
7 0.6130208373069763 0.11342592537403107 0.0072916666977107525 0.012037036940455437
2 0.46562498807907104 0.07268518209457397 0.015625 0.02500000037252903
7 0.45104166865348816 0.2490740716457367 0.0062500000931322575 0.025925925001502037
2 0.30000001192092896 0.05694444477558136 0.015625 0.01944444514811039
8 0.6010416746139526 0.11296296119689941 0.0062500000931322575 0.011111111380159855
2 0.4776041805744171 0.2222222238779068 0.02187499962747097 0.07407407462596893
0 0.52734375 0.10879629850387573 0.0015625000232830644 0.006481481250375509
0 0.7848958373069763 0.10370370000600815 0.0031250000465661287 0.011111111380159855
0 0.9065104126930237 0.07129629701375961 0.0026041667442768812 0.0055555556900799274
0 0.926562488079071 0.10370370000600815 0.004166666883975267 0.011111111380159855
0 0.47864583134651184 0.10740740597248077 0.0010416667209938169 0.011111111380159855
0 0.4895833432674408 0.10555555671453476 0.0010416667209938169 0.011111111380159855
0 0.45364582538604736 0.2074074000120163 0.0031250000465661287 0.020370369777083397
0 0.4476562440395355 0.10000000149011612 0.0015625000232830644 0.011111111380159855
0 0.4520833194255829 0.05787036940455437 0.0010416667209938169 0.006481481250375509
0 0.9632812738418579 0.10277777910232544 0.004687500186264515 0.011111111380159855
0 0.4546875059604645 0.06203703582286835 0.0010416667209938169 0.007407407276332378
0 0.8981770873069763 0.1050925925374031 0.0036458333488553762 0.008333333767950535
0 0.7828124761581421 0.09675925970077515 0.0031250000465661287 0.010185184888541698
0 0.4541666805744171 0.07175926119089127 0.0010416667209938169 0.008333333767950535
0 0.9994791746139526 0.10185185074806213 0.0010416667209938169 0.011111111380159855
0 0.45260417461395264 0.0773148164153099 0.0010416667209938169 0.008333333767950535
0 0.9203125238418579 0.10277777910232544 0.004166666883975267 0.011111111380159855
0 0.8885416388511658 0.10277777910232544 0.004166666883975267 0.011111111380159855
0 0.3828125 0.18425926566123962 0.0031250000465661287 0.012962962500751019
0 0.7778645753860474 0.09583333134651184 0.0026041667442768812 0.010185184888541698
0 0.9065104126930237 0.0694444477558136 0.0026041667442768812 0.007407407276332378
0 0.8023437261581421 0.11249999701976776 0.0036458333488553762 0.012037036940455437
0 0.9742187261581421 0.1101851835846901 0.004687500186264515 0.011111111380159855
0 0.7242187261581421 0.10462962836027145 0.0026041667442768812 0.011111111380159855
1 0.8294270634651184 0.07824073731899261 0.01197916641831398 0.008333333767950535
1 0.35494792461395264 0.06296296417713165 0.00572916679084301 0.007407407276332378
1 0.7677083611488342 0.08379629999399185 0.010416666977107525 0.008333333767950535
1 0.49166667461395264 0.06666667014360428 0.010416666977107525 0.007407407276332378
4 0.4309895932674408 0.40601852536201477 0.05572916567325592 0.2916666567325592
4 0.6567708253860474 0.10092592239379883 0.08541666716337204 0.035185184329748154
4 0.753125011920929 0.06666667014360428 0.06145833432674408 0.024074073880910873
4 0.9747396111488342 0.13472221791744232 0.05052083358168602 0.05462963134050369
