1 0.3567708432674408 0.06388889253139496 0.0052083334885537624 0.007407407276332378
1 0.839062511920929 0.08009259402751923 0.012500000186264515 0.008333333767950535
1 0.7763020992279053 0.08518518507480621 0.010937499813735485 0.009259259328246117
1 0.49531251192092896 0.06805555522441864 0.010416666977107525 0.008333333767950535
4 0.4281249940395355 0.44212964177131653 0.06354166567325592 0.3305555582046509
4 0.6638020873069763 0.10370370000600815 0.08802083134651184 0.035185184329748154
4 0.7611979246139526 0.06759259104728699 0.06302083283662796 0.024074073880910873
4 0.9825521111488342 0.1398148089647293 0.03489583358168602 0.05740740895271301
6 0.6729166507720947 0.6449074149131775 0.01875000074505806 0.06203703582286835
6 0.6351562738418579 0.5212963223457336 0.013020833022892475 0.04814814776182175
6 0.653124988079071 0.5800926089286804 0.015625 0.05462963134050369
6 0.6231771111488342 0.48148149251937866 0.01197916641831398 0.04444444552063942
6 0.4997395873069763 0.09768518805503845 0.0015625000232830644 0.006481481250375509
6 0.5062500238418579 0.10462962836027145 0.004166666883975267 0.009259259328246117
6 0.5106770992279053 0.10555555671453476 0.0036458333488553762 0.009259259328246117
6 0.49921876192092896 0.09490741044282913 0.0015625000232830644 0.006481481250375509
2 0.47708332538604736 0.13564814627170563 0.01354166679084301 0.043518517166376114
8 0.594531238079071 0.11620370298624039 0.00572916679084301 0.010185184888541698
1 0.45911458134651184 0.16851851344108582 0.008854166604578495 0.018518518656492233
1 0.4455729126930237 0.33564814925193787 0.02031249925494194 0.05277777835726738
7 0.6187499761581421 0.11620370298624039 0.0072916666977107525 0.012037036940455437
2 0.4684895873069763 0.07407407462596893 0.01614583283662796 0.025925925001502037
7 0.4520833194255829 0.2629629671573639 0.0062500000931322575 0.02777777798473835
2 0.30156248807907104 0.05740740895271301 0.015625 0.020370369777083397
8 0.6067708134651184 0.11527777463197708 0.0062500000931322575 0.012037036940455437
2 0.4802083373069763 0.23194444179534912 0.02291666716337204 0.07870370149612427
0 0.530468761920929 0.1111111119389534 0.0015625000232830644 0.007407407276332378
0 0.7940104007720947 0.10648148506879807 0.0036458333488553762 0.011111111380159855
0 0.9174479246139526 0.07222222536802292 0.0026041667442768812 0.0055555556900799274
0 0.9393228888511658 0.10601852089166641 0.004687500186264515 0.012037036940455437
0 0.4820312559604645 0.10972221940755844 0.0015625000232830644 0.012037036940455437
0 0.49296873807907104 0.10740740597248077 0.0015625000232830644 0.011111111380159855
0 0.4541666805744171 0.2152777761220932 0.0031250000465661287 0.021296296268701553
0 0.4502604305744171 0.10231481492519379 0.0015625000232830644 0.010185184888541698
0 0.4546875059604645 0.05879629775881767 0.0010416667209938169 0.006481481250375509
0 0.9770833253860474 0.10555555671453476 0.0052083334885537624 0.011111111380159855
0 0.45781248807907104 0.06296296417713165 0.0010416667209938169 0.007407407276332378
0 0.9117187261581421 0.10787037014961243 0.0036458333488553762 0.008333333767950535
0 0.7927083373069763 0.09907407313585281 0.0031250000465661287 0.011111111380159855
0 0.4567708373069763 0.07268518209457397 0.0010416667209938169 0.008333333767950535
0 0.45520833134651184 0.07870370149612427 0.0010416667209938169 0.009259259328246117
0 0.9333333373069763 0.10555555671453476 0.004166666883975267 0.011111111380159855
0 0.9020833373069763 0.10555555671453476 0.004166666883975267 0.011111111380159855
0 0.38333332538604736 0.19027778506278992 0.0031250000465661287 0.013888888992369175
0 0.7869791388511658 0.09768518805503845 0.0031250000465661287 0.010185184888541698
0 0.917187511920929 0.07083333283662796 0.0031250000465661287 0.008333333767950535
0 0.8135416507720947 0.11574073880910873 0.004166666883975267 0.012962962500751019
0 0.9906250238418579 0.11342592537403107 0.0052083334885537624 0.012037036940455437
0 0.7333333492279053 0.10740740597248077 0.0031250000465661287 0.011111111380159855
1 0.839062511920929 0.08009259402751923 0.012500000186264515 0.008333333767950535
1 0.3567708432674408 0.06388889253139496 0.0052083334885537624 0.007407407276332378
1 0.7763020992279053 0.08518518507480621 0.010937499813735485 0.009259259328246117
1 0.49531251192092896 0.06805555522441864 0.010416666977107525 0.008333333767950535
4 0.4281249940395355 0.4407407343387604 0.06354166567325592 0.3296296298503876
4 0.6638020873069763 0.10370370000600815 0.08802083134651184 0.035185184329748154
4 0.7611979246139526 0.06759259104728699 0.06302083283662796 0.024074073880910873
4 0.9825521111488342 0.1398148089647293 0.03489583358168602 0.05740740895271301
