1 0.35755208134651184 0.06435184925794601 0.00572916679084301 0.006481481250375509
1 0.8419271111488342 0.08055555820465088 0.013020833022892475 0.007407407276332378
1 0.7789062261581421 0.08611111342906952 0.010937499813735485 0.009259259328246117
1 0.4963541626930237 0.06851851940155029 0.010416666977107525 0.007407407276332378
4 0.42760416865348816 0.4523148238658905 0.06562499701976776 0.34166666865348816
4 0.6661458611488342 0.1041666641831398 0.0885416641831398 0.03611111268401146
4 0.7638021111488342 0.06851851940155029 0.06302083283662796 0.024074073880910873
4 0.985156238079071 0.14120370149612427 0.02968749962747097 0.05833333358168602
6 0.6786458492279053 0.6638888716697693 0.01979166641831398 0.06481481343507767
6 0.6393229365348816 0.5337963104248047 0.01406249962747097 0.049074072390794754
6 0.6580728888511658 0.595370352268219 0.01614583283662796 0.05740740895271301
6 0.6268228888511658 0.4921296238899231 0.01197916641831398 0.04537037014961243
6 0.4997395873069763 0.09212963283061981 0.0015625000232830644 0.006481481250375509
6 0.5072916746139526 0.1050925925374031 0.004166666883975267 0.008333333767950535
6 0.5119791626930237 0.10648148506879807 0.004166666883975267 0.009259259328246117
6 0.5005208253860474 0.09490741044282913 0.0010416667209938169 0.006481481250375509
2 0.4781250059604645 0.13703703880310059 0.01354166679084301 0.04444444552063942
8 0.5963541865348816 0.11712963134050369 0.0062500000931322575 0.010185184888541698
1 0.4598958194255829 0.17037037014961243 0.00937500037252903 0.018518518656492233
1 0.44609373807907104 0.3402777910232544 0.02031249925494194 0.05462963134050369
7 0.6205729246139526 0.11712963134050369 0.0078125 0.012037036940455437
2 0.4697916805744171 0.07453703880310059 0.01666666753590107 0.02500000037252903
7 0.45234376192092896 0.2671296298503876 0.006770833395421505 0.028703704476356506
2 0.3023437559604645 0.05740740895271301 0.01614583283662796 0.020370369777083397
8 0.6083333492279053 0.11620370298624039 0.0062500000931322575 0.012037036940455437
2 0.48098957538604736 0.23472222685813904 0.0234375 0.07870370149612427
0 0.5317708253860474 0.1120370402932167 0.0020833334419876337 0.007407407276332378
0 0.796875 0.10740740597248077 0.0031250000465661287 0.011111111380159855
0 0.921093761920929 0.07314814627170563 0.0026041667442768812 0.0055555556900799274
0 0.9434896111488342 0.10694444179534912 0.004687500186264515 0.012037036940455437
0 0.48359376192092896 0.11064814776182175 0.0015625000232830644 0.012037036940455437
0 0.49427083134651184 0.10833333432674408 0.0010416667209938169 0.011111111380159855
0 0.4544270932674408 0.21759259700775146 0.0026041667442768812 0.020370369777083397
0 0.45130208134651184 0.10277777910232544 0.0015625000232830644 0.011111111380159855
0 0.4557291567325592 0.05925925821065903 0.0010416667209938169 0.007407407276332378
0 0.9815104007720947 0.10601852089166641 0.004687500186264515 0.012037036940455437
0 0.45885416865348816 0.06388889253139496 0.0010416667209938169 0.007407407276332378
0 0.9158853888511658 0.10879629850387573 0.0036458333488553762 0.008333333767950535
0 0.7955729365348816 0.09953703731298447 0.0036458333488553762 0.010185184888541698
0 0.45781248807907104 0.07268518209457397 0.0010416667209938169 0.008333333767950535
0 0.45625001192092896 0.07916666567325592 0.0010416667209938169 0.008333333767950535
0 0.9372395873069763 0.10648148506879807 0.004687500186264515 0.011111111380159855
0 0.90625 0.10648148506879807 0.004166666883975267 0.011111111380159855
0 0.3838541805744171 0.19166666269302368 0.0031250000465661287 0.012962962500751019
0 0.7895833253860474 0.09814814478158951 0.0031250000465661287 0.011111111380159855
0 0.9203125238418579 0.07175926119089127 0.0031250000465661287 0.008333333767950535
0 0.817187488079071 0.11666666716337204 0.004166666883975267 0.012962962500751019
0 0.9955729246139526 0.11435185372829437 0.00572916679084301 0.012037036940455437
0 0.7364583611488342 0.10833333432674408 0.0031250000465661287 0.011111111380159855
1 0.8421875238418579 0.08055555820465088 0.012500000186264515 0.007407407276332378
1 0.35755208134651184 0.06435184925794601 0.00572916679084301 0.006481481250375509
1 0.7789062261581421 0.08611111342906952 0.010937499813735485 0.009259259328246117
1 0.4963541626930237 0.06851851940155029 0.010416666977107525 0.007407407276332378
4 0.4273437559604645 0.45092591643333435 0.06614582985639572 0.34074074029922485
4 0.6661458611488342 0.1041666641831398 0.0885416641831398 0.03611111268401146
4 0.7638021111488342 0.06851851940155029 0.06302083283662796 0.024074073880910873
4 0.985156238079071 0.14120370149612427 0.02968749962747097 0.05833333358168602
