1 0.3565104305744171 0.0634259283542633 0.00572916679084301 0.006481481250375509
1 0.832812488079071 0.07870370149612427 0.012500000186264515 0.007407407276332378
1 0.7710937261581421 0.08425925672054291 0.010937499813735485 0.009259259328246117
1 0.4937500059604645 0.06759259104728699 0.010416666977107525 0.007407407276332378
4 0.43177083134651184 0.4148148000240326 0.0572916679084301 0.3018518388271332
4 0.659375011920929 0.10185185074806213 0.08645833283662796 0.035185184329748154
4 0.7565104365348816 0.06666667014360428 0.06197916716337204 0.024074073880910873
4 0.977343738079071 0.13611111044883728 0.04531250149011612 0.0555555559694767
6 0.6588541865348816 0.5962963104248047 0.01666666753590107 0.05740740895271301
6 0.625781238079071 0.4888888895511627 0.01197916641831398 0.04444444552063942
6 0.6416666507720947 0.5402777791023254 0.014583333395421505 0.05092592537403107
6 0.6148437261581421 0.45370370149612427 0.010937499813735485 0.040740739554166794
6 0.4984374940395355 0.09583333134651184 0.0010416667209938169 0.006481481250375509
6 0.49687498807907104 0.0902777761220932 0.0010416667209938169 0.006481481250375509
6 0.5044270753860474 0.10277777910232544 0.0036458333488553762 0.009259259328246117
6 0.5088541507720947 0.10370370000600815 0.004166666883975267 0.009259259328246117
6 0.4976562559604645 0.09305555373430252 0.0015625000232830644 0.006481481250375509
2 0.47604167461395264 0.1328703761100769 0.01354166679084301 0.043518517166376114
8 0.5914062261581421 0.11435185372829437 0.00572916679084301 0.010185184888541698
1 0.4585937559604645 0.16435185074806213 0.008854166604578495 0.017592592164874077
1 0.4463541805744171 0.32175925374031067 0.01875000074505806 0.05092592537403107
7 0.6151041388511658 0.11388888955116272 0.0072916666977107525 0.011111111380159855
2 0.4674479067325592 0.07314814627170563 0.01614583283662796 0.024074073880910873
7 0.4520833194255829 0.25231480598449707 0.0062500000931322575 0.026851851493120193
2 0.30156248807907104 0.05694444477558136 0.015625 0.01944444514811039
8 0.6033853888511658 0.11342592537403107 0.00572916679084301 0.012037036940455437
2 0.4791666567325592 0.22453702986240387 0.02187499962747097 0.07500000298023224
0 0.5291666388511658 0.10925926268100739 0.0020833334419876337 0.007407407276332378
0 0.788281261920929 0.10462962836027145 0.0036458333488553762 0.011111111380159855
0 0.9106770753860474 0.07129629701375961 0.0026041667442768812 0.0055555556900799274
0 0.9312499761581421 0.10462962836027145 0.004166666883975267 0.011111111380159855
0 0.48046875 0.10787037014961243 0.0015625000232830644 0.012037036940455437
0 0.49166667461395264 0.10555555671453476 0.0010416667209938169 0.011111111380159855
0 0.4546875059604645 0.2092592567205429 0.0031250000465661287 0.020370369777083397
0 0.4494791626930237 0.10092592239379883 0.0010416667209938169 0.011111111380159855
0 0.45364582538604736 0.05833333358168602 0.0010416667209938169 0.007407407276332378
0 0.967968761920929 0.10370370000600815 0.004687500186264515 0.011111111380159855
0 0.4567708373069763 0.0625 0.0010416667209938169 0.006481481250375509
0 0.903124988079071 0.10601852089166641 0.0031250000465661287 0.008333333767950535
0 0.7864583134651184 0.0972222238779068 0.0031250000465661287 0.011111111380159855
0 0.4557291567325592 0.07175926119089127 0.0010416667209938169 0.008333333767950535
0 0.4541666805744171 0.07777778059244156 0.0010416667209938169 0.009259259328246117
0 0.925000011920929 0.10370370000600815 0.004166666883975267 0.011111111380159855
0 0.8932291865348816 0.10370370000600815 0.004166666883975267 0.011111111380159855
0 0.3838541805744171 0.18518517911434174 0.0031250000465661287 0.012962962500751019
0 0.78125 0.09583333134651184 0.0031250000465661287 0.010185184888541698
0 0.9106770753860474 0.06990740448236465 0.0026041667442768812 0.008333333767950535
0 0.8062499761581421 0.11342592537403107 0.004166666883975267 0.012037036940455437
0 0.979687511920929 0.1111111119389534 0.0052083334885537624 0.011111111380159855
0 0.7276041507720947 0.10555555671453476 0.0031250000465661287 0.011111111380159855
1 0.8330729007720947 0.07870370149612427 0.01197916641831398 0.007407407276332378
1 0.3565104305744171 0.0634259283542633 0.00572916679084301 0.006481481250375509
1 0.7710937261581421 0.08425925672054291 0.010937499813735485 0.009259259328246117
1 0.4937500059604645 0.06759259104728699 0.010416666977107525 0.007407407276332378
4 0.4312500059604645 0.4138889014720917 0.0572916679084301 0.30000001192092896
4 0.659375011920929 0.10185185074806213 0.08645833283662796 0.035185184329748154
4 0.7565104365348816 0.06666667014360428 0.06197916716337204 0.024074073880910873
4 0.977343738079071 0.13611111044883728 0.04531250149011612 0.0555555559694767
