1 0.37578123807907104 0.06574074178934097 0.00572916679084301 0.007407407276332378
1 0.8830729126930237 0.08564814925193787 0.01406249962747097 0.008333333767950535
1 0.8158854246139526 0.09166666865348816 0.01197916641831398 0.009259259328246117
1 0.5174478888511658 0.07083333283662796 0.010937499813735485 0.008333333767950535
4 0.4281249940395355 0.5587962865829468 0.09166666865348816 0.46574074029922485
4 0.6971353888511658 0.1111111119389534 0.09531249850988388 0.03703703731298447
4 0.7986978888511658 0.07268518209457397 0.06822916865348816 0.02500000037252903
6 0.7533854246139526 0.8842592835426331 0.03177083283662796 0.09444444626569748
6 0.6916666626930237 0.6689814925193787 0.01979166641831398 0.06574074178934097
6 0.7197916507720947 0.7680555582046509 0.02500000037252903 0.07870370149612427
6 0.6731770634651184 0.605555534362793 0.01718750037252903 0.05740740895271301
6 0.5221354365348816 0.10231481492519379 0.0015625000232830644 0.006481481250375509
6 0.5205729007720947 0.0962962955236435 0.0015625000232830644 0.0055555556900799274
6 0.5286458134651184 0.1101851835846901 0.004166666883975267 0.009259259328246117
6 0.5333333611488342 0.11157407611608505 0.004166666883975267 0.010185184888541698
6 0.5213541388511658 0.09953703731298447 0.0010416667209938169 0.006481481250375509
2 0.4973958432674408 0.1458333283662796 0.014583333395421505 0.04722222313284874
8 0.6223958134651184 0.1240740716457367 0.0062500000931322575 0.011111111380159855
1 0.47734373807907104 0.18611110746860504 0.00989583320915699 0.020370369777083397
1 0.45755207538604736 0.3898148238658905 0.0234375 0.06481481343507767
7 0.6484375 0.12453703582286835 0.008333333767950535 0.012037036940455437
2 0.4895833432674408 0.0773148164153099 0.01666666753590107 0.026851851493120193
7 0.46666666865348816 0.302314817905426 0.0072916666977107525 0.032407406717538834
8 0.6351562738418579 0.12361110746860504 0.006770833395421505 0.012037036940455437
2 0.4989583194255829 0.2597222328186035 0.02500000037252903 0.08796296268701553
0 0.5520833134651184 0.11759259551763535 0.0020833334419876337 0.007407407276332378
0 0.8356770873069763 0.11527777463197708 0.0036458333488553762 0.012037036940455437
0 0.996874988079071 0.11620370298624039 0.0052083334885537624 0.012037036940455437
0 0.5044270753860474 0.11620370298624039 0.0015625000232830644 0.012037036940455437
0 0.5145833492279053 0.11342592537403107 0.0010416667209938169 0.012037036940455437
0 0.4661458432674408 0.2370370328426361 0.0031250000465661287 0.02222222276031971
0 0.4700520932674408 0.10787037014961243 0.0015625000232830644 0.012037036940455437
0 0.4755208194255829 0.06111111119389534 0.0010416667209938169 0.007407407276332378
0 0.4789062440395355 0.06574074178934097 0.0005208333604969084 0.007407407276332378
0 0.969531238079071 0.1180555522441864 0.004687500186264515 0.008333333767950535
0 0.8356770873069763 0.10694444179534912 0.0036458333488553762 0.012037036940455437
0 0.4776041805744171 0.0754629597067833 0.0010416667209938169 0.008333333767950535
0 0.47578126192092896 0.0824074074625969 0.0015625000232830644 0.009259259328246117
0 0.9903646111488342 0.11527777463197708 0.00572916679084301 0.012037036940455437
0 0.9593750238418579 0.11527777463197708 0.0052083334885537624 0.012037036940455437
0 0.39765626192092896 0.20601852238178253 0.0036458333488553762 0.013888888992369175
0 0.8278645873069763 0.10462962836027145 0.0036458333488553762 0.011111111380159855
0 0.8622395992279053 0.1259259283542633 0.004687500186264515 0.012962962500751019
1 0.883593738079071 0.08564814925193787 0.01406249962747097 0.008333333767950535
1 0.37578123807907104 0.06574074178934097 0.00572916679084301 0.007407407276332378
1 0.8158854246139526 0.09166666865348816 0.01197916641831398 0.009259259328246117
1 0.5174478888511658 0.07083333283662796 0.010937499813735485 0.008333333767950535
4 0.42760416865348816 0.5564814805984497 0.09166666865348816 0.46296295523643494
4 0.6971353888511658 0.1111111119389534 0.09531249850988388 0.03703703731298447
4 0.7986978888511658 0.07268518209457397 0.06822916865348816 0.02500000037252903
