1 0.3752604126930237 0.06481481343507767 0.00572916679084301 0.007407407276332378
1 0.8765624761581421 0.08472222089767456 0.01354166679084301 0.008333333767950535
1 0.8101562261581421 0.0902777761220932 0.01197916641831398 0.010185184888541698
1 0.5153645873069763 0.06990740448236465 0.010937499813735485 0.008333333767950535
4 0.4325520694255829 0.5175926089286804 0.08177082985639572 0.4166666567325592
4 0.692187488079071 0.10925926268100739 0.09375 0.03703703731298447
4 0.7934895753860474 0.07175926119089127 0.06718750298023224 0.02500000037252903
6 0.7286458611488342 0.8009259104728699 0.02708333358168602 0.0833333358168602
6 0.676562488079071 0.6194444298744202 0.01770833320915699 0.05925925821065903
6 0.7007812261581421 0.7041666507720947 0.02135416679084301 0.0694444477558136
6 0.6606770753860474 0.5643518567085266 0.015104166232049465 0.05277777835726738
6 0.5200520753860474 0.10046296566724777 0.0015625000232830644 0.006481481250375509
6 0.518750011920929 0.09490741044282913 0.0010416667209938169 0.006481481250375509
6 0.526562511920929 0.10833333432674408 0.004166666883975267 0.009259259328246117
6 0.53125 0.10972221940755844 0.004166666883975267 0.010185184888541698
6 0.5192708373069763 0.09768518805503845 0.0010416667209938169 0.006481481250375509
2 0.49609375 0.14259259402751923 0.01406249962747097 0.046296294778585434
8 0.6187499761581421 0.12222222238779068 0.0062500000931322575 0.011111111380159855
1 0.4763020873069763 0.1805555522441864 0.00989583320915699 0.020370369777083397
1 0.4580729305744171 0.3717592656612396 0.02239583246409893 0.06018518656492233
7 0.6442708373069763 0.12175925821065903 0.008333333767950535 0.012037036940455437
2 0.48828125 0.07592592388391495 0.01614583283662796 0.025925925001502037
7 0.4664062559604645 0.2898148000240326 0.006770833395421505 0.031481482088565826
8 0.6315104365348816 0.12129629403352737 0.006770833395421505 0.012962962500751019
2 0.4976562559604645 0.2509259283542633 0.02447916753590107 0.08518518507480621
0 0.5505208373069763 0.11574073880910873 0.0020833334419876337 0.007407407276332378
0 0.8291666507720947 0.11342592537403107 0.004166666883975267 0.012037036940455437
0 0.987500011920929 0.11435185372829437 0.0052083334885537624 0.012037036940455437
0 0.5023437738418579 0.11435185372829437 0.0015625000232830644 0.012037036940455437
0 0.5127604007720947 0.11157407611608505 0.0015625000232830644 0.012037036940455437
0 0.46692708134651184 0.22962963581085205 0.0036458333488553762 0.02222222276031971
0 0.4690104126930237 0.10648148506879807 0.0015625000232830644 0.011111111380159855
0 0.47447916865348816 0.06018518656492233 0.0010416667209938169 0.007407407276332378
0 0.4776041805744171 0.06481481343507767 0.0010416667209938169 0.007407407276332378
0 0.9593750238418579 0.11527777463197708 0.004166666883975267 0.008333333767950535
0 0.828906238079071 0.1050925925374031 0.0036458333488553762 0.012037036940455437
0 0.47604167461395264 0.07453703880310059 0.0010416667209938169 0.008333333767950535
0 0.47447916865348816 0.08148147910833359 0.0010416667209938169 0.009259259328246117
0 0.9807291626930237 0.11342592537403107 0.0052083334885537624 0.012037036940455437
0 0.94921875 0.11342592537403107 0.004687500186264515 0.012037036940455437
0 0.3981770873069763 0.20092593133449554 0.0036458333488553762 0.012962962500751019
0 0.8216145634651184 0.10324074327945709 0.0036458333488553762 0.010185184888541698
0 0.8539062738418579 0.12314815074205399 0.004687500186264515 0.012962962500751019
0 0.7671874761581421 0.11342592537403107 0.0031250000465661287 0.012037036940455437
1 0.8765624761581421 0.08472222089767456 0.01354166679084301 0.008333333767950535
1 0.3752604126930237 0.06481481343507767 0.00572916679084301 0.007407407276332378
1 0.8101562261581421 0.0902777761220932 0.01197916641831398 0.010185184888541698
1 0.515625 0.06990740448236465 0.010416666977107525 0.008333333767950535
4 0.4322916567325592 0.5162037014961243 0.08229167014360428 0.4138889014720917
4 0.692187488079071 0.10925926268100739 0.09375 0.03703703731298447
4 0.7934895753860474 0.07175926119089127 0.06718750298023224 0.02500000037252903
