1 0.37578123807907104 0.06527777761220932 0.00572916679084301 0.006481481250375509
1 0.8809896111488342 0.08564814925193787 0.01406249962747097 0.008333333767950535
1 0.8143228888511658 0.0912037044763565 0.01197916641831398 0.010185184888541698
1 0.5169270634651184 0.07037036865949631 0.010937499813735485 0.007407407276332378
4 0.4296875 0.5439814925193787 0.0885416641831398 0.4472222328186035
4 0.6958333253860474 0.11064814776182175 0.09479166567325592 0.03611111268401146
4 0.796875 0.07175926119089127 0.0677083358168602 0.02500000037252903
6 0.7447916865348816 0.8541666865348816 0.03020833246409893 0.08981481194496155
6 0.6861979365348816 0.6513888835906982 0.01927083358168602 0.06388889253139496
6 0.7130208611488342 0.7449073791503906 0.02395833283662796 0.07500000298023224
6 0.6690104007720947 0.5907407402992249 0.01614583283662796 0.0555555559694767
6 0.5216146111488342 0.10185185074806213 0.0015625000232830644 0.007407407276332378
6 0.5200520753860474 0.09583333134651184 0.0015625000232830644 0.006481481250375509
6 0.528124988079071 0.10972221940755844 0.004166666883975267 0.010185184888541698
6 0.5328124761581421 0.1111111119389534 0.004166666883975267 0.009259259328246117
6 0.5208333134651184 0.09861110895872116 0.0010416667209938169 0.006481481250375509
2 0.4971354305744171 0.14444445073604584 0.01406249962747097 0.046296294778585434
8 0.6213541626930237 0.12314815074205399 0.0062500000931322575 0.011111111380159855
1 0.47734373807907104 0.18425926566123962 0.00989583320915699 0.020370369777083397
1 0.45781248807907104 0.38333332538604736 0.02291666716337204 0.06296296417713165
7 0.6471354365348816 0.12361110746860504 0.0078125 0.012037036940455437
2 0.4895833432674408 0.07685185223817825 0.01666666753590107 0.025925925001502037
7 0.46666666865348816 0.29814815521240234 0.0072916666977107525 0.031481482088565826
8 0.6341145634651184 0.12268518656492233 0.006770833395421505 0.012037036940455437
2 0.4984374940395355 0.25648146867752075 0.02500000037252903 0.08703703433275223
0 0.5518229007720947 0.11712963134050369 0.0015625000232830644 0.006481481250375509
0 0.8338541388511658 0.11435185372829437 0.004166666883975267 0.012037036940455437
0 0.9942708611488342 0.11527777463197708 0.0052083334885537624 0.012037036940455437
0 0.50390625 0.11527777463197708 0.0015625000232830644 0.012037036940455437
0 0.5143229365348816 0.11249999701976776 0.0015625000232830644 0.012037036940455437
0 0.46666666865348816 0.23425926268100739 0.0031250000465661287 0.02222222276031971
0 0.4697916805744171 0.10740740597248077 0.0010416667209938169 0.011111111380159855
0 0.4755208194255829 0.06064814701676369 0.0010416667209938169 0.006481481250375509
0 0.47864583134651184 0.06527777761220932 0.0010416667209938169 0.008333333767950535
0 0.9664062261581421 0.11712963134050369 0.004687500186264515 0.008333333767950535
0 0.8335937261581421 0.10648148506879807 0.0036458333488553762 0.011111111380159855
0 0.47734373807907104 0.0754629597067833 0.0015625000232830644 0.008333333767950535
0 0.4755208194255829 0.08194444328546524 0.0010416667209938169 0.008333333767950535
0 0.987500011920929 0.11527777463197708 0.0052083334885537624 0.012037036940455437
0 0.9559895992279053 0.11435185372829437 0.004687500186264515 0.012037036940455437
0 0.3981770873069763 0.20416666567325592 0.0036458333488553762 0.013888888992369175
0 0.8260416388511658 0.10462962836027145 0.0031250000465661287 0.011111111380159855
0 0.8596354126930237 0.125 0.004687500186264515 0.012962962500751019
0 0.6755208373069763 0.11527777463197708 0.0020833334419876337 0.012037036940455437
1 0.8815104365348816 0.08564814925193787 0.01406249962747097 0.008333333767950535
1 0.37578123807907104 0.06527777761220932 0.00572916679084301 0.006481481250375509
1 0.8143228888511658 0.0912037044763565 0.01197916641831398 0.010185184888541698
1 0.5169270634651184 0.07037036865949631 0.010937499813735485 0.007407407276332378
4 0.4294270873069763 0.542129635810852 0.08802083134651184 0.4453703761100769
4 0.6958333253860474 0.11064814776182175 0.09479166567325592 0.03611111268401146
4 0.796875 0.07175926119089127 0.0677083358168602 0.02500000037252903
