1 0.37421876192092896 0.06666667014360428 0.00572916679084301 0.007407407276332378
1 0.8872395753860474 0.08703703433275223 0.01406249962747097 0.009259259328246117
1 0.819531261920929 0.09305555373430252 0.01197916641831398 0.010185184888541698
1 0.5174478888511658 0.07175926119089127 0.010937499813735485 0.008333333767950535
4 0.4203124940395355 0.6087962985038757 0.10312499850988388 0.5287036895751953
4 0.699999988079071 0.11342592537403107 0.09687499701976776 0.037962961941957474
4 0.801562488079071 0.07314814627170563 0.06875000149011612 0.025925925001502037
6 0.7830728888511658 0.967129647731781 0.0390625 0.06574074178934097
6 0.707812488079071 0.7282407283782959 0.02291666716337204 0.07314814627170563
6 0.7419270873069763 0.8462963104248047 0.02968749962747097 0.08888889104127884
6 0.6864583492279053 0.6532407402992249 0.01875000074505806 0.06388889253139496
6 0.5221354365348816 0.10370370000600815 0.0015625000232830644 0.007407407276332378
6 0.5205729007720947 0.09768518805503845 0.0015625000232830644 0.006481481250375509
6 0.21666666865348816 0.12083332985639572 0.0072916666977107525 0.006481481250375509
6 0.5286458134651184 0.1120370402932167 0.004166666883975267 0.009259259328246117
6 0.5333333611488342 0.11342592537403107 0.004166666883975267 0.010185184888541698
6 0.5213541388511658 0.10046296566724777 0.0010416667209938169 0.006481481250375509
2 0.49687498807907104 0.14907407760620117 0.014583333395421505 0.04814814776182175
8 0.624218761920929 0.12638889253139496 0.006770833395421505 0.012037036940455437
1 0.4765625 0.19212962687015533 0.010416666977107525 0.021296296268701553
1 0.45520833134651184 0.4097222089767456 0.02500000037252903 0.0694444477558136
7 0.6505208611488342 0.12638889253139496 0.008333333767950535 0.012037036940455437
2 0.4893229305744171 0.07824073731899261 0.01718750037252903 0.026851851493120193
7 0.46484375 0.3162037134170532 0.0078125 0.034259259700775146
8 0.6372395753860474 0.1259259283542633 0.006770833395421505 0.012962962500751019
2 0.4986979067325592 0.2699074149131775 0.02656250074505806 0.09166666865348816
0 0.5520833134651184 0.11944444477558136 0.0020833334419876337 0.007407407276332378
0 0.8401041626930237 0.11712963134050369 0.004166666883975267 0.012037036940455437
0 0.5044270753860474 0.1180555522441864 0.0015625000232830644 0.012037036940455437
0 0.5145833492279053 0.11527777463197708 0.0010416667209938169 0.012037036940455437
0 0.4632812440395355 0.2439814805984497 0.0036458333488553762 0.023148147389292717
0 0.4690104126930237 0.10972221940755844 0.0015625000232830644 0.012037036940455437
0 0.4749999940395355 0.06157407537102699 0.0010416667209938169 0.006481481250375509
0 0.47838541865348816 0.06620370596647263 0.0005208333604969084 0.008333333767950535
0 0.9768229126930237 0.11990740895271301 0.004687500186264515 0.008333333767950535
0 0.8401041626930237 0.10879629850387573 0.004166666883975267 0.012037036940455437
0 0.47708332538604736 0.0763888880610466 0.0010416667209938169 0.008333333767950535
0 0.4749999940395355 0.0833333358168602 0.0010416667209938169 0.009259259328246117
0 0.6955729126930237 0.0625 0.0015625000232830644 0.004629629664123058
0 0.996874988079071 0.11759259551763535 0.0052083334885537624 0.012962962500751019
0 0.9666666388511658 0.11712963134050369 0.0052083334885537624 0.012037036940455437
0 0.3955729305744171 0.21203704178333282 0.0036458333488553762 0.014814814552664757
0 0.83203125 0.10648148506879807 0.0036458333488553762 0.011111111380159855
0 0.8684895634651184 0.12824073433876038 0.004687500186264515 0.013888888992369175
1 0.887499988079071 0.08703703433275223 0.014583333395421505 0.009259259328246117
1 0.37421876192092896 0.06666667014360428 0.00572916679084301 0.007407407276332378
1 0.819531261920929 0.09305555373430252 0.01197916641831398 0.010185184888541698
1 0.5174478888511658 0.07175926119089127 0.010937499813735485 0.008333333767950535
4 0.42005208134651184 0.6060185432434082 0.10364583134651184 0.5249999761581421
4 0.699999988079071 0.11342592537403107 0.09687499701976776 0.037962961941957474
4 0.801562488079071 0.07314814627170563 0.06875000149011612 0.025925925001502037
