1 0.3763020932674408 0.06851851940155029 0.00572916679084301 0.007407407276332378
1 0.9072916507720947 0.09074074029922485 0.015625 0.009259259328246117
1 0.8372395634651184 0.09675925970077515 0.013020833022892475 0.010185184888541698
1 0.5229166746139526 0.07361111044883728 0.01145833358168602 0.008333333767950535
4 0.39505207538604736 0.7023147940635681 0.15468749403953552 0.595370352268219
4 0.71484375 0.11944444477558136 0.10260416567325592 0.03888889029622078
4 0.8174479007720947 0.0763888880610466 0.07239583134651184 0.026851851493120193
6 0.774218738079071 0.9486111402511597 0.03593749925494194 0.10277777910232544
6 0.7393229007720947 0.8273147940635681 0.02864583395421505 0.08611111342906952
6 0.5278645753860474 0.10833333432674408 0.0015625000232830644 0.007407407276332378
6 0.5263020992279053 0.10138888657093048 0.0015625000232830644 0.006481481250375509
6 0.2109375 0.1259259283542633 0.0072916666977107525 0.007407407276332378
6 0.5348958373069763 0.11712963134050369 0.004166666883975267 0.010185184888541698
6 0.539843738079071 0.11898148059844971 0.004687500186264515 0.010185184888541698
6 0.5270833373069763 0.1050925925374031 0.0010416667209938169 0.006481481250375509
2 0.5020833611488342 0.15833333134651184 0.015625 0.051851850003004074
8 0.6348958611488342 0.1328703761100769 0.0072916666977107525 0.012037036940455437
1 0.4791666567325592 0.20972222089767456 0.01145833358168602 0.023148147389292717
1 0.4528645873069763 0.47268518805503845 0.02968749962747097 0.08425925672054291
7 0.6622396111488342 0.13333334028720856 0.008854166604578495 0.012962962500751019
2 0.49427083134651184 0.08101851493120193 0.01770833320915699 0.026851851493120193
7 0.4651041626930237 0.3583333194255829 0.00937500037252903 0.03888889029622078
8 0.6486979126930237 0.13240741193294525 0.0078125 0.012962962500751019
2 0.5036458373069763 0.2995370328426361 0.02916666679084301 0.10277777910232544
0 0.557812511920929 0.12546296417713165 0.0020833334419876337 0.008333333767950535
0 0.8596354126930237 0.12314815074205399 0.004687500186264515 0.012962962500751019
0 0.5104166865348816 0.12361110746860504 0.0020833334419876337 0.012037036940455437
0 0.5200520753860474 0.11990740895271301 0.0015625000232830644 0.012037036940455437
0 0.4606770873069763 0.2671296298503876 0.0036458333488553762 0.02500000037252903
0 0.47265625 0.11527777463197708 0.0015625000232830644 0.012037036940455437
0 0.4791666567325592 0.0634259283542633 0.0010416667209938169 0.006481481250375509
0 0.2523437440395355 0.08611111342906952 0.0026041667442768812 0.009259259328246117
0 0.4828124940395355 0.06851851940155029 0.0010416667209938169 0.007407407276332378
0 0.860156238079071 0.11435185372829437 0.0036458333488553762 0.012037036940455437
0 0.4817708432674408 0.07870370149612427 0.0010416667209938169 0.009259259328246117
0 0.4791666567325592 0.08657407760620117 0.0010416667209938169 0.010185184888541698
0 0.7049478888511658 0.06435184925794601 0.0015625000232830644 0.004629629664123058
0 0.9971354007720947 0.1240740716457367 0.00572916679084301 0.012962962500751019
0 0.39453125 0.2282407432794571 0.0036458333488553762 0.015740741044282913
0 0.8510416746139526 0.11157407611608505 0.004166666883975267 0.012037036940455437
0 0.89453125 0.13564814627170563 0.00572916679084301 0.013888888992369175
1 0.9075520634651184 0.09074074029922485 0.015104166232049465 0.009259259328246117
1 0.3763020932674408 0.06851851940155029 0.00572916679084301 0.007407407276332378
1 0.8372395634651184 0.09675925970077515 0.013020833022892475 0.010185184888541698
1 0.5229166746139526 0.07361111044883728 0.01145833358168602 0.008333333767950535
4 0.3947916626930237 0.7013888955116272 0.15416666865348816 0.5972222089767456
4 0.71484375 0.11944444477558136 0.10260416567325592 0.03888889029622078
4 0.8174479007720947 0.0763888880610466 0.07239583134651184 0.026851851493120193
