1 0.3778645694255829 0.06759259104728699 0.00572916679084301 0.007407407276332378
1 0.90234375 0.08981481194496155 0.015104166232049465 0.009259259328246117
1 0.8330729007720947 0.09583333134651184 0.013020833022892475 0.010185184888541698
1 0.522656261920929 0.07314814627170563 0.010937499813735485 0.007407407276332378
4 0.4085937440395355 0.6893518567085266 0.13072916865348816 0.6212962865829468
4 0.7114583253860474 0.11712963134050369 0.10104166716337204 0.037962961941957474
4 0.8138020634651184 0.0754629597067833 0.07135416567325592 0.026851851493120193
6 0.7458333373069763 0.8504629731178284 0.03020833246409893 0.08981481194496155
6 0.79296875 0.9791666865348816 0.04114583507180214 0.0416666679084301
6 0.7177083492279053 0.7509258985519409 0.02395833283662796 0.07592592388391495
6 0.5276041626930237 0.10648148506879807 0.0010416667209938169 0.007407407276332378
6 0.5260416865348816 0.10046296566724777 0.0010416667209938169 0.006481481250375509
6 0.21562500298023224 0.12361110746860504 0.0072916666977107525 0.006481481250375509
6 0.534375011920929 0.11527777463197708 0.004166666883975267 0.010185184888541698
6 0.5393229126930237 0.11620370298624039 0.004687500186264515 0.010185184888541698
6 0.5268229246139526 0.10324074327945709 0.0015625000232830644 0.006481481250375509
2 0.5018228888511658 0.1546296328306198 0.015104166232049465 0.05000000074505806
8 0.6328125 0.13055555522441864 0.0072916666977107525 0.011111111380159855
1 0.47994792461395264 0.20277777314186096 0.010937499813735485 0.02222222276031971
1 0.4554687440395355 0.4462963044643402 0.02760416641831398 0.07777778059244156
7 0.6598958373069763 0.13055555522441864 0.008333333767950535 0.012962962500751019
2 0.4945312440395355 0.08009259402751923 0.01718750037252903 0.026851851493120193
7 0.46692708134651184 0.34074074029922485 0.008854166604578495 0.03703703731298447
8 0.6463541388511658 0.12962962687015533 0.0072916666977107525 0.012962962500751019
2 0.5033854246139526 0.2874999940395355 0.02760416641831398 0.09907407313585281
0 0.5572916865348816 0.12314815074205399 0.0020833334419876337 0.007407407276332378
0 0.8544270992279053 0.12129629403352737 0.004687500186264515 0.012962962500751019
0 0.5101562738418579 0.12129629403352737 0.0015625000232830644 0.012962962500751019
0 0.5200520753860474 0.1180555522441864 0.0015625000232830644 0.012037036940455437
0 0.4635416567325592 0.25740739703178406 0.0031250000465661287 0.024074073880910873
0 0.47343748807907104 0.11296296119689941 0.0010416667209938169 0.011111111380159855
0 0.47968751192092896 0.06296296417713165 0.0010416667209938169 0.007407407276332378
0 0.4833333194255829 0.06759259104728699 0.0010416667209938169 0.007407407276332378
0 0.9981771111488342 0.1240740716457367 0.0036458333488553762 0.009259259328246117
0 0.8552083373069763 0.11249999701976776 0.004166666883975267 0.012037036940455437
0 0.4817708432674408 0.07777778059244156 0.0010416667209938169 0.009259259328246117
0 0.47968751192092896 0.08518518507480621 0.0010416667209938169 0.009259259328246117
0 0.98828125 0.12175925821065903 0.00572916679084301 0.012037036940455437
0 0.3971354067325592 0.22175925970077515 0.0036458333488553762 0.015740741044282913
0 0.8463541865348816 0.10972221940755844 0.004166666883975267 0.012037036940455437
0 0.8872395753860474 0.1328703761100769 0.004687500186264515 0.013888888992369175
1 0.9028645753860474 0.08981481194496155 0.015104166232049465 0.009259259328246117
1 0.3778645694255829 0.06759259104728699 0.00572916679084301 0.007407407276332378
1 0.8330729007720947 0.09583333134651184 0.013020833022892475 0.010185184888541698
1 0.522656261920929 0.07314814627170563 0.010937499813735485 0.007407407276332378
4 0.40833333134651184 0.6888889074325562 0.1302083283662796 0.6222222447395325
4 0.7114583253860474 0.11712963134050369 0.10104166716337204 0.037962961941957474
4 0.8138020634651184 0.0754629597067833 0.07135416567325592 0.026851851493120193
