1 0.37838542461395264 0.06759259104728699 0.00572916679084301 0.007407407276332378
1 0.9013020992279053 0.08935185521841049 0.015104166232049465 0.008333333767950535
1 0.83203125 0.09490741044282913 0.013020833022892475 0.010185184888541698
1 0.5229166746139526 0.07268518209457397 0.01145833358168602 0.008333333767950535
4 0.41223958134651184 0.6856481432914734 0.12447916716337204 0.6287037134170532
4 0.7106770873069763 0.11666666716337204 0.10052083432674408 0.03888889029622078
4 0.8130208253860474 0.07500000298023224 0.07083333283662796 0.025925925001502037
6 0.7385416626930237 0.8236111402511597 0.02812499925494194 0.08611111342906952
6 0.7822916507720947 0.9620370268821716 0.03854166716337204 0.07592592388391495
6 0.7119791507720947 0.7300925850868225 0.02291666716337204 0.07314814627170563
6 0.5263020992279053 0.09953703731298447 0.0015625000232830644 0.006481481250375509
6 0.21770833432674408 0.12268518656492233 0.0072916666977107525 0.006481481250375509
6 0.534375011920929 0.11435185372829437 0.004166666883975267 0.010185184888541698
6 0.5395833253860474 0.11620370298624039 0.004166666883975267 0.010185184888541698
6 0.5270833373069763 0.10277777910232544 0.0010416667209938169 0.007407407276332378
2 0.5023437738418579 0.1537037044763565 0.015104166232049465 0.05000000074505806
8 0.6325520873069763 0.130092591047287 0.006770833395421505 0.012037036940455437
1 0.48046875 0.20000000298023224 0.010937499813735485 0.02222222276031971
1 0.45651042461395264 0.43796294927597046 0.02760416641831398 0.07592592388391495
7 0.659375011920929 0.12962962687015533 0.008333333767950535 0.012962962500751019
2 0.4945312440395355 0.08009259402751923 0.01718750037252903 0.026851851493120193
7 0.4677083194255829 0.33564814925193787 0.008333333767950535 0.03611111268401146
8 0.6458333134651184 0.12916666269302368 0.0072916666977107525 0.012037036940455437
2 0.5033854246139526 0.2837963104248047 0.02760416641831398 0.0972222238779068
0 0.557812511920929 0.12268518656492233 0.0020833334419876337 0.008333333767950535
0 0.8533853888511658 0.12083332985639572 0.004687500186264515 0.012037036940455437
0 0.5101562738418579 0.12083332985639572 0.0015625000232830644 0.012037036940455437
0 0.5200520753860474 0.11759259551763535 0.0015625000232830644 0.012962962500751019
0 0.4645833373069763 0.25462964177131653 0.0031250000465661287 0.024074073880910873
0 0.4736979305744171 0.11249999701976776 0.0015625000232830644 0.012037036940455437
0 0.4802083373069763 0.0625 0.0010416667209938169 0.006481481250375509
0 0.48359376192092896 0.06759259104728699 0.0005208333604969084 0.007407407276332378
0 0.9966145753860474 0.12361110746860504 0.004687500186264515 0.008333333767950535
0 0.8536458611488342 0.11157407611608505 0.004166666883975267 0.012037036940455437
0 0.48229166865348816 0.0773148164153099 0.0010416667209938169 0.008333333767950535
0 0.4802083373069763 0.08518518507480621 0.0010416667209938169 0.009259259328246117
0 0.7033854126930237 0.0634259283542633 0.0015625000232830644 0.004629629664123058
0 0.9861978888511658 0.12129629403352737 0.00572916679084301 0.012962962500751019
0 0.3981770873069763 0.21944443881511688 0.0036458333488553762 0.014814814552664757
0 0.8450520634651184 0.10925926268100739 0.0036458333488553762 0.011111111380159855
0 0.8854166865348816 0.1319444477558136 0.0052083334885537624 0.013888888992369175
1 0.901562511920929 0.08935185521841049 0.014583333395421505 0.008333333767950535
1 0.37838542461395264 0.06759259104728699 0.00572916679084301 0.007407407276332378
1 0.83203125 0.09490741044282913 0.013020833022892475 0.010185184888541698
1 0.5229166746139526 0.07268518209457397 0.01145833358168602 0.008333333767950535
4 0.41223958134651184 0.6837962865829468 0.12447916716337204 0.6268518567085266
4 0.7106770873069763 0.11666666716337204 0.10052083432674408 0.03888889029622078
4 0.8130208253860474 0.07500000298023224 0.07083333283662796 0.025925925001502037
