1 0.3708333373069763 0.07222222536802292 0.0062500000931322575 0.007407407276332378
1 0.5236979126930237 0.07824073731899261 0.01197916641831398 0.008333333767950535
4 0.23125000298023224 0.7837963104248047 0.4625000059604645 0.432407408952713
4 0.7325521111488342 0.13055555522441864 0.1119791641831398 0.04259259253740311
4 0.8346354365348816 0.08148147910833359 0.07656250149011612 0.02777777798473835
6 0.1653645783662796 0.14814814925193787 0.006770833395421505 0.012962962500751019
6 0.5294271111488342 0.11620370298624039 0.0015625000232830644 0.008333333767950535
6 0.5278645753860474 0.10879629850387573 0.0015625000232830644 0.006481481250375509
6 0.1888020783662796 0.13657407462596893 0.0078125 0.008333333767950535
6 0.5372396111488342 0.1268518567085266 0.004687500186264515 0.011111111380159855
6 0.5427083373069763 0.12777778506278992 0.0052083334885537624 0.011111111380159855
6 0.5289062261581421 0.11296296119689941 0.0015625000232830644 0.007407407276332378
2 0.5023437738418579 0.17638888955116272 0.01718750037252903 0.05833333358168602
8 0.6460937261581421 0.14537036418914795 0.0078125 0.012962962500751019
1 0.47578126192092896 0.24675926566123962 0.013020833022892475 0.028703704476356506
1 0.4361979067325592 0.6370370388031006 0.04218750074505806 0.12962962687015533
7 0.67578125 0.1449074000120163 0.00989583320915699 0.013888888992369175
2 0.4937500059604645 0.08657407760620117 0.01875000074505806 0.028703704476356506
7 0.4554687440395355 0.45972222089767456 0.01197916641831398 0.05277777835726738
8 0.6606770753860474 0.14398148655891418 0.0078125 0.013888888992369175
2 0.5044270753860474 0.36574074625968933 0.03593749925494194 0.13148148357868195
0 0.5588541626930237 0.13657407462596893 0.0020833334419876337 0.008333333767950535
0 0.5130208134651184 0.13379628956317902 0.0020833334419876337 0.013888888992369175
0 0.5213541388511658 0.12962962687015533 0.0020833334419876337 0.012962962500751019
0 0.4466145932674408 0.3157407343387604 0.00572916679084301 0.029629629105329514
0 0.47057291865348816 0.125 0.0015625000232830644 0.012962962500751019
0 0.47838541865348816 0.06712962687015533 0.0005208333604969084 0.008333333767950535
0 0.739062488079071 0.23749999701976776 0.0062500000931322575 0.023148147389292717
0 0.7481771111488342 0.2421296238899231 0.006770833395421505 0.023148147389292717
0 0.48229166865348816 0.07268518209457397 0.0010416667209938169 0.008333333767950535
0 0.48124998807907104 0.0833333358168602 0.0010416667209938169 0.009259259328246117
0 0.4778645932674408 0.09212963283061981 0.0015625000232830644 0.010185184888541698
0 0.7114583253860474 0.06805555522441864 0.0020833334419876337 0.004629629664123058
0 0.3830729126930237 0.26342591643333435 0.004687500186264515 0.017592592164874077
0 0.930468738079071 0.14814814925193787 0.00572916679084301 0.014814814552664757
1 0.3708333373069763 0.07222222536802292 0.0062500000931322575 0.007407407276332378
1 0.5236979126930237 0.07824073731899261 0.01197916641831398 0.008333333767950535
4 0.23098959028720856 0.7824074029922485 0.4619791805744171 0.43518519401550293
4 0.7325521111488342 0.13055555522441864 0.1119791641831398 0.04259259253740311
4 0.8346354365348816 0.08148147910833359 0.07656250149011612 0.02777777798473835
