1 0.3747395873069763 0.0694444477558136 0.00572916679084301 0.007407407276332378
1 0.9145833253860474 0.09259258955717087 0.015625 0.009259259328246117
1 0.5229166746139526 0.0754629597067833 0.01145833358168602 0.008333333767950535
4 0.36640626192092896 0.7231481671333313 0.20677083730697632 0.5537037253379822
4 0.7203124761581421 0.12268518656492233 0.10520832985639572 0.03981481492519379
4 0.8226562738418579 0.07824073731899261 0.07343749701976776 0.026851851493120193
6 0.7783854007720947 0.9555555582046509 0.03697916492819786 0.08888889104127884
6 0.5283854007720947 0.11064814776182175 0.0015625000232830644 0.006481481250375509
6 0.5268229246139526 0.10370370000600815 0.0015625000232830644 0.007407407276332378
6 0.20390625298023224 0.12916666269302368 0.0078125 0.006481481250375509
6 0.5356770753860474 0.11990740895271301 0.004687500186264515 0.010185184888541698
6 0.5408853888511658 0.12175925821065903 0.004687500186264515 0.010185184888541698
6 0.5276041626930237 0.10740740597248077 0.0010416667209938169 0.007407407276332378
2 0.5018228888511658 0.16388888657093048 0.01614583283662796 0.05370370298624039
8 0.6380208134651184 0.13657407462596893 0.0072916666977107525 0.012037036940455437
1 0.47838541865348816 0.21990740299224854 0.01197916641831398 0.02500000037252903
1 0.4481770694255829 0.5162037014961243 0.03281249850988388 0.09537036716938019
7 0.6466146111488342 0.06620370596647263 0.00572916679084301 0.006481481250375509
7 0.6666666865348816 0.13703703880310059 0.00937500037252903 0.012962962500751019
2 0.49401041865348816 0.08287037163972855 0.01822916604578495 0.028703704476356506
7 0.4622395932674408 0.3856481611728668 0.00989583320915699 0.043518517166376114
8 0.65234375 0.13611111044883728 0.0078125 0.012962962500751019
2 0.5036458373069763 0.3185185194015503 0.03125 0.1111111119389534
0 0.5580729246139526 0.12916666269302368 0.0026041667442768812 0.008333333767950535
0 0.8669270873069763 0.1268518567085266 0.004687500186264515 0.012962962500751019
0 0.5111979246139526 0.12638889253139496 0.0015625000232830644 0.013888888992369175
0 0.5205729007720947 0.12314815074205399 0.0015625000232830644 0.012962962500751019
0 0.45651042461395264 0.2796296179294586 0.0036458333488553762 0.025925925001502037
0 0.47213542461395264 0.1180555522441864 0.0015625000232830644 0.012037036940455437
0 0.4791666567325592 0.06481481343507767 0.0010416667209938169 0.007407407276332378
0 0.24817708134651184 0.08749999850988388 0.0026041667442768812 0.010185184888541698
0 0.7169271111488342 0.2171296328306198 0.00572916679084301 0.021296296268701553
0 0.4828124940395355 0.06990740448236465 0.0010416667209938169 0.008333333767950535
0 0.8677083253860474 0.11666666716337204 0.004166666883975267 0.012962962500751019
0 0.48124998807907104 0.08009259402751923 0.0010416667209938169 0.008333333767950535
0 0.47864583134651184 0.08842592686414719 0.0010416667209938169 0.010185184888541698
0 0.70703125 0.06527777761220932 0.0015625000232830644 0.004629629664123058
0 0.39114582538604736 0.23888888955116272 0.004166666883975267 0.01666666753590107
0 0.8578125238418579 0.11435185372829437 0.004166666883975267 0.012037036940455437
0 0.905468761920929 0.13935184478759766 0.00572916679084301 0.013888888992369175
1 0.9145833253860474 0.09259258955717087 0.015625 0.009259259328246117
1 0.3747395873069763 0.0694444477558136 0.00572916679084301 0.007407407276332378
1 0.5229166746139526 0.0754629597067833 0.01145833358168602 0.008333333767950535
4 0.36640626192092896 0.7222222089767456 0.2057291716337204 0.5555555820465088
4 0.7203124761581421 0.12268518656492233 0.10520832985639572 0.03981481492519379
4 0.8226562738418579 0.07824073731899261 0.07343749701976776 0.026851851493120193
