1 0.3723958432674408 0.07129629701375961 0.0062500000931322575 0.007407407276332378
1 0.925000011920929 0.09537036716938019 0.01666666753590107 0.009259259328246117
1 0.5236979126930237 0.0773148164153099 0.01197916641831398 0.008333333767950535
4 0.28125 0.760185182094574 0.36770832538604736 0.47962963581085205
4 0.7283853888511658 0.12731482088565826 0.10989583283662796 0.0416666679084301
4 0.8304687738418579 0.08009259402751923 0.0755208358168602 0.026851851493120193
6 0.17135415971279144 0.1449074000120163 0.0062500000931322575 0.012037036940455437
6 0.5289062261581421 0.11435185372829437 0.0015625000232830644 0.008333333767950535
6 0.52734375 0.10694444179534912 0.0015625000232830644 0.006481481250375509
6 0.1940104216337204 0.13425925374031067 0.0078125 0.007407407276332378
6 0.5367187261581421 0.1240740716457367 0.004687500186264515 0.011111111380159855
6 0.5419270992279053 0.1259259283542633 0.004687500186264515 0.011111111380159855
6 0.5283854007720947 0.1111111119389534 0.0015625000232830644 0.007407407276332378
2 0.5020833611488342 0.17175926268100739 0.01666666753590107 0.05648148059844971
8 0.6432291865348816 0.14212962985038757 0.0072916666977107525 0.012037036940455437
1 0.4768229126930237 0.2370370328426361 0.013020833022892475 0.02777777798473835
1 0.4411458373069763 0.5902777910232544 0.03854166716337204 0.11574073880910873
7 0.6723958253860474 0.14212962985038757 0.00937500037252903 0.013888888992369175
2 0.49401041865348816 0.08564814925193787 0.01822916604578495 0.028703704476356506
7 0.4580729305744171 0.43194442987442017 0.010937499813735485 0.049074072390794754
8 0.6578124761581421 0.14120370149612427 0.008333333767950535 0.013888888992369175
2 0.50390625 0.34861111640930176 0.0338541679084301 0.12314815074205399
0 0.55859375 0.13379628956317902 0.0026041667442768812 0.008333333767950535
0 0.5122395753860474 0.1310185194015503 0.0015625000232830644 0.013888888992369175
0 0.5210937261581421 0.12731482088565826 0.0015625000232830644 0.013888888992369175
0 0.44973957538604736 0.302314817905426 0.004687500186264515 0.028703704476356506
0 0.4710937440395355 0.12222222238779068 0.0015625000232830644 0.012962962500751019
0 0.47864583134651184 0.06666667014360428 0.0010416667209938169 0.007407407276332378
0 0.731249988079071 0.23055554926395416 0.0062500000931322575 0.02222222276031971
0 0.48229166865348816 0.07175926119089127 0.0010416667209938169 0.008333333767950535
0 0.48124998807907104 0.0824074074625969 0.0010416667209938169 0.009259259328246117
0 0.4781250059604645 0.0912037044763565 0.0010416667209938169 0.010185184888541698
0 0.7098958492279053 0.06712962687015533 0.0020833334419876337 0.004629629664123058
0 0.38593751192092896 0.25462964177131653 0.004166666883975267 0.01666666753590107
0 0.9216145873069763 0.14537036418914795 0.00572916679084301 0.014814814552664757
1 0.925000011920929 0.09537036716938019 0.01666666753590107 0.009259259328246117
1 0.3723958432674408 0.07129629701375961 0.0062500000931322575 0.007407407276332378
1 0.5236979126930237 0.0773148164153099 0.01197916641831398 0.008333333767950535
4 0.2828125059604645 0.7587962746620178 0.3635416626930237 0.48240742087364197
4 0.7283853888511658 0.12731482088565826 0.10989583283662796 0.0416666679084301
4 0.8304687738418579 0.08009259402751923 0.0755208358168602 0.026851851493120193
