1 0.3726562559604645 0.07083333283662796 0.00572916679084301 0.008333333767950535
1 0.5234375 0.07685185223817825 0.01145833358168602 0.009259259328246117
4 0.3033854067325592 0.7527777552604675 0.3255208432674408 0.49444442987442017
4 0.7268229126930237 0.1268518567085266 0.10885416716337204 0.040740739554166794
4 0.8291666507720947 0.07962962985038757 0.07500000298023224 0.02777777798473835
6 0.17343750596046448 0.14398148655891418 0.0062500000931322575 0.012037036940455437
6 0.5289062261581421 0.11388888955116272 0.0015625000232830644 0.007407407276332378
6 0.52734375 0.10648148506879807 0.0015625000232830644 0.007407407276332378
6 0.19609375298023224 0.13333334028720856 0.0078125 0.007407407276332378
6 0.5364583134651184 0.12361110746860504 0.004166666883975267 0.010185184888541698
6 0.5419270992279053 0.125 0.004687500186264515 0.011111111380159855
6 0.5283854007720947 0.1101851835846901 0.0015625000232830644 0.007407407276332378
2 0.5020833611488342 0.17037037014961243 0.01666666753590107 0.0555555559694767
8 0.6421874761581421 0.14120370149612427 0.0072916666977107525 0.012037036940455437
1 0.47708332538604736 0.23379629850387573 0.012500000186264515 0.026851851493120193
1 0.44218748807907104 0.5763888955116272 0.03750000149011612 0.1120370402932167
7 0.6713541746139526 0.14120370149612427 0.00937500037252903 0.013888888992369175
2 0.49401041865348816 0.08472222089767456 0.01822916604578495 0.028703704476356506
7 0.45885416865348816 0.42314815521240234 0.01145833358168602 0.04814814776182175
8 0.657031238079071 0.14027777314186096 0.0078125 0.013888888992369175
2 0.50390625 0.3430555462837219 0.0338541679084301 0.12129629403352737
0 0.5583333373069763 0.1328703761100769 0.0020833334419876337 0.008333333767950535
0 0.5122395753860474 0.130092591047287 0.0015625000232830644 0.013888888992369175
0 0.5210937261581421 0.1268518567085266 0.0015625000232830644 0.012962962500751019
0 0.4507812559604645 0.29814815521240234 0.004687500186264515 0.02777777798473835
0 0.4710937440395355 0.12129629403352737 0.0015625000232830644 0.012962962500751019
0 0.47864583134651184 0.06620370596647263 0.0010416667209938169 0.008333333767950535
0 0.48229166865348816 0.07083333283662796 0.0010416667209938169 0.008333333767950535
0 0.48124998807907104 0.08148147910833359 0.0010416667209938169 0.009259259328246117
0 0.4781250059604645 0.0902777761220932 0.0010416667209938169 0.010185184888541698
0 0.7093750238418579 0.06666667014360428 0.0020833334419876337 0.003703703638166189
0 0.3869791626930237 0.2518518567085266 0.004166666883975267 0.01666666753590107
0 0.9190104007720947 0.14444445073604584 0.00572916679084301 0.014814814552664757
1 0.3726562559604645 0.07083333283662796 0.00572916679084301 0.008333333767950535
1 0.5234375 0.07685185223817825 0.01145833358168602 0.009259259328246117
4 0.3044270873069763 0.7518518567085266 0.32239583134651184 0.4962962865829468
4 0.7268229126930237 0.1268518567085266 0.10885416716337204 0.040740739554166794
4 0.8291666507720947 0.07962962985038757 0.07500000298023224 0.02777777798473835
