1 0.3739583194255829 0.07037036865949631 0.0062500000931322575 0.007407407276332378
1 0.91796875 0.09351851791143417 0.01614583283662796 0.009259259328246117
1 0.5231770873069763 0.07592592388391495 0.01197916641831398 0.009259259328246117
4 0.3473958373069763 0.7337962985038757 0.24166665971279144 0.5324074029922485
4 0.7229166626930237 0.1240740716457367 0.10729166865348816 0.040740739554166794
4 0.8252604007720947 0.07870370149612427 0.07447917014360428 0.02777777798473835
6 0.17916665971279144 0.14120370149612427 0.0062500000931322575 0.012037036940455437
6 0.800000011920929 0.9907407164573669 0.04270833358168602 0.018518518656492233
6 0.5283854007720947 0.1120370402932167 0.0015625000232830644 0.007407407276332378
6 0.5270833373069763 0.1050925925374031 0.0010416667209938169 0.006481481250375509
6 0.20078125596046448 0.13055555522441864 0.0078125 0.007407407276332378
6 0.535937488079071 0.12129629403352737 0.004166666883975267 0.011111111380159855
6 0.5408853888511658 0.12268518656492233 0.004687500186264515 0.010185184888541698
6 0.5278645753860474 0.10833333432674408 0.0015625000232830644 0.007407407276332378
2 0.5018228888511658 0.16620370745658875 0.01614583283662796 0.05462963134050369
8 0.639843761920929 0.13842593133449554 0.0078125 0.012037036940455437
1 0.4778645932674408 0.22546295821666718 0.01197916641831398 0.02500000037252903
1 0.4463541805744171 0.5384259223937988 0.03437500074505806 0.10092592239379883
7 0.6466146111488342 0.06620370596647263 0.00572916679084301 0.006481481250375509
7 0.6682291626930237 0.13842593133449554 0.00937500037252903 0.013888888992369175
2 0.49401041865348816 0.0833333358168602 0.01822916604578495 0.02777777798473835
7 0.4609375 0.39953702688217163 0.010416666977107525 0.04537037014961243
8 0.6539062261581421 0.13750000298023224 0.0078125 0.013888888992369175
2 0.5036458373069763 0.32777777314186096 0.03229166567325592 0.11481481790542603
0 0.5583333373069763 0.130092591047287 0.0020833334419876337 0.008333333767950535
0 0.8705729246139526 0.12824073433876038 0.004687500186264515 0.013888888992369175
0 0.51171875 0.12777778506278992 0.0015625000232830644 0.012962962500751019
0 0.5205729007720947 0.1240740716457367 0.0015625000232830644 0.012962962500751019
0 0.4541666805744171 0.2865740656852722 0.004166666883975267 0.026851851493120193
0 0.4716145694255829 0.11944444477558136 0.0015625000232830644 0.012962962500751019
0 0.47864583134651184 0.06574074178934097 0.0010416667209938169 0.007407407276332378
0 0.24609375 0.08842592686414719 0.0026041667442768812 0.010185184888541698
0 0.48255208134651184 0.07037036865949631 0.0005208333604969084 0.007407407276332378
0 0.8713541626930237 0.1180555522441864 0.004166666883975267 0.012037036940455437
0 0.48124998807907104 0.08055555820465088 0.0010416667209938169 0.009259259328246117
0 0.47864583134651184 0.08935185521841049 0.0010416667209938169 0.010185184888541698
0 0.707812488079071 0.06620370596647263 0.0020833334419876337 0.004629629664123058
0 0.3895833194255829 0.24351851642131805 0.004166666883975267 0.01666666753590107
0 0.9106770753860474 0.14120370149612427 0.00572916679084301 0.013888888992369175
1 0.91796875 0.09351851791143417 0.01614583283662796 0.009259259328246117
1 0.3739583194255829 0.07037036865949631 0.0062500000931322575 0.007407407276332378
1 0.5234375 0.07592592388391495 0.01145833358168602 0.009259259328246117
4 0.34765625 0.7328703999519348 0.24010416865348816 0.5342592597007751
4 0.7229166626930237 0.1240740716457367 0.10729166865348816 0.040740739554166794
4 0.8252604007720947 0.07870370149612427 0.07447917014360428 0.02777777798473835
