1 0.3669270873069763 0.07453703880310059 0.006770833395421505 0.008333333767950535
1 0.9481770992279053 0.10138888657093048 0.01822916604578495 0.010185184888541698
1 0.5244791507720947 0.08148147910833359 0.012500000186264515 0.009259259328246117
4 0.7466145753860474 0.13935184478759766 0.11927083134651184 0.04537037014961243
4 0.84765625 0.08472222089767456 0.07968749850988388 0.028703704476356506
6 0.14505209028720856 0.15740740299224854 0.0078125 0.012962962500751019
6 0.5309895873069763 0.12268518656492233 0.0015625000232830644 0.008333333767950535
6 0.5289062261581421 0.11388888955116272 0.0015625000232830644 0.007407407276332378
6 0.17161458730697632 0.1449074000120163 0.008854166604578495 0.008333333767950535
6 0.5390625 0.13379628956317902 0.0052083334885537624 0.012037036940455437
6 0.5447916388511658 0.13564814627170563 0.0052083334885537624 0.012037036940455437
6 0.5299479365348816 0.11851851642131805 0.0015625000232830644 0.007407407276332378
2 0.5020833611488342 0.19166666269302368 0.01875000074505806 0.06296296417713165
8 0.6546875238418579 0.15416666865348816 0.008333333767950535 0.013888888992369175
1 0.47265625 0.2805555462837219 0.015104166232049465 0.03333333507180214
1 0.41614583134651184 0.8356481194496155 0.05937499925494194 0.1935185194015503
7 0.6859375238418579 0.1546296328306198 0.010416666977107525 0.014814814552664757
2 0.4937500059604645 0.0902777761220932 0.01979166641831398 0.03055555559694767
7 0.4450520873069763 0.5694444179534912 0.01614583283662796 0.07037036865949631
8 0.6703125238418579 0.1537037044763565 0.008333333767950535 0.014814814552664757
2 0.504687488079071 0.43101853132247925 0.04270833358168602 0.16018518805503845
0 0.5598958134651184 0.14444445073604584 0.0020833334419876337 0.009259259328246117
0 0.5151041746139526 0.14166666567325592 0.0020833334419876337 0.014814814552664757
0 0.5221354365348816 0.13657407462596893 0.0015625000232830644 0.013888888992369175
0 0.4348958432674408 0.3629629611968994 0.0062500000931322575 0.03333333507180214
0 0.46927082538604736 0.1328703761100769 0.0020833334419876337 0.013888888992369175
0 0.4776041805744171 0.06990740448236465 0.0010416667209938169 0.008333333767950535
0 0.22760416567325592 0.09583333134651184 0.0031250000465661287 0.010185184888541698
0 0.766406238079071 0.26249998807907104 0.0078125 0.02500000037252903
0 0.76953125 0.2680555582046509 0.0078125 0.02500000037252903
0 0.4815104305744171 0.0754629597067833 0.0005208333604969084 0.008333333767950535
0 0.48098957538604736 0.08657407760620117 0.0015625000232830644 0.010185184888541698
0 0.4768229126930237 0.09675925970077515 0.0015625000232830644 0.010185184888541698
0 0.37291666865348816 0.29398149251937866 0.0052083334885537624 0.01944444514811039
1 0.948437511920929 0.10138888657093048 0.01770833320915699 0.010185184888541698
1 0.3669270873069763 0.07453703880310059 0.006770833395421505 0.008333333767950535
1 0.5247395634651184 0.08148147910833359 0.01197916641831398 0.009259259328246117
4 0.7466145753860474 0.13935184478759766 0.11927083134651184 0.04537037014961243
4 0.84765625 0.08472222089767456 0.07968749850988388 0.028703704476356506
