1 0.3682291805744171 0.07361111044883728 0.0062500000931322575 0.008333333767950535
1 0.942187488079071 0.09953703731298447 0.01770833320915699 0.010185184888541698
1 0.524218738079071 0.08009259402751923 0.01197916641831398 0.008333333767950535
4 0.7416666746139526 0.13611111044883728 0.11666666716337204 0.04444444552063942
4 0.8432291746139526 0.08379629999399185 0.07916666567325592 0.028703704476356506
6 0.15208333730697632 0.1546296328306198 0.0072916666977107525 0.012962962500751019
6 0.530468761920929 0.12037037312984467 0.0015625000232830644 0.007407407276332378
6 0.5289062261581421 0.1120370402932167 0.0015625000232830644 0.007407407276332378
6 0.17760416865348816 0.14212962985038757 0.008333333767950535 0.008333333767950535
6 0.5385416746139526 0.13148148357868195 0.0052083334885537624 0.011111111380159855
6 0.5442708134651184 0.13333334028720856 0.0052083334885537624 0.011111111380159855
6 0.5294271111488342 0.11666666716337204 0.0015625000232830644 0.007407407276332378
2 0.5023437738418579 0.18611110746860504 0.01822916604578495 0.06111111119389534
8 0.651562511920929 0.1509259194135666 0.008333333767950535 0.012962962500751019
1 0.4739583432674408 0.26851850748062134 0.014583333395421505 0.031481482088565826
1 0.4242187440395355 0.7564814686775208 0.05260416492819786 0.1666666716337204
7 0.6825520992279053 0.1509259194135666 0.00989583320915699 0.014814814552664757
2 0.4937500059604645 0.08888889104127884 0.01875000074505806 0.029629629105329514
7 0.4489583373069763 0.5273148417472839 0.014583333395421505 0.06388889253139496
8 0.6669270992279053 0.15000000596046448 0.008854166604578495 0.014814814552664757
2 0.5044270753860474 0.4069444537162781 0.04010416567325592 0.14907407760620117
0 0.5596354007720947 0.14166666567325592 0.0026041667442768812 0.009259259328246117
0 0.5143229365348816 0.1388888955116272 0.0015625000232830644 0.014814814552664757
0 0.5218750238418579 0.13472221791744232 0.0020833334419876337 0.013888888992369175
0 0.4390625059604645 0.34583333134651184 0.0062500000931322575 0.032407406717538834
0 0.46953123807907104 0.12962962687015533 0.0015625000232830644 0.012962962500751019
0 0.4778645932674408 0.06898148357868195 0.0005208333604969084 0.008333333767950535
0 0.23125000298023224 0.09398148208856583 0.0031250000465661287 0.010185184888541698
0 0.7567708492279053 0.2537037134170532 0.0072916666977107525 0.024074073880910873
0 0.7619791626930237 0.25833332538604736 0.0072916666977107525 0.024074073880910873
0 0.4817708432674408 0.07453703880310059 0.0010416667209938169 0.008333333767950535
0 0.48098957538604736 0.08518518507480621 0.0015625000232830644 0.009259259328246117
0 0.47708332538604736 0.09490741044282913 0.0010416667209938169 0.010185184888541698
0 0.37682291865348816 0.28240740299224854 0.004687500186264515 0.018518518656492233
1 0.942187488079071 0.10000000149011612 0.01770833320915699 0.009259259328246117
1 0.3682291805744171 0.07361111044883728 0.0062500000931322575 0.008333333767950535
1 0.5244791507720947 0.08009259402751923 0.012500000186264515 0.008333333767950535
4 0.7416666746139526 0.13611111044883728 0.11666666716337204 0.04444444552063942
4 0.8432291746139526 0.08379629999399185 0.07916666567325592 0.028703704476356506
