1 0.37031251192092896 0.07222222536802292 0.0062500000931322575 0.007407407276332378
1 0.9322916865348816 0.0972222238779068 0.01666666753590107 0.009259259328246117
1 0.5236979126930237 0.07824073731899261 0.01197916641831398 0.008333333767950535
4 0.23072916269302368 0.7925925850868225 0.46145832538604736 0.4148148000240326
4 0.7341145873069763 0.13148148357868195 0.11302082985639572 0.04259259253740311
6 0.16328124701976776 0.14907407760620117 0.006770833395421505 0.012962962500751019
6 0.5299479365348816 0.11666666716337204 0.0015625000232830644 0.007407407276332378
6 0.5278645753860474 0.10925926268100739 0.0015625000232830644 0.007407407276332378
6 0.18697915971279144 0.13750000298023224 0.008333333767950535 0.008333333767950535
6 0.5375000238418579 0.12731482088565826 0.0052083334885537624 0.010185184888541698
6 0.54296875 0.12870369851589203 0.004687500186264515 0.011111111380159855
6 0.5289062261581421 0.11296296119689941 0.0015625000232830644 0.007407407276332378
2 0.5020833611488342 0.17824074625968933 0.01770833320915699 0.05833333358168602
8 0.6466146111488342 0.14629629254341125 0.0078125 0.012962962500751019
1 0.4755208194255829 0.25 0.01354166679084301 0.029629629105329514
1 0.4346354305744171 0.6541666388511658 0.04322916641831398 0.13425925374031067
7 0.6466146111488342 0.06851851940155029 0.00572916679084301 0.007407407276332378
7 0.6768229007720947 0.1458333283662796 0.00989583320915699 0.013888888992369175
2 0.4937500059604645 0.08703703433275223 0.01875000074505806 0.029629629105329514
7 0.4546875059604645 0.46990740299224854 0.012500000186264515 0.05462963134050369
8 0.6617187261581421 0.1449074000120163 0.0078125 0.013888888992369175
2 0.5041666626930237 0.3722222149372101 0.0364583320915699 0.13333334028720856
0 0.5591145753860474 0.13703703880310059 0.0026041667442768812 0.009259259328246117
0 0.5132812261581421 0.13472221791744232 0.0015625000232830644 0.013888888992369175
0 0.5213541388511658 0.130092591047287 0.0020833334419876337 0.013888888992369175
0 0.4453125 0.31990739703178406 0.0052083334885537624 0.03055555559694767
0 0.47057291865348816 0.1259259283542633 0.0015625000232830644 0.012962962500751019
0 0.4781250059604645 0.06759259104728699 0.0010416667209938169 0.007407407276332378
0 0.7419270873069763 0.24027778208255768 0.006770833395421505 0.023148147389292717
0 0.7502604126930237 0.24444444477558136 0.006770833395421505 0.024074073880910873
0 0.4820312559604645 0.07268518209457397 0.0005208333604969084 0.008333333767950535
0 0.8872395753860474 0.12314815074205399 0.004687500186264515 0.012962962500751019
0 0.48098957538604736 0.0833333358168602 0.0015625000232830644 0.009259259328246117
0 0.4776041805744171 0.09305555373430252 0.0010416667209938169 0.010185184888541698
0 0.7119791507720947 0.06805555522441864 0.0020833334419876337 0.004629629664123058
0 0.38203126192092896 0.26620370149612427 0.004687500186264515 0.017592592164874077
0 0.9333333373069763 0.14907407760620117 0.0062500000931322575 0.014814814552664757
1 0.9325520992279053 0.0972222238779068 0.01718750037252903 0.009259259328246117
1 0.37031251192092896 0.07222222536802292 0.0062500000931322575 0.007407407276332378
1 0.5239583253860474 0.07824073731899261 0.01145833358168602 0.008333333767950535
4 0.23046875 0.7912036776542664 0.4609375 0.4175925850868225
4 0.7341145873069763 0.13148148357868195 0.11302082985639572 0.04259259253740311
