1 0.36250001192092896 0.0773148164153099 0.0072916666977107525 0.008333333767950535
1 0.5255208611488342 0.08425925672054291 0.012500000186264515 0.009259259328246117
4 0.7622395753860474 0.14861111342906952 0.1276041716337204 0.04722222313284874
4 0.8614583611488342 0.08888889104127884 0.0833333358168602 0.029629629105329514
6 0.12265624850988388 0.16851851344108582 0.008854166604578495 0.014814814552664757
6 0.5325520634651184 0.12916666269302368 0.0015625000232830644 0.008333333767950535
6 0.530468761920929 0.12037037312984467 0.0015625000232830644 0.007407407276332378
6 0.15260416269302368 0.15416666865348816 0.00937500037252903 0.008333333767950535
6 0.5411458611488342 0.14212962985038757 0.0052083334885537624 0.012037036940455437
6 0.5473958253860474 0.14398148655891418 0.0052083334885537624 0.012037036940455437
6 0.5315104126930237 0.12453703582286835 0.0015625000232830644 0.008333333767950535
2 0.5023437738418579 0.2083333283662796 0.02031249925494194 0.06851851940155029
8 0.6643229126930237 0.1648148149251938 0.008854166604578495 0.014814814552664757
8 0.5213541388511658 0.07268518209457397 0.004166666883975267 0.008333333767950535
1 0.4684895873069763 0.3236111104488373 0.01822916604578495 0.03981481492519379
7 0.6976562738418579 0.16527777910232544 0.010937499813735485 0.015740741044282913
2 0.4934895932674408 0.09444444626569748 0.02031249925494194 0.031481482088565826
7 0.4283854067325592 0.7430555820465088 0.02239583246409893 0.09907407313585281
8 0.6807291507720947 0.16435185074806213 0.00937500037252903 0.015740741044282913
2 0.5059896111488342 0.5217592716217041 0.05260416492819786 0.20277777314186096
0 0.5611979365348816 0.1537037044763565 0.0026041667442768812 0.009259259328246117
0 0.5174478888511658 0.1509259194135666 0.0015625000232830644 0.014814814552664757
0 0.5229166746139526 0.14444445073604584 0.0020833334419876337 0.014814814552664757
0 0.4195312559604645 0.4254629611968994 0.0078125 0.037962961941957474
0 0.46822917461395264 0.14120370149612427 0.0020833334419876337 0.013888888992369175
0 0.47708332538604736 0.07222222536802292 0.0010416667209938169 0.007407407276332378
0 0.2161458283662796 0.10000000149011612 0.0031250000465661287 0.011111111380159855
0 0.7997395992279053 0.2916666567325592 0.008854166604578495 0.02777777798473835
0 0.7953125238418579 0.29907408356666565 0.00937500037252903 0.02777777798473835
0 0.4807291626930237 0.07824073731899261 0.0010416667209938169 0.008333333767950535
0 0.4807291626930237 0.0902777761220932 0.0010416667209938169 0.010185184888541698
0 0.47578126192092896 0.10138888657093048 0.0015625000232830644 0.010185184888541698
0 0.3609375059604645 0.3305555582046509 0.0062500000931322575 0.02222222276031971
0 0.8674479126930237 0.1518518477678299 0.00572916679084301 0.014814814552664757
1 0.36250001192092896 0.0773148164153099 0.0072916666977107525 0.008333333767950535
1 0.5255208611488342 0.08425925672054291 0.012500000186264515 0.009259259328246117
4 0.7622395753860474 0.14861111342906952 0.1276041716337204 0.04722222313284874
4 0.8614583611488342 0.08888889104127884 0.0833333358168602 0.029629629105329514
