1 0.36276042461395264 0.0773148164153099 0.006770833395421505 0.008333333767950535
1 0.5255208611488342 0.08425925672054291 0.012500000186264515 0.009259259328246117
4 0.7606770992279053 0.1476851850748062 0.12656250596046448 0.04722222313284874
4 0.8598958253860474 0.08842592686414719 0.0833333358168602 0.03055555559694767
6 0.12526041269302368 0.16712963581085205 0.0078125 0.013888888992369175
6 0.5322916507720947 0.12824073433876038 0.0020833334419876337 0.008333333767950535
6 0.530468761920929 0.11944444477558136 0.0015625000232830644 0.007407407276332378
6 0.15468749403953552 0.15324074029922485 0.00937500037252903 0.008333333767950535
6 0.5411458611488342 0.14120370149612427 0.0052083334885537624 0.012037036940455437
6 0.5471354126930237 0.14305555820465088 0.00572916679084301 0.012037036940455437
6 0.5315104126930237 0.12361110746860504 0.0015625000232830644 0.008333333767950535
2 0.5023437738418579 0.20648148655891418 0.02031249925494194 0.06851851940155029
8 0.663281261920929 0.16388888657093048 0.008854166604578495 0.014814814552664757
8 0.5216146111488342 0.07268518209457397 0.0036458333488553762 0.008333333767950535
1 0.4690104126930237 0.3185185194015503 0.01718750037252903 0.03888889029622078
1 0.3838541805744171 0.9930555820465088 0.08958332985639572 0.013888888992369175
7 0.6963541507720947 0.16342592239379883 0.01145833358168602 0.015740741044282913
2 0.4934895932674408 0.09444444626569748 0.02031249925494194 0.031481482088565826
7 0.4307291805744171 0.7189815044403076 0.02187499962747097 0.09537036716938019
8 0.6796875 0.16249999403953552 0.00937500037252903 0.015740741044282913
2 0.5059896111488342 0.510185182094574 0.05156249925494194 0.19629628956317902
0 0.5611979365348816 0.1527777761220932 0.0026041667442768812 0.009259259328246117
0 0.5171874761581421 0.15000000596046448 0.0020833334419876337 0.014814814552664757
0 0.5229166746139526 0.14398148655891418 0.0020833334419876337 0.013888888992369175
0 0.42135417461395264 0.41805556416511536 0.0072916666977107525 0.037962961941957474
0 0.46822917461395264 0.14027777314186096 0.0020833334419876337 0.013888888992369175
0 0.47708332538604736 0.07175926119089127 0.0010416667209938169 0.008333333767950535
0 0.21718749403953552 0.09953703731298447 0.0031250000465661287 0.010185184888541698
0 0.796093761920929 0.28842592239379883 0.008854166604578495 0.026851851493120193
0 0.7924479246139526 0.2953703701496124 0.008854166604578495 0.02777777798473835
0 0.4807291626930237 0.07777778059244156 0.0010416667209938169 0.009259259328246117
0 0.4807291626930237 0.08981481194496155 0.0010416667209938169 0.009259259328246117
0 0.47604167461395264 0.10092592239379883 0.0010416667209938169 0.011111111380159855
0 0.3622395694255829 0.3263888955116272 0.00572916679084301 0.021296296268701553
0 0.8651041388511658 0.1509259194135666 0.0052083334885537624 0.014814814552664757
1 0.36276042461395264 0.0773148164153099 0.006770833395421505 0.008333333767950535
1 0.5255208611488342 0.08425925672054291 0.012500000186264515 0.009259259328246117
4 0.7606770992279053 0.1476851850748062 0.12656250596046448 0.04722222313284874
4 0.8598958253860474 0.08842592686414719 0.0833333358168602 0.03055555559694767
