1 0.36536458134651184 0.0754629597067833 0.006770833395421505 0.008333333767950535
1 0.9544270634651184 0.10324074327945709 0.01822916604578495 0.010185184888541698
1 0.5249999761581421 0.0824074074625969 0.012500000186264515 0.009259259328246117
4 0.7515624761581421 0.14212962985038757 0.12187500298023224 0.04537037014961243
4 0.8520833253860474 0.08611111342906952 0.08124999701976776 0.029629629105329514
6 0.1380208283662796 0.16111111640930176 0.0072916666977107525 0.012962962500751019
6 0.5315104126930237 0.12453703582286835 0.0015625000232830644 0.008333333767950535
6 0.5294271111488342 0.11620370298624039 0.0015625000232830644 0.008333333767950535
6 0.1653645783662796 0.1476851850748062 0.008854166604578495 0.008333333767950535
6 0.539843738079071 0.13611111044883728 0.004687500186264515 0.011111111380159855
6 0.5458333492279053 0.13842593133449554 0.0052083334885537624 0.012037036940455437
6 0.530468761920929 0.12037037312984467 0.0015625000232830644 0.007407407276332378
2 0.5023437738418579 0.19629628956317902 0.01927083358168602 0.06481481343507767
8 0.6575520634651184 0.1578703671693802 0.008854166604578495 0.013888888992369175
1 0.4716145694255829 0.2935185134410858 0.01614583283662796 0.035185184329748154
1 0.40677082538604736 0.9069444537162781 0.0677083358168602 0.18611110746860504
7 0.6898437738418579 0.1578703671693802 0.010937499813735485 0.015740741044282913
2 0.4937500059604645 0.09212963283061981 0.01979166641831398 0.03055555559694767
7 0.44062501192092896 0.6171296238899231 0.01770833320915699 0.07685185223817825
8 0.6736978888511658 0.15694443881511688 0.008854166604578495 0.015740741044282913
2 0.5052083134651184 0.4574074149131775 0.04583333432674408 0.17222222685813904
0 0.5604166388511658 0.14722222089767456 0.0020833334419876337 0.009259259328246117
0 0.5158854126930237 0.14444445073604584 0.0015625000232830644 0.014814814552664757
0 0.5223958492279053 0.13935184478759766 0.0020833334419876337 0.013888888992369175
0 0.43046873807907104 0.38148146867752075 0.006770833395421505 0.035185184329748154
0 0.46875 0.13564814627170563 0.0020833334419876337 0.013888888992369175
0 0.4776041805744171 0.07037036865949631 0.0010416667209938169 0.007407407276332378
0 0.2239583283662796 0.0972222238779068 0.0031250000465661287 0.011111111380159855
0 0.7768229246139526 0.27129629254341125 0.0078125 0.025925925001502037
0 0.7776041626930237 0.2777777910232544 0.008333333767950535 0.025925925001502037
0 0.48124998807907104 0.0763888880610466 0.0010416667209938169 0.008333333767950535
0 0.48098957538604736 0.08796296268701553 0.0015625000232830644 0.009259259328246117
0 0.4765625 0.09814814478158951 0.0010416667209938169 0.011111111380159855
0 0.3695312440395355 0.3046296238899231 0.00572916679084301 0.020370369777083397
1 0.9544270634651184 0.10324074327945709 0.01822916604578495 0.010185184888541698
1 0.36536458134651184 0.0754629597067833 0.006770833395421505 0.008333333767950535
1 0.5249999761581421 0.0824074074625969 0.012500000186264515 0.009259259328246117
4 0.7515624761581421 0.14212962985038757 0.12187500298023224 0.04537037014961243
4 0.8520833253860474 0.08611111342906952 0.08124999701976776 0.029629629105329514
