1 0.36328125 0.07685185223817825 0.006770833395421505 0.007407407276332378
1 0.5252603888511658 0.08379629999399185 0.013020833022892475 0.008333333767950535
4 0.758593738079071 0.1467592567205429 0.12552084028720856 0.04722222313284874
4 0.8583333492279053 0.08796296268701553 0.08229167014360428 0.029629629105329514
6 0.12786458432674408 0.16620370745658875 0.0078125 0.013888888992369175
6 0.532031238079071 0.12731482088565826 0.0015625000232830644 0.008333333767950535
6 0.5302083492279053 0.11851851642131805 0.0020833334419876337 0.007407407276332378
6 0.15677084028720856 0.1518518477678299 0.00937500037252903 0.009259259328246117
6 0.5406249761581421 0.1398148089647293 0.0052083334885537624 0.011111111380159855
6 0.546875 0.14212962985038757 0.0052083334885537624 0.012037036940455437
6 0.53125 0.12314815074205399 0.0020833334419876337 0.007407407276332378
2 0.5026041865348816 0.20416666567325592 0.01979166641831398 0.06759259104728699
8 0.6617187261581421 0.16249999403953552 0.008854166604578495 0.013888888992369175
8 0.5218750238418579 0.07222222536802292 0.004166666883975267 0.007407407276332378
1 0.46953123807907104 0.31296294927597046 0.01718750037252903 0.03888889029622078
1 0.3895833194255829 0.9726851582527161 0.08437500149011612 0.05462963134050369
7 0.6950520873069763 0.16249999403953552 0.010937499813735485 0.015740741044282913
2 0.4934895932674408 0.09351851791143417 0.02031249925494194 0.031481482088565826
7 0.43307292461395264 0.6953703761100769 0.02031249925494194 0.09074074029922485
8 0.6783854365348816 0.1615740805864334 0.008854166604578495 0.015740741044282913
2 0.5057291388511658 0.49861112236976624 0.05000000074505806 0.19166666269302368
0 0.5606771111488342 0.1518518477678299 0.0026041667442768812 0.009259259328246117
0 0.5166666507720947 0.14861111342906952 0.0020833334419876337 0.015740741044282913
0 0.5229166746139526 0.14305555820465088 0.0020833334419876337 0.013888888992369175
0 0.4234375059604645 0.41018518805503845 0.0072916666977107525 0.03703703731298447
0 0.46822917461395264 0.13935184478759766 0.0020833334419876337 0.013888888992369175
0 0.47708332538604736 0.07175926119089127 0.0010416667209938169 0.008333333767950535
0 0.21875 0.09907407313585281 0.0031250000465661287 0.011111111380159855
0 0.7919270992279053 0.2847222089767456 0.008854166604578495 0.026851851493120193
0 0.7893229126930237 0.2916666567325592 0.008854166604578495 0.02777777798473835
0 0.4807291626930237 0.0773148164153099 0.0010416667209938169 0.008333333767950535
0 0.48098957538604736 0.08935185521841049 0.0015625000232830644 0.010185184888541698
0 0.47604167461395264 0.10046296566724777 0.0010416667209938169 0.010185184888541698
0 0.36380207538604736 0.32175925374031067 0.00572916679084301 0.021296296268701553
0 0.9833333492279053 0.1666666716337204 0.0072916666977107525 0.01666666753590107
0 0.8622395992279053 0.14953704178333282 0.00572916679084301 0.015740741044282913
1 0.36328125 0.07685185223817825 0.006770833395421505 0.007407407276332378
1 0.5252603888511658 0.0833333358168602 0.013020833022892475 0.009259259328246117
4 0.758593738079071 0.1467592567205429 0.12552084028720856 0.04722222313284874
4 0.8583333492279053 0.08796296268701553 0.08229167014360428 0.029629629105329514
