1 0.3578124940395355 0.08055555820465088 0.0072916666977107525 0.009259259328246117
1 0.9880208373069763 0.11157407611608505 0.02083333395421505 0.012037036940455437
1 0.5263020992279053 0.08796296268701553 0.013020833022892475 0.009259259328246117
4 0.7807291746139526 0.1597222238779068 0.13750000298023224 0.05092592537403107
4 0.8770833611488342 0.09351851791143417 0.08749999850988388 0.031481482088565826
6 0.09661458432674408 0.18101851642131805 0.00989583320915699 0.015740741044282913
6 0.534375011920929 0.13657407462596893 0.0020833334419876337 0.008333333767950535
6 0.532031238079071 0.12638889253139496 0.0015625000232830644 0.008333333767950535
6 0.13046875596046448 0.1648148149251938 0.00989583320915699 0.009259259328246117
6 0.543749988079071 0.1509259194135666 0.0052083334885537624 0.012962962500751019
6 0.5502604246139526 0.1527777761220932 0.00572916679084301 0.012962962500751019
6 0.5330728888511658 0.1319444477558136 0.0015625000232830644 0.008333333767950535
2 0.5028645992279053 0.2291666716337204 0.02239583246409893 0.07685185223817825
8 0.6752604246139526 0.17685185372829437 0.00989583320915699 0.014814814552664757
8 0.5177083611488342 0.0754629597067833 0.004166666883975267 0.008333333767950535
1 0.46276041865348816 0.38333332538604736 0.02135416679084301 0.05000000074505806
7 0.7111979126930237 0.17685185372829437 0.01197916641831398 0.01666666753590107
2 0.4934895932674408 0.09953703731298447 0.02135416679084301 0.032407406717538834
8 0.6932291388511658 0.17592592537403107 0.010416666977107525 0.01666666753590107
2 0.5078125 0.6629629731178284 0.06875000149011612 0.2759259343147278
0 0.5625 0.16435185074806213 0.0031250000465661287 0.010185184888541698
0 0.9486979246139526 0.16203702986240387 0.006770833395421505 0.01666666753590107
0 0.9299479126930237 0.3541666567325592 0.01406249962747097 0.032407406717538834
0 0.5200520753860474 0.16111111640930176 0.0015625000232830644 0.01666666753590107
0 0.5239583253860474 0.15416666865348816 0.0020833334419876337 0.015740741044282913
0 0.3971354067325592 0.5152778029441833 0.00989583320915699 0.04537037014961243
0 0.46666666865348816 0.1509259194135666 0.0020833334419876337 0.014814814552664757
0 0.4765625 0.0754629597067833 0.0010416667209938169 0.008333333767950535
0 0.20338541269302368 0.10555555671453476 0.0036458333488553762 0.011111111380159855
0 0.8424479365348816 0.3296296298503876 0.010937499813735485 0.029629629105329514
0 0.828906238079071 0.3393518626689911 0.010937499813735485 0.03055555559694767
0 0.4802083373069763 0.08148147910833359 0.0010416667209938169 0.009259259328246117
0 0.94921875 0.14537036418914795 0.00572916679084301 0.014814814552664757
0 0.47994792461395264 0.09398148208856583 0.0015625000232830644 0.010185184888541698
0 0.18281249701976776 0.39722222089767456 0.012500000186264515 0.035185184329748154
0 0.4742187559604645 0.10648148506879807 0.0015625000232830644 0.011111111380159855
0 0.3447916805744171 0.3791666626930237 0.0072916666977107525 0.02500000037252903
0 0.9315103888511658 0.14027777314186096 0.00572916679084301 0.013888888992369175
0 0.8934895992279053 0.16203702986240387 0.00572916679084301 0.01666666753590107
1 0.9885416626930237 0.1120370402932167 0.02083333395421505 0.011111111380159855
1 0.3578124940395355 0.08055555820465088 0.0072916666977107525 0.009259259328246117
1 0.526562511920929 0.08796296268701553 0.01354166679084301 0.009259259328246117
4 0.7807291746139526 0.1597222238779068 0.13750000298023224 0.05092592537403107
4 0.8770833611488342 0.09351851791143417 0.08749999850988388 0.031481482088565826
