1 0.35885417461395264 0.08009259402751923 0.0072916666977107525 0.008333333767950535
1 0.9830729365348816 0.1101851835846901 0.02031249925494194 0.011111111380159855
1 0.5263020992279053 0.08703703433275223 0.013020833022892475 0.009259259328246117
4 0.7763020992279053 0.15694443881511688 0.13489583134651184 0.05092592537403107
4 0.8731771111488342 0.09212963283061981 0.08697916567325592 0.03055555559694767
6 0.10312499850988388 0.17777778208255768 0.00937500037252903 0.014814814552664757
6 0.5338541865348816 0.13472221791744232 0.0020833334419876337 0.008333333767950535
6 0.5315104126930237 0.12546296417713165 0.0015625000232830644 0.008333333767950535
6 0.13619790971279144 0.16203702986240387 0.00989583320915699 0.009259259328246117
6 0.54296875 0.14861111342906952 0.00572916679084301 0.012037036940455437
6 0.5494791865348816 0.1509259194135666 0.0052083334885537624 0.012962962500751019
6 0.5328124761581421 0.130092591047287 0.0020833334419876337 0.008333333767950535
2 0.5026041865348816 0.2240740805864334 0.02187499962747097 0.07407407462596893
8 0.672656238079071 0.17407406866550446 0.00989583320915699 0.014814814552664757
8 0.518750011920929 0.07500000298023224 0.004166666883975267 0.007407407276332378
1 0.46432292461395264 0.3680555522441864 0.02031249925494194 0.04722222313284874
7 0.7080729007720947 0.17407406866550446 0.01197916641831398 0.01666666753590107
2 0.4932291805744171 0.09814814478158951 0.02083333395421505 0.03333333507180214
7 0.40677082538604736 0.949999988079071 0.03229166567325592 0.10000000149011612
8 0.6903645992279053 0.17314815521240234 0.00989583320915699 0.01666666753590107
2 0.5075520873069763 0.6226851940155029 0.06406249850988388 0.25462964177131653
0 0.5622395873069763 0.1615740805864334 0.0026041667442768812 0.010185184888541698
0 0.5192708373069763 0.1587962955236435 0.0020833334419876337 0.015740741044282913
0 0.5239583253860474 0.1518518477678299 0.0020833334419876337 0.014814814552664757
0 0.40312498807907104 0.49074074625968933 0.00937500037252903 0.04259259253740311
0 0.4671874940395355 0.14861111342906952 0.0020833334419876337 0.015740741044282913
0 0.4765625 0.07453703880310059 0.0010416667209938169 0.008333333767950535
0 0.20651040971279144 0.10370370000600815 0.0036458333488553762 0.011111111380159855
0 0.831250011920929 0.31990739703178406 0.010416666977107525 0.028703704476356506
0 0.8200520873069763 0.32870370149612427 0.010937499813735485 0.029629629105329514
0 0.4802083373069763 0.08055555820465088 0.0010416667209938169 0.009259259328246117
0 0.4802083373069763 0.09305555373430252 0.0010416667209938169 0.010185184888541698
0 0.19296875596046448 0.3828703761100769 0.01197916641831398 0.034259259700775146
0 0.47473958134651184 0.10555555671453476 0.0015625000232830644 0.011111111380159855
0 0.3492187559604645 0.36666667461395264 0.006770833395421505 0.024074073880910873
0 0.9263020753860474 0.13842593133449554 0.00572916679084301 0.013888888992369175
0 0.8872395753860474 0.1597222238779068 0.00572916679084301 0.015740741044282913
1 0.9830729365348816 0.1101851835846901 0.02031249925494194 0.011111111380159855
1 0.35885417461395264 0.08009259402751923 0.0072916666977107525 0.008333333767950535
1 0.5263020992279053 0.08703703433275223 0.013020833022892475 0.009259259328246117
4 0.7763020992279053 0.15694443881511688 0.13489583134651184 0.05092592537403107
4 0.8731771111488342 0.09212963283061981 0.08697916567325592 0.03055555559694767
