1 0.3583333194255829 0.08009259402751923 0.0072916666977107525 0.008333333767950535
1 0.9856770634651184 0.1111111119389534 0.02031249925494194 0.011111111380159855
1 0.5263020992279053 0.08796296268701553 0.013020833022892475 0.009259259328246117
4 0.7783854007720947 0.1587962955236435 0.13593749701976776 0.05092592537403107
4 0.8752604126930237 0.09259258955717087 0.08697916567325592 0.031481482088565826
6 0.10000000149011612 0.1796296238899231 0.00937500037252903 0.014814814552664757
6 0.5341145992279053 0.13564814627170563 0.0015625000232830644 0.008333333767950535
6 0.5317708253860474 0.1259259283542633 0.0020833334419876337 0.007407407276332378
6 0.13333334028720856 0.16296295821666718 0.010416666977107525 0.009259259328246117
6 0.5434895753860474 0.14953704178333282 0.00572916679084301 0.012037036940455437
6 0.5497395992279053 0.1518518477678299 0.00572916679084301 0.012962962500751019
6 0.5330728888511658 0.1310185194015503 0.0015625000232830644 0.008333333767950535
2 0.5026041865348816 0.22685185074806213 0.02187499962747097 0.07592592388391495
8 0.6739583611488342 0.17546296119689941 0.00937500037252903 0.015740741044282913
8 0.5182291865348816 0.0754629597067833 0.004166666883975267 0.008333333767950535
1 0.4635416567325592 0.37546294927597046 0.02083333395421505 0.049074072390794754
7 0.7096354365348816 0.17592592537403107 0.01197916641831398 0.01666666753590107
2 0.4934895932674408 0.09907407313585281 0.02135416679084301 0.03333333507180214
7 0.4020833373069763 0.9712963104248047 0.03437500074505806 0.05740740895271301
8 0.6916666626930237 0.17407406866550446 0.010416666977107525 0.01666666753590107
2 0.5075520873069763 0.6425926089286804 0.06614582985639572 0.2648148238658905
0 0.5622395873069763 0.16296295821666718 0.0026041667442768812 0.009259259328246117
0 0.9236978888511658 0.34861111640930176 0.013020833022892475 0.032407406717538834
0 0.5197916626930237 0.16018518805503845 0.0020833334419876337 0.01666666753590107
0 0.5239583253860474 0.15324074029922485 0.0020833334419876337 0.015740741044282913
0 0.40026041865348816 0.5027777552604675 0.00989583320915699 0.04444444552063942
0 0.46666666865348816 0.14953704178333282 0.0020833334419876337 0.015740741044282913
0 0.4765625 0.07453703880310059 0.0010416667209938169 0.008333333767950535
0 0.20494791865348816 0.10462962836027145 0.0036458333488553762 0.011111111380159855
0 0.836718738079071 0.32499998807907104 0.010937499813735485 0.029629629105329514
0 0.82421875 0.33379629254341125 0.010937499813735485 0.03055555559694767
0 0.4802083373069763 0.08101851493120193 0.0010416667209938169 0.008333333767950535
0 0.9463541507720947 0.14444445073604584 0.0062500000931322575 0.014814814552664757
0 0.47994792461395264 0.09398148208856583 0.0015625000232830644 0.010185184888541698
0 0.18776041269302368 0.39027777314186096 0.01197916641831398 0.034259259700775146
0 0.4742187559604645 0.10601852089166641 0.0015625000232830644 0.012037036940455437
0 0.34713542461395264 0.3731481432914734 0.006770833395421505 0.024074073880910873
0 0.928906261920929 0.13935184478759766 0.00572916679084301 0.013888888992369175
0 0.8903645873069763 0.16111111640930176 0.00572916679084301 0.01666666753590107
1 0.9856770634651184 0.1111111119389534 0.02031249925494194 0.011111111380159855
1 0.3583333194255829 0.08009259402751923 0.0072916666977107525 0.008333333767950535
1 0.5263020992279053 0.08749999850988388 0.013020833022892475 0.010185184888541698
4 0.7783854007720947 0.1587962955236435 0.13593749701976776 0.05092592537403107
4 0.8752604126930237 0.09259258955717087 0.08697916567325592 0.031481482088565826
