1 0.35624998807907104 0.08194444328546524 0.0072916666977107525 0.008333333767950535
1 0.526562511920929 0.08935185521841049 0.01354166679084301 0.010185184888541698
4 0.7869791388511658 0.16388888657093048 0.140625 0.051851850003004074
4 0.882031261920929 0.09444444626569748 0.08906249701976776 0.031481482088565826
6 0.0872395858168602 0.1856481432914734 0.00989583320915699 0.015740741044282913
6 0.5348958373069763 0.13935184478759766 0.0020833334419876337 0.008333333767950535
6 0.5325520634651184 0.12916666269302368 0.0015625000232830644 0.008333333767950535
6 0.12291666865348816 0.16851851344108582 0.010416666977107525 0.009259259328246117
6 0.5445312261581421 0.1537037044763565 0.00572916679084301 0.012962962500751019
6 0.5513020753860474 0.15648147463798523 0.00572916679084301 0.012962962500751019
6 0.5335937738418579 0.13425925374031067 0.0015625000232830644 0.009259259328246117
2 0.5026041865348816 0.2370370328426361 0.02291666716337204 0.07962962985038757
8 0.6794270873069763 0.18101851642131805 0.00989583320915699 0.015740741044282913
8 0.516406238079071 0.0763888880610466 0.004687500186264515 0.008333333767950535
1 0.46041667461395264 0.4078703820705414 0.02291666716337204 0.05462963134050369
7 0.7158854007720947 0.1814814805984497 0.013020833022892475 0.01666666753590107
2 0.4932291805744171 0.10092592239379883 0.02187499962747097 0.03333333507180214
8 0.6973958611488342 0.18009258806705475 0.010416666977107525 0.017592592164874077
2 0.508593738079071 0.7259259223937988 0.07656250149011612 0.31111112236976624
0 0.5630208253860474 0.16805554926395416 0.0031250000465661287 0.010185184888541698
0 0.9575520753860474 0.1657407432794571 0.006770833395421505 0.01666666753590107
0 0.9476562738418579 0.3712962865829468 0.015104166232049465 0.03333333507180214
0 0.5208333134651184 0.1648148149251938 0.0020833334419876337 0.01666666753590107
0 0.5244791507720947 0.15694443881511688 0.0020833334419876337 0.015740741044282913
0 0.3877604305744171 0.552314817905426 0.010937499813735485 0.04722222313284874
0 0.4661458432674408 0.15416666865348816 0.0020833334419876337 0.015740741044282913
0 0.47604167461395264 0.0763888880610466 0.0010416667209938169 0.008333333767950535
0 0.19895833730697632 0.10740740597248077 0.0031250000465661287 0.011111111380159855
0 0.8583333492279053 0.34398147463798523 0.01145833358168602 0.03055555559694767
0 0.8414062261581421 0.3541666567325592 0.01197916641831398 0.032407406717538834
0 0.47968751192092896 0.0824074074625969 0.0010416667209938169 0.009259259328246117
0 0.9572916626930237 0.14814814925193787 0.0062500000931322575 0.014814814552664757
0 0.47968751192092896 0.09537036716938019 0.0010416667209938169 0.011111111380159855
0 0.16822916269302368 0.41805556416511536 0.01354166679084301 0.03611111268401146
0 0.4736979305744171 0.10833333432674408 0.0015625000232830644 0.011111111380159855
0 0.3388020694255829 0.39814814925193787 0.0078125 0.025925925001502037
0 0.9388020634651184 0.14259259402751923 0.00572916679084301 0.014814814552664757
0 0.9026041626930237 0.1657407432794571 0.0062500000931322575 0.01666666753590107
1 0.35624998807907104 0.08194444328546524 0.0072916666977107525 0.008333333767950535
1 0.5268229246139526 0.08935185521841049 0.013020833022892475 0.010185184888541698
4 0.7869791388511658 0.16388888657093048 0.140625 0.051851850003004074
4 0.882031261920929 0.09444444626569748 0.08906249701976776 0.031481482088565826
