1 0.359375 0.07916666567325592 0.0072916666977107525 0.008333333767950535
1 0.98046875 0.10972221940755844 0.02031249925494194 0.010185184888541698
1 0.5263020992279053 0.08703703433275223 0.013020833022892475 0.009259259328246117
4 0.7739583253860474 0.15555556118488312 0.13333334028720856 0.05000000074505806
4 0.8713541626930237 0.09166666865348816 0.08645833283662796 0.031481482088565826
6 0.10625000298023224 0.17685185372829437 0.00937500037252903 0.014814814552664757
6 0.5335937738418579 0.13379628956317902 0.0015625000232830644 0.008333333767950535
6 0.5315104126930237 0.12453703582286835 0.0015625000232830644 0.008333333767950535
6 0.13880208134651184 0.1606481522321701 0.00989583320915699 0.008333333767950535
6 0.54296875 0.14722222089767456 0.00572916679084301 0.012962962500751019
6 0.5492187738418579 0.14953704178333282 0.00572916679084301 0.012037036940455437
6 0.5325520634651184 0.12916666269302368 0.0015625000232830644 0.008333333767950535
2 0.5026041865348816 0.2212962955236435 0.02187499962747097 0.07407407462596893
8 0.6713541746139526 0.1726851910352707 0.00937500037252903 0.015740741044282913
8 0.518750011920929 0.07453703880310059 0.004166666883975267 0.008333333767950535
1 0.4651041626930237 0.3601851761341095 0.01979166641831398 0.046296294778585434
7 0.706250011920929 0.1726851910352707 0.01145833358168602 0.015740741044282913
2 0.4932291805744171 0.09768518805503845 0.02083333395421505 0.032407406717538834
7 0.41093748807907104 0.9282407164573669 0.03020833246409893 0.13425925374031067
8 0.6888020634651184 0.17129629850387573 0.00989583320915699 0.01666666753590107
2 0.507031261920929 0.6050925850868225 0.06197916716337204 0.24537037312984467
0 0.5619791746139526 0.16018518805503845 0.0031250000465661287 0.009259259328246117
0 0.5192708373069763 0.1578703671693802 0.0020833334419876337 0.015740741044282913
0 0.5239583253860474 0.15046297013759613 0.0020833334419876337 0.015740741044282913
0 0.4059895873069763 0.47962963581085205 0.008854166604578495 0.04259259253740311
0 0.4671874940395355 0.14722222089767456 0.0020833334419876337 0.014814814552664757
0 0.4765625 0.07453703880310059 0.0010416667209938169 0.008333333767950535
0 0.20781250298023224 0.10370370000600815 0.0031250000465661287 0.011111111380159855
0 0.8263021111488342 0.3152777850627899 0.00989583320915699 0.028703704476356506
0 0.8161458373069763 0.32407405972480774 0.010416666977107525 0.029629629105329514
0 0.4802083373069763 0.08055555820465088 0.0010416667209938169 0.009259259328246117
0 0.4802083373069763 0.09305555373430252 0.0010416667209938169 0.010185184888541698
0 0.19739583134651184 0.3768518567085266 0.01145833358168602 0.03333333507180214
0 0.47473958134651184 0.10462962836027145 0.0015625000232830644 0.011111111380159855
0 0.3513020873069763 0.36064815521240234 0.006770833395421505 0.023148147389292717
0 0.8841145634651184 0.15833333134651184 0.00572916679084301 0.01666666753590107
1 0.9807291626930237 0.10972221940755844 0.01979166641831398 0.010185184888541698
1 0.359375 0.07916666567325592 0.0072916666977107525 0.008333333767950535
1 0.5263020992279053 0.08703703433275223 0.013020833022892475 0.009259259328246117
4 0.7739583253860474 0.15555556118488312 0.13333334028720856 0.05000000074505806
4 0.8713541626930237 0.09166666865348816 0.08645833283662796 0.031481482088565826
