1 0.3518229126930237 0.08425925672054291 0.0078125 0.009259259328246117
1 0.5276041626930237 0.09305555373430252 0.01354166679084301 0.010185184888541698
4 0.8057291507720947 0.17499999701976776 0.1510416716337204 0.0555555559694767
4 0.8968750238418579 0.09907407313585281 0.09270833432674408 0.03333333507180214
6 0.06093750149011612 0.19814814627170563 0.01145833358168602 0.01666666753590107
6 0.5364583134651184 0.1467592567205429 0.0020833334419876337 0.010185184888541698
6 0.5338541865348816 0.13564814627170563 0.0020833334419876337 0.008333333767950535
6 0.10078124701976776 0.17870371043682098 0.010937499813735485 0.009259259328246117
6 0.546875 0.16249999403953552 0.0062500000931322575 0.013888888992369175
6 0.5541666746139526 0.16527777910232544 0.0062500000931322575 0.013888888992369175
6 0.5354166626930237 0.14074073731899261 0.0020833334419876337 0.009259259328246117
2 0.503125011920929 0.2597222328186035 0.02500000037252903 0.08796296268701553
8 0.690625011920929 0.1935185194015503 0.010416666977107525 0.01666666753590107
8 0.5127604007720947 0.07916666567325592 0.004687500186264515 0.008333333767950535
1 0.45260417461395264 0.4893518388271332 0.02812499925494194 0.0694444477558136
7 0.729687511920929 0.1935185194015503 0.01354166679084301 0.018518518656492233
2 0.49296873807907104 0.10555555671453476 0.02239583246409893 0.035185184329748154
8 0.710156261920929 0.192592591047287 0.010937499813735485 0.018518518656492233
2 0.5122395753860474 0.8689814805984497 0.10781250149011612 0.2620370388031006
0 0.5643228888511658 0.17824074625968933 0.0026041667442768812 0.010185184888541698
0 0.9820312261581421 0.17592592537403107 0.0078125 0.01666666753590107
0 0.9971354007720947 0.42407408356666565 0.00572916679084301 0.03703703731298447
0 0.5236979126930237 0.17546296119689941 0.0026041667442768812 0.017592592164874077
0 0.5252603888511658 0.1657407432794571 0.0026041667442768812 0.01666666753590107
0 0.3557291626930237 0.6828703880310059 0.014583333395421505 0.05648148059844971
0 0.46484375 0.16388888657093048 0.0026041667442768812 0.01666666753590107
0 0.4755208194255829 0.07870370149612427 0.0010416667209938169 0.009259259328246117
0 0.18671874701976776 0.1120370402932167 0.0036458333488553762 0.011111111380159855
0 0.9085937738418579 0.38842591643333435 0.01406249962747097 0.034259259700775146
0 0.8804687261581421 0.4018518626689911 0.01406249962747097 0.035185184329748154
0 0.4791666567325592 0.08611111342906952 0.0010416667209938169 0.009259259328246117
0 0.9809895753860474 0.15694443881511688 0.006770833395421505 0.015740741044282913
0 0.4789062440395355 0.09907407313585281 0.0015625000232830644 0.011111111380159855
0 0.12057291716337204 0.48472222685813904 0.01718750037252903 0.0416666679084301
0 0.03437500074505806 0.4087963104248047 0.01666666753590107 0.03611111268401146
0 0.47213542461395264 0.11342592537403107 0.0015625000232830644 0.012037036940455437
0 0.3190104067325592 0.45787036418914795 0.008854166604578495 0.028703704476356506
0 0.9598958492279053 0.15000000596046448 0.0062500000931322575 0.014814814552664757
0 0.928906261920929 0.17638888955116272 0.006770833395421505 0.017592592164874077
1 0.3518229126930237 0.08425925672054291 0.0078125 0.009259259328246117
1 0.5276041626930237 0.09305555373430252 0.01354166679084301 0.010185184888541698
4 0.8057291507720947 0.17499999701976776 0.1510416716337204 0.0555555559694767
4 0.8968750238418579 0.09907407313585281 0.09270833432674408 0.03333333507180214
