1 0.35364583134651184 0.0833333358168602 0.0072916666977107525 0.009259259328246117
1 0.52734375 0.0912037044763565 0.01406249962747097 0.010185184888541698
4 0.7984374761581421 0.17083333432674408 0.14687499403953552 0.05462963134050369
4 0.8911458253860474 0.0972222238779068 0.09166666865348816 0.03333333507180214
6 0.07135416567325592 0.19305555522441864 0.010416666977107525 0.015740741044282913
6 0.535937488079071 0.14351852238178253 0.0020833334419876337 0.009259259328246117
6 0.5333333611488342 0.1328703761100769 0.0020833334419876337 0.008333333767950535
6 0.10963542014360428 0.1745370328426361 0.010937499813735485 0.010185184888541698
6 0.546093761920929 0.15925925970077515 0.00572916679084301 0.012962962500751019
6 0.5528646111488342 0.1615740805864334 0.00572916679084301 0.013888888992369175
6 0.5346354246139526 0.13842593133449554 0.0015625000232830644 0.008333333767950535
2 0.5028645992279053 0.2509259283542633 0.02447916753590107 0.08518518507480621
8 0.6861979365348816 0.18888889253139496 0.010937499813735485 0.01666666753590107
8 0.5140625238418579 0.07824073731899261 0.004166666883975267 0.008333333767950535
1 0.45625001192092896 0.45509257912635803 0.02604166604578495 0.06388889253139496
7 0.7242187261581421 0.18888889253139496 0.013020833022892475 0.018518518656492233
2 0.49296873807907104 0.1041666641831398 0.02239583246409893 0.034259259700775146
8 0.7052083611488342 0.1875 0.01145833358168602 0.017592592164874077
2 0.510937511920929 0.8324074149131775 0.09375 0.3351851999759674
0 0.5638020634651184 0.1745370328426361 0.0026041667442768812 0.010185184888541698
0 0.9723958373069763 0.17175926268100739 0.0072916666977107525 0.017592592164874077
0 0.9807291626930237 0.40231481194496155 0.01666666753590107 0.03611111268401146
0 0.5223958492279053 0.17129629850387573 0.0020833334419876337 0.01666666753590107
0 0.5247395634651184 0.16296295821666718 0.0026041667442768812 0.01666666753590107
0 0.3695312440395355 0.6273148059844971 0.013020833022892475 0.05277777835726738
0 0.46536457538604736 0.1606481522321701 0.0026041667442768812 0.015740741044282913
0 0.4755208194255829 0.07777778059244156 0.0010416667209938169 0.009259259328246117
0 0.19140625 0.1101851835846901 0.0036458333488553762 0.011111111380159855
0 0.8882812261581421 0.37037035822868347 0.013020833022892475 0.03333333507180214
0 0.8648437261581421 0.3828703761100769 0.013020833022892475 0.034259259700775146
0 0.4791666567325592 0.08425925672054291 0.0010416667209938169 0.009259259328246117
0 0.9716145992279053 0.15324074029922485 0.006770833395421505 0.015740741044282913
0 0.4791666567325592 0.09768518805503845 0.0010416667209938169 0.010185184888541698
0 0.14010415971279144 0.4574074149131775 0.015625 0.03888889029622078
0 0.05520833283662796 0.38842591643333435 0.015625 0.034259259700775146
0 0.47265625 0.11157407611608505 0.0015625000232830644 0.012037036940455437
0 0.3270833194255829 0.4333333373069763 0.008333333767950535 0.02777777798473835
0 0.9515625238418579 0.14722222089767456 0.0062500000931322575 0.014814814552664757
0 0.9184895753860474 0.17222222685813904 0.006770833395421505 0.01666666753590107
1 0.35364583134651184 0.0833333358168602 0.0072916666977107525 0.009259259328246117
1 0.52734375 0.0912037044763565 0.01406249962747097 0.010185184888541698
4 0.7984374761581421 0.17083333432674408 0.14687499403953552 0.05462963134050369
4 0.8911458253860474 0.0972222238779068 0.09166666865348816 0.03333333507180214
