1 0.35234373807907104 0.08425925672054291 0.0078125 0.009259259328246117
1 0.5276041626930237 0.09212963283061981 0.01354166679084301 0.010185184888541698
4 0.8033854365348816 0.1736111044883728 0.14947916567325592 0.05462963134050369
4 0.8950520753860474 0.09814814478158951 0.09218750149011612 0.03333333507180214
6 0.06432291865348816 0.19629628956317902 0.010937499813735485 0.01666666753590107
6 0.5364583134651184 0.1458333283662796 0.0020833334419876337 0.010185184888541698
6 0.5338541865348816 0.13472221791744232 0.0020833334419876337 0.008333333767950535
6 0.10390625149011612 0.17731481790542603 0.010937499813735485 0.010185184888541698
6 0.5466145873069763 0.1615740805864334 0.00572916679084301 0.013888888992369175
6 0.5536458492279053 0.16435185074806213 0.0062500000931322575 0.013888888992369175
6 0.5348958373069763 0.1398148089647293 0.0020833334419876337 0.009259259328246117
2 0.503125011920929 0.25648146867752075 0.02500000037252903 0.08703703433275223
8 0.6890624761581421 0.19166666269302368 0.010416666977107525 0.01666666753590107
8 0.5132812261581421 0.07870370149612427 0.004687500186264515 0.007407407276332378
1 0.45390623807907104 0.4773148000240326 0.02760416641831398 0.06759259104728699
7 0.7276041507720947 0.19212962687015533 0.01354166679084301 0.017592592164874077
2 0.49296873807907104 0.1050925925374031 0.02239583246409893 0.034259259700775146
8 0.7083333134651184 0.19074073433876038 0.01145833358168602 0.018518518656492233
2 0.51171875 0.855555534362793 0.10260416567325592 0.2888889014720917
0 0.5640624761581421 0.17685185372829437 0.0031250000465661287 0.011111111380159855
0 0.9786458611488342 0.1745370328426361 0.0072916666977107525 0.017592592164874077
0 0.9932291507720947 0.4166666567325592 0.01354166679084301 0.03703703731298447
0 0.5234375 0.17407406866550446 0.0020833334419876337 0.01666666753590107
0 0.5249999761581421 0.1648148149251938 0.0020833334419876337 0.01666666753590107
0 0.3606770932674408 0.6629629731178284 0.01406249962747097 0.0555555559694767
0 0.4651041626930237 0.16296295821666718 0.0020833334419876337 0.01666666753590107
0 0.4755208194255829 0.07824073731899261 0.0010416667209938169 0.008333333767950535
0 0.18828125298023224 0.11157407611608505 0.0036458333488553762 0.012037036940455437
0 0.9013020992279053 0.3819444477558136 0.01406249962747097 0.034259259700775146
0 0.875 0.39537036418914795 0.01354166679084301 0.035185184329748154
0 0.4791666567325592 0.08518518507480621 0.0010416667209938169 0.009259259328246117
0 0.9778645634651184 0.15509259700775146 0.006770833395421505 0.015740741044282913
0 0.4791666567325592 0.09861110895872116 0.0010416667209938169 0.010185184888541698
0 0.1276041716337204 0.4749999940395355 0.01666666753590107 0.040740739554166794
0 0.0416666679084301 0.40138888359069824 0.01666666753590107 0.03611111268401146
0 0.47265625 0.11249999701976776 0.0015625000232830644 0.012037036940455437
0 0.32213541865348816 0.44907405972480774 0.008854166604578495 0.02777777798473835
0 0.95703125 0.14907407760620117 0.006770833395421505 0.014814814552664757
0 0.9252604246139526 0.17499999701976776 0.006770833395421505 0.01666666753590107
1 0.35234373807907104 0.08425925672054291 0.0078125 0.009259259328246117
1 0.5276041626930237 0.09212963283061981 0.01354166679084301 0.010185184888541698
4 0.8033854365348816 0.1736111044883728 0.14947916567325592 0.05462963134050369
4 0.8950520753860474 0.09814814478158951 0.09218750149011612 0.03333333507180214
