1 0.35468751192092896 0.08287037163972855 0.0072916666977107525 0.008333333767950535
1 0.5270833373069763 0.0902777761220932 0.01354166679084301 0.010185184888541698
4 0.7934895753860474 0.1675925999879837 0.14427083730697632 0.05370370298624039
4 0.8872395753860474 0.09583333134651184 0.09010417014360428 0.032407406717538834
6 0.078125 0.19027778506278992 0.010416666977107525 0.015740741044282913
6 0.5354166626930237 0.14166666567325592 0.0020833334419876337 0.009259259328246117
6 0.5330728888511658 0.1310185194015503 0.0015625000232830644 0.008333333767950535
6 0.11510416865348816 0.17222222685813904 0.010416666977107525 0.009259259328246117
6 0.5455729365348816 0.15694443881511688 0.00572916679084301 0.013888888992369175
6 0.5520833134651184 0.1597222238779068 0.0062500000931322575 0.013888888992369175
6 0.534375011920929 0.13657407462596893 0.0020833334419876337 0.008333333767950535
2 0.5028645992279053 0.244907408952713 0.0234375 0.0824074074625969
8 0.6833333373069763 0.1856481432914734 0.010416666977107525 0.015740741044282913
8 0.5151041746139526 0.0773148164153099 0.004166666883975267 0.008333333767950535
1 0.4580729305744171 0.4342592656612396 0.02447916753590107 0.05925925821065903
7 0.7205728888511658 0.1856481432914734 0.013020833022892475 0.017592592164874077
2 0.4932291805744171 0.10231481492519379 0.02187499962747097 0.034259259700775146
8 0.7020833492279053 0.18472221493721008 0.010416666977107525 0.017592592164874077
2 0.5098958611488342 0.7995370626449585 0.08541666716337204 0.35462963581085205
0 0.563281238079071 0.17175926268100739 0.0026041667442768812 0.010185184888541698
0 0.9661458134651184 0.16944444179534912 0.0072916666977107525 0.01666666753590107
0 0.9664062261581421 0.3888888955116272 0.01614583283662796 0.035185184329748154
0 0.5218750238418579 0.16851851344108582 0.0020833334419876337 0.01666666753590107
0 0.5244791507720947 0.16018518805503845 0.0020833334419876337 0.01666666753590107
0 0.3773437440395355 0.5944444537162781 0.01197916641831398 0.05000000074505806
0 0.46562498807907104 0.1578703671693802 0.0020833334419876337 0.015740741044282913
0 0.47604167461395264 0.0773148164153099 0.0010416667209938169 0.008333333767950535
0 0.19453124701976776 0.10879629850387573 0.0036458333488553762 0.012037036940455437
0 0.8755208253860474 0.35879629850387573 0.012500000186264515 0.032407406717538834
0 0.854687511920929 0.37037035822868347 0.012500000186264515 0.03333333507180214
0 0.47968751192092896 0.08379629999399185 0.0010416667209938169 0.008333333767950535
0 0.9658854007720947 0.15138888359069824 0.006770833395421505 0.015740741044282913
0 0.4794270694255829 0.09675925970077515 0.0015625000232830644 0.010185184888541698
0 0.15208333730697632 0.4402777850627899 0.014583333395421505 0.037962961941957474
0 0.47317707538604736 0.1101851835846901 0.0015625000232830644 0.011111111380159855
0 0.33203125 0.41805556416511536 0.0078125 0.026851851493120193
0 0.9463541507720947 0.14537036418914795 0.0062500000931322575 0.014814814552664757
0 0.9119791388511658 0.16944444179534912 0.0062500000931322575 0.01666666753590107
1 0.35468751192092896 0.08287037163972855 0.0072916666977107525 0.008333333767950535
1 0.5270833373069763 0.0902777761220932 0.01354166679084301 0.010185184888541698
4 0.7934895753860474 0.1675925999879837 0.14427083730697632 0.05370370298624039
4 0.8872395753860474 0.09583333134651184 0.09010417014360428 0.032407406717538834
