1 0.3513020873069763 0.08518518507480621 0.0078125 0.009259259328246117
1 0.5278645753860474 0.09305555373430252 0.01406249962747097 0.010185184888541698
4 0.8083333373069763 0.17638888955116272 0.15208333730697632 0.05648148059844971
4 0.8986979126930237 0.09907407313585281 0.09322916716337204 0.03333333507180214
6 0.0572916679084301 0.20000000298023224 0.01145833358168602 0.01666666753590107
6 0.5369791388511658 0.1476851850748062 0.0020833334419876337 0.010185184888541698
6 0.534375011920929 0.13611111044883728 0.0020833334419876337 0.009259259328246117
6 0.09791667014360428 0.18009258806705475 0.01145833358168602 0.010185184888541698
6 0.5473958253860474 0.16435185074806213 0.0062500000931322575 0.013888888992369175
6 0.5541666746139526 0.1666666716337204 0.0062500000931322575 0.014814814552664757
6 0.5354166626930237 0.14166666567325592 0.0020833334419876337 0.009259259328246117
2 0.503125011920929 0.2629629671573639 0.02604166604578495 0.08888889104127884
8 0.692187488079071 0.1953703761100769 0.01145833358168602 0.01666666753590107
8 0.5122395753860474 0.07916666567325592 0.004687500186264515 0.008333333767950535
1 0.4515624940395355 0.5018518567085266 0.02916666679084301 0.07222222536802292
7 0.7315104007720947 0.1953703761100769 0.01406249962747097 0.018518518656492233
2 0.49296873807907104 0.10648148506879807 0.02239583246409893 0.035185184329748154
1 0.5020833611488342 0.2537037134170532 0.01354166679084301 0.03703703731298447
8 0.7119791507720947 0.1944444477558136 0.01145833358168602 0.018518518656492233
2 0.5132812261581421 0.8837962746620178 0.11406250298023224 0.23240740597248077
0 0.5645833611488342 0.1796296238899231 0.0031250000465661287 0.011111111380159855
0 0.985156238079071 0.17731481790542603 0.0078125 0.017592592164874077
0 0.5239583253860474 0.17731481790542603 0.0020833334419876337 0.017592592164874077
0 0.5252603888511658 0.1675925999879837 0.0026041667442768812 0.01666666753590107
0 0.3502604067325592 0.7046296000480652 0.015104166232049465 0.05740740895271301
0 0.4645833373069763 0.1657407432794571 0.0020833334419876337 0.01666666753590107
0 0.4755208194255829 0.07916666567325592 0.0010416667209938169 0.008333333767950535
0 0.18515625596046448 0.11249999701976776 0.0036458333488553762 0.012037036940455437
0 0.9158853888511658 0.3949074149131775 0.015104166232049465 0.034259259700775146
0 0.8864583373069763 0.4087963104248047 0.014583333395421505 0.03611111268401146
0 0.4789062440395355 0.08611111342906952 0.0015625000232830644 0.009259259328246117
0 0.9841145873069763 0.1578703671693802 0.006770833395421505 0.015740741044282913
0 0.4789062440395355 0.09953703731298447 0.0015625000232830644 0.010185184888541698
0 0.11354167014360428 0.49537035822868347 0.01770833320915699 0.04259259253740311
0 0.02682291716337204 0.4157407283782959 0.01718750037252903 0.03703703731298447
0 0.47213542461395264 0.11435185372829437 0.0015625000232830644 0.012037036940455437
0 0.3161458373069763 0.46666666865348816 0.00937500037252903 0.029629629105329514
0 0.9627603888511658 0.15138888359069824 0.006770833395421505 0.015740741044282913
0 0.9322916865348816 0.17824074625968933 0.0072916666977107525 0.017592592164874077
1 0.3513020873069763 0.08518518507480621 0.0078125 0.009259259328246117
1 0.5278645753860474 0.09305555373430252 0.01406249962747097 0.010185184888541698
4 0.8083333373069763 0.17638888955116272 0.15208333730697632 0.05648148059844971
4 0.8986979126930237 0.09907407313585281 0.09322916716337204 0.03333333507180214
