1 0.3541666567325592 0.08287037163972855 0.0072916666977107525 0.008333333767950535
1 0.5270833373069763 0.0912037044763565 0.01354166679084301 0.010185184888541698
4 0.796093761920929 0.16944444179534912 0.14531250298023224 0.05370370298624039
4 0.8893229365348816 0.09675925970077515 0.0911458358168602 0.032407406717538834
6 0.07447917014360428 0.19166666269302368 0.010416666977107525 0.01666666753590107
6 0.5356770753860474 0.14259259402751923 0.0015625000232830644 0.009259259328246117
6 0.5333333611488342 0.1319444477558136 0.0020833334419876337 0.008333333767950535
6 0.11223958432674408 0.17314815521240234 0.010937499813735485 0.009259259328246117
6 0.5455729365348816 0.15833333134651184 0.00572916679084301 0.012962962500751019
6 0.5526041388511658 0.1606481522321701 0.0062500000931322575 0.013888888992369175
6 0.534375011920929 0.13750000298023224 0.0020833334419876337 0.008333333767950535
2 0.503125011920929 0.24768517911434174 0.02395833283662796 0.08425925672054291
8 0.6848958134651184 0.18703703582286835 0.010416666977107525 0.01666666753590107
8 0.5145833492279053 0.07777778059244156 0.004166666883975267 0.007407407276332378
1 0.45703125 0.4444444477558136 0.02552083320915699 0.06111111119389534
7 0.72265625 0.1875 0.013020833022892475 0.017592592164874077
2 0.49296873807907104 0.10324074327945709 0.02239583246409893 0.034259259700775146
8 0.7036458253860474 0.1865740716457367 0.010416666977107525 0.017592592164874077
2 0.5104166865348816 0.8212962746620178 0.08958332985639572 0.35740742087364197
0 0.5635416507720947 0.1726851910352707 0.0031250000465661287 0.010185184888541698
0 0.9692708253860474 0.17037037014961243 0.0072916666977107525 0.01666666753590107
0 0.973437488079071 0.3958333432674408 0.01666666753590107 0.03611111268401146
0 0.5223958492279053 0.16990740597248077 0.0020833334419876337 0.017592592164874077
0 0.5247395634651184 0.1615740805864334 0.0026041667442768812 0.015740741044282913
0 0.3734374940395355 0.6106481552124023 0.012500000186264515 0.05092592537403107
0 0.46562498807907104 0.15925925970077515 0.0020833334419876337 0.01666666753590107
0 0.47604167461395264 0.0773148164153099 0.0010416667209938169 0.008333333767950535
0 0.19296875596046448 0.10925926268100739 0.0036458333488553762 0.011111111380159855
0 0.882031261920929 0.3643518388271332 0.013020833022892475 0.032407406717538834
0 0.8596354126930237 0.3768518567085266 0.013020833022892475 0.03333333507180214
0 0.4794270694255829 0.08425925672054291 0.0015625000232830644 0.009259259328246117
0 0.96875 0.15231481194496155 0.0062500000931322575 0.015740741044282913
0 0.4794270694255829 0.0972222238779068 0.0015625000232830644 0.011111111380159855
0 0.14609375596046448 0.44907405972480774 0.015104166232049465 0.03888889029622078
0 0.06171875074505806 0.3819444477558136 0.015104166232049465 0.034259259700775146
0 0.47317707538604736 0.1111111119389534 0.0015625000232830644 0.011111111380159855
0 0.3296875059604645 0.4254629611968994 0.008333333767950535 0.026851851493120193
0 0.9489583373069763 0.14629629254341125 0.0062500000931322575 0.014814814552664757
0 0.9153645634651184 0.17083333432674408 0.006770833395421505 0.017592592164874077
1 0.3541666567325592 0.08287037163972855 0.0072916666977107525 0.008333333767950535
1 0.5270833373069763 0.0912037044763565 0.01354166679084301 0.010185184888541698
4 0.796093761920929 0.16944444179534912 0.14531250298023224 0.05370370298624039
4 0.8893229365348816 0.09675925970077515 0.0911458358168602 0.032407406717538834
