1 0.3466145694255829 0.08796296268701553 0.0078125 0.009259259328246117
1 0.5286458134651184 0.09675925970077515 0.014583333395421505 0.010185184888541698
4 0.8299478888511658 0.19027778506278992 0.1640625 0.06018518656492233
4 0.914843738079071 0.10370370000600815 0.09739582985639572 0.035185184329748154
6 0.02630208246409893 0.21481481194496155 0.013020833022892475 0.018518518656492233
6 0.5385416746139526 0.15601852536201477 0.0020833334419876337 0.010185184888541698
6 0.535937488079071 0.14351852238178253 0.0020833334419876337 0.009259259328246117
6 0.07265625149011612 0.19212962687015533 0.01197916641831398 0.010185184888541698
6 0.550000011920929 0.17407406866550446 0.0062500000931322575 0.014814814552664757
6 0.5575520992279053 0.17685185372829437 0.006770833395421505 0.014814814552664757
6 0.5375000238418579 0.14953704178333282 0.0020833334419876337 0.010185184888541698
2 0.5033854246139526 0.2907407283782959 0.02864583395421505 0.10000000149011612
8 0.7054687738418579 0.2092592567205429 0.01197916641831398 0.018518518656492233
8 0.5083333253860474 0.08194444328546524 0.004166666883975267 0.008333333767950535
1 0.5286458134651184 0.08194444328546524 0.01145833358168602 0.010185184888541698
1 0.43932291865348816 0.6296296119689941 0.03802083432674408 0.10000000149011612
7 0.7471354007720947 0.20972222089767456 0.015104166232049465 0.01944444514811039
2 0.49270832538604736 0.1111111119389534 0.02395833283662796 0.03703703731298447
8 0.7263020873069763 0.2083333283662796 0.01197916641831398 0.020370369777083397
0 0.5661458373069763 0.19166666269302368 0.0031250000465661287 0.011111111380159855
0 0.52734375 0.18888889253139496 0.0026041667442768812 0.018518518656492233
0 0.5263020992279053 0.17731481790542603 0.0026041667442768812 0.017592592164874077
0 0.34973958134651184 0.08425925672054291 0.0015625000232830644 0.009259259328246117
0 0.2971354126930237 0.9277777671813965 0.02239583246409893 0.07037036865949631
0 0.46302083134651184 0.17731481790542603 0.0020833334419876337 0.017592592164874077
0 0.47447916865348816 0.08194444328546524 0.0010416667209938169 0.008333333767950535
0 0.17135415971279144 0.1180555522441864 0.004166666883975267 0.012037036940455437
0 0.9828125238418579 0.45370370149612427 0.01875000074505806 0.03888889029622078
0 0.9393228888511658 0.47268518805503845 0.01822916604578495 0.03981481492519379
0 0.4781250059604645 0.08935185521841049 0.0010416667209938169 0.010185184888541698
0 0.4781250059604645 0.10370370000600815 0.0010416667209938169 0.011111111380159855
0 0.0455729179084301 0.5907407402992249 0.0234375 0.04814814776182175
0 0.47057291865348816 0.11990740895271301 0.0015625000232830644 0.012037036940455437
0 0.2888020873069763 0.550000011920929 0.01197916641831398 0.03333333507180214
0 0.9859374761581421 0.1597222238779068 0.0072916666977107525 0.015740741044282913
0 0.9622395634651184 0.18981482088565826 0.0078125 0.018518518656492233
0 0.7614583373069763 0.18981482088565826 0.0052083334885537624 0.018518518656492233
1 0.3466145694255829 0.08796296268701553 0.0078125 0.009259259328246117
1 0.5286458134651184 0.09675925970077515 0.014583333395421505 0.010185184888541698
4 0.8299478888511658 0.19027778506278992 0.1640625 0.06018518656492233
4 0.914843738079071 0.10370370000600815 0.09739582985639572 0.035185184329748154
