1 0.3499999940395355 0.08564814925193787 0.0072916666977107525 0.008333333767950535
1 0.5278645753860474 0.09398148208856583 0.01406249962747097 0.010185184888541698
4 0.8135416507720947 0.1796296238899231 0.15520833432674408 0.05740740895271301
4 0.9028645753860474 0.10046296566724777 0.09427083283662796 0.034259259700775146
6 0.04973958432674408 0.20370370149612427 0.01197916641831398 0.01666666753590107
6 0.5372396111488342 0.14953704178333282 0.0026041667442768812 0.010185184888541698
6 0.5346354246139526 0.1379629671573639 0.0015625000232830644 0.009259259328246117
6 0.09166666865348816 0.18287037312984467 0.01145833358168602 0.010185184888541698
6 0.5479166507720947 0.16620370745658875 0.0062500000931322575 0.013888888992369175
6 0.5552083253860474 0.16944444179534912 0.0062500000931322575 0.014814814552664757
6 0.535937488079071 0.14398148655891418 0.0020833334419876337 0.010185184888541698
2 0.503125011920929 0.26944443583488464 0.02604166604578495 0.09259258955717087
8 0.6953125 0.19861111044883728 0.01145833358168602 0.017592592164874077
8 0.5111979246139526 0.08009259402751923 0.004687500186264515 0.008333333767950535
1 0.4489583373069763 0.5287036895751953 0.03125 0.07777778059244156
7 0.735156238079071 0.19907407462596893 0.01406249962747097 0.018518518656492233
2 0.49270832538604736 0.10740740597248077 0.02291666716337204 0.035185184329748154
8 0.7151041626930237 0.19722221791744232 0.01145833358168602 0.018518518656492233
2 0.5145833492279053 0.9152777791023254 0.12812499701976776 0.16944444179534912
0 0.5648437738418579 0.182407408952713 0.0026041667442768812 0.011111111380159855
0 0.9919270873069763 0.18009258806705475 0.0078125 0.017592592164874077
0 0.5249999761581421 0.18009258806705475 0.0020833334419876337 0.017592592164874077
0 0.5255208611488342 0.16990740597248077 0.0020833334419876337 0.017592592164874077
0 0.3541666567325592 0.0824074074625969 0.0020833334419876337 0.009259259328246117
0 0.34062498807907104 0.7481481432914734 0.01666666753590107 0.06111111119389534
0 0.46432292461395264 0.16851851344108582 0.0026041667442768812 0.01666666753590107
0 0.4749999940395355 0.07962962985038757 0.0010416667209938169 0.009259259328246117
0 0.18177083134651184 0.11435185372829437 0.004166666883975267 0.012037036940455437
0 0.9312499761581421 0.40833333134651184 0.015625 0.035185184329748154
0 0.8984375 0.42314815521240234 0.015625 0.03703703731298447
0 0.47864583134651184 0.08703703433275223 0.0010416667209938169 0.009259259328246117
0 0.9906250238418579 0.1597222238779068 0.0072916666977107525 0.015740741044282913
0 0.47864583134651184 0.10046296566724777 0.0010416667209938169 0.010185184888541698
0 0.09843750298023224 0.5162037014961243 0.01875000074505806 0.043518517166376114
0 0.011197916232049465 0.43101853132247925 0.01822916604578495 0.037962961941957474
0 0.4716145694255829 0.11527777463197708 0.0015625000232830644 0.012037036940455437
0 0.3101562559604645 0.4851851761341095 0.00989583320915699 0.029629629105329514
0 0.9682291746139526 0.15324074029922485 0.0062500000931322575 0.015740741044282913
0 0.9395833611488342 0.18101851642131805 0.0072916666977107525 0.017592592164874077
1 0.3499999940395355 0.08564814925193787 0.0072916666977107525 0.008333333767950535
1 0.5278645753860474 0.09398148208856583 0.01406249962747097 0.010185184888541698
4 0.8135416507720947 0.1796296238899231 0.15520833432674408 0.05740740895271301
4 0.9028645753860474 0.10046296566724777 0.09427083283662796 0.034259259700775146
