1 0.3447916805744171 0.08935185521841049 0.008333333767950535 0.010185184888541698
1 0.5291666388511658 0.09814814478158951 0.014583333395421505 0.011111111380159855
4 0.8385416865348816 0.19490741193294525 0.16875000298023224 0.06203703582286835
4 0.921093761920929 0.10555555671453476 0.09947916865348816 0.035185184329748154
6 0.01406249962747097 0.22083333134651184 0.01354166679084301 0.01944444514811039
6 0.5393229126930237 0.15925925970077515 0.0026041667442768812 0.011111111380159855
6 0.5364583134651184 0.14629629254341125 0.0020833334419876337 0.009259259328246117
6 0.0625 0.19722221791744232 0.012500000186264515 0.011111111380159855
6 0.5510416626930237 0.17824074625968933 0.0062500000931322575 0.015740741044282913
6 0.55859375 0.1814814805984497 0.006770833395421505 0.014814814552664757
6 0.5380208492279053 0.1527777761220932 0.0020833334419876337 0.009259259328246117
2 0.5036458373069763 0.3027777671813965 0.02916666679084301 0.10555555671453476
8 0.7106770873069763 0.2152777761220932 0.01197916641831398 0.01944444514811039
8 0.5067708492279053 0.08287037163972855 0.004166666883975267 0.008333333767950535
1 0.52734375 0.08287037163972855 0.01197916641831398 0.010185184888541698
1 0.43307292461395264 0.6939814686775208 0.04218750074505806 0.11574073880910873
7 0.7536458373069763 0.21574074029922485 0.015625 0.020370369777083397
2 0.4924479126930237 0.11296296119689941 0.02447916753590107 0.03703703731298447
8 0.7320312261581421 0.21388888359069824 0.013020833022892475 0.020370369777083397
0 0.5666666626930237 0.19675925374031067 0.0031250000465661287 0.012037036940455437
0 0.5286458134651184 0.19398148357868195 0.0020833334419876337 0.01944444514811039
0 0.5263020992279053 0.1814814805984497 0.0026041667442768812 0.018518518656492233
0 0.34765625 0.08611111342906952 0.0015625000232830644 0.009259259328246117
0 0.4622395932674408 0.1814814805984497 0.0026041667442768812 0.018518518656492233
0 0.47447916865348816 0.0833333358168602 0.0010416667209938169 0.009259259328246117
0 0.16614583134651184 0.12037037312984467 0.004166666883975267 0.012962962500751019
0 0.9627603888511658 0.5013889074325562 0.02031249925494194 0.0416666679084301
0 0.4781250059604645 0.09074074029922485 0.0010416667209938169 0.009259259328246117
0 0.9018229246139526 0.12962962687015533 0.004687500186264515 0.012962962500751019
0 0.4778645932674408 0.10462962836027145 0.0015625000232830644 0.011111111380159855
0 0.01328125037252903 0.6361111402511597 0.02656250074505806 0.051851850003004074
0 0.4700520932674408 0.12175925821065903 0.0015625000232830644 0.012037036940455437
0 0.2760416567325592 0.5888888835906982 0.012500000186264515 0.035185184329748154
0 0.9947916865348816 0.16296295821666718 0.0072916666977107525 0.01666666753590107
0 0.9744791388511658 0.19490741193294525 0.008333333767950535 0.01944444514811039
0 0.7669270634651184 0.1944444477558136 0.00572916679084301 0.018518518656492233
1 0.3447916805744171 0.08935185521841049 0.008333333767950535 0.010185184888541698
1 0.5291666388511658 0.09814814478158951 0.014583333395421505 0.011111111380159855
4 0.8385416865348816 0.19490741193294525 0.16875000298023224 0.06203703582286835
4 0.921093761920929 0.10555555671453476 0.09947916865348816 0.035185184329748154
