1 0.3427083194255829 0.09074074029922485 0.008333333767950535 0.009259259328246117
1 0.5294271111488342 0.10000000149011612 0.015104166232049465 0.011111111380159855
4 0.8481770753860474 0.20092593133449554 0.1744791716337204 0.06296296417713165
4 0.9276041388511658 0.10740740597248077 0.10104166716337204 0.035185184329748154
6 0.5401041507720947 0.16296295821666718 0.0020833334419876337 0.011111111380159855
6 0.5369791388511658 0.14907407760620117 0.0020833334419876337 0.009259259328246117
6 0.05182291567325592 0.2023148089647293 0.013020833022892475 0.010185184888541698
6 0.5523437261581421 0.18287037312984467 0.006770833395421505 0.015740741044282913
6 0.5601562261581421 0.1856481432914734 0.006770833395421505 0.015740741044282913
6 0.5385416746139526 0.15601852536201477 0.0020833334419876337 0.010185184888541698
2 0.50390625 0.3162037134170532 0.03072916716337204 0.1101851835846901
8 0.7164062261581421 0.22175925970077515 0.013020833022892475 0.01944444514811039
8 0.5052083134651184 0.08425925672054291 0.004166666883975267 0.009259259328246117
1 0.5257812738418579 0.08379629999399185 0.01197916641831398 0.010185184888541698
1 0.42526042461395264 0.7754629850387573 0.04843749850988388 0.13611111044883728
7 0.7606770992279053 0.22175925970077515 0.01614583283662796 0.021296296268701553
2 0.4924479126930237 0.11527777463197708 0.02447916753590107 0.037962961941957474
1 0.8695312738418579 0.08472222089767456 0.01718750037252903 0.008333333767950535
7 0.5028645992279053 0.28009259700775146 0.006770833395421505 0.028703704476356506
8 0.7385416626930237 0.2203703671693802 0.01354166679084301 0.020370369777083397
0 0.5674479007720947 0.2023148089647293 0.0036458333488553762 0.012037036940455437
0 0.5299479365348816 0.19861111044883728 0.0026041667442768812 0.01944444514811039
0 0.5268229246139526 0.18611110746860504 0.0026041667442768812 0.018518518656492233
0 0.3453125059604645 0.08703703433275223 0.0020833334419876337 0.009259259328246117
0 0.46171873807907104 0.18611110746860504 0.0026041667442768812 0.018518518656492233
0 0.4739583432674408 0.08425925672054291 0.0010416667209938169 0.009259259328246117
0 0.16041666269302368 0.12222222238779068 0.004166666883975267 0.012962962500751019
0 0.9895833134651184 0.5351851582527161 0.02083333395421505 0.04444444552063942
0 0.4776041805744171 0.09212963283061981 0.0010416667209938169 0.010185184888541698
0 0.909375011920929 0.1319444477558136 0.0052083334885537624 0.013888888992369175
0 0.4776041805744171 0.10648148506879807 0.0010416667209938169 0.011111111380159855
0 0.46927082538604736 0.1240740716457367 0.0020833334419876337 0.012962962500751019
0 0.8630208373069763 0.08703703433275223 0.0031250000465661287 0.009259259328246117
0 0.26093751192092896 0.6347222328186035 0.014583333395421505 0.037962961941957474
0 0.9872395992279053 0.20000000298023224 0.008854166604578495 0.020370369777083397
0 0.772656261920929 0.19953703880310059 0.00572916679084301 0.01944444514811039
1 0.3427083194255829 0.09074074029922485 0.008333333767950535 0.009259259328246117
1 0.5294271111488342 0.10000000149011612 0.015104166232049465 0.011111111380159855
4 0.8481770753860474 0.20092593133449554 0.1744791716337204 0.06296296417713165
4 0.9276041388511658 0.10740740597248077 0.10104166716337204 0.035185184329748154
