1 0.3421874940395355 0.09074074029922485 0.008333333767950535 0.009259259328246117
1 0.5294271111488342 0.10000000149011612 0.015104166232049465 0.011111111380159855
4 0.8515625 0.20324073731899261 0.17604166269302368 0.06388889253139496
4 0.9299479126930237 0.10787037014961243 0.1015625 0.03611111268401146
6 0.5403645634651184 0.16388888657093048 0.0026041667442768812 0.011111111380159855
6 0.5375000238418579 0.15046297013759613 0.0020833334419876337 0.010185184888541698
6 0.04791666567325592 0.20462962985038757 0.01354166679084301 0.011111111380159855
6 0.5526041388511658 0.18425926566123962 0.0072916666977107525 0.014814814552664757
6 0.5604166388511658 0.1875 0.0072916666977107525 0.015740741044282913
6 0.5390625 0.15694443881511688 0.0020833334419876337 0.010185184888541698
2 0.5036458373069763 0.32083332538604736 0.03125 0.1120370402932167
8 0.7184895873069763 0.22361111640930176 0.013020833022892475 0.01944444514811039
8 0.504687488079071 0.08472222089767456 0.004166666883975267 0.008333333767950535
1 0.5255208611488342 0.08425925672054291 0.01145833358168602 0.009259259328246117
1 0.4221354126930237 0.8064814805984497 0.05052083358168602 0.14444445073604584
7 0.7632812261581421 0.22361111640930176 0.01614583283662796 0.021296296268701553
2 0.4924479126930237 0.11574073880910873 0.02447916753590107 0.03888889029622078
1 0.8705729246139526 0.08564814925193787 0.01718750037252903 0.008333333767950535
7 0.5028645992279053 0.2837963104248047 0.006770833395421505 0.028703704476356506
1 0.5023437738418579 0.3027777671813965 0.01614583283662796 0.046296294778585434
8 0.7406250238418579 0.2222222238779068 0.01354166679084301 0.020370369777083397
0 0.5677083134651184 0.20416666567325592 0.0031250000465661287 0.012037036940455437
0 0.530468761920929 0.20092593133449554 0.0026041667442768812 0.020370369777083397
0 0.5268229246139526 0.18703703582286835 0.0026041667442768812 0.018518518656492233
0 0.34453123807907104 0.08703703433275223 0.0015625000232830644 0.009259259328246117
0 0.46145832538604736 0.18796296417713165 0.0031250000465661287 0.018518518656492233
0 0.4739583432674408 0.08425925672054291 0.0010416667209938169 0.009259259328246117
0 0.15859374403953552 0.12314815074205399 0.004687500186264515 0.012962962500751019
0 0.9945312738418579 0.5467592477798462 0.010937499813735485 0.04537037014961243
0 0.4776041805744171 0.09305555373430252 0.0010416667209938169 0.010185184888541698
0 0.9114583134651184 0.1328703761100769 0.0052083334885537624 0.013888888992369175
0 0.47734373807907104 0.10740740597248077 0.0015625000232830644 0.011111111380159855
0 0.46927082538604736 0.125 0.0020833334419876337 0.012962962500751019
0 0.8645833134651184 0.08749999850988388 0.0031250000465661287 0.010185184888541698
0 0.2552083432674408 0.6518518328666687 0.014583333395421505 0.03888889029622078
0 0.9919270873069763 0.20185184478759766 0.008854166604578495 0.020370369777083397
0 0.7744791507720947 0.2013888955116272 0.0062500000931322575 0.01944444514811039
1 0.3421874940395355 0.09074074029922485 0.008333333767950535 0.009259259328246117
1 0.5296875238418579 0.10000000149011612 0.014583333395421505 0.011111111380159855
4 0.8515625 0.20324073731899261 0.17604166269302368 0.06388889253139496
4 0.9299479126930237 0.10787037014961243 0.1015625 0.03611111268401146
