1 0.34166666865348816 0.0912037044763565 0.008333333767950535 0.010185184888541698
1 0.5296875238418579 0.10092592239379883 0.014583333395421505 0.011111111380159855
4 0.854687511920929 0.20509259402751923 0.17812499403953552 0.06388889253139496
4 0.9322916865348816 0.10879629850387573 0.10208333283662796 0.03611111268401146
6 0.5408853888511658 0.16527777910232544 0.0026041667442768812 0.010185184888541698
6 0.5375000238418579 0.15138888359069824 0.0020833334419876337 0.010185184888541698
6 0.04401041567325592 0.20648148655891418 0.013020833022892475 0.011111111380159855
6 0.5528646111488342 0.1856481432914734 0.006770833395421505 0.015740741044282913
6 0.5609375238418579 0.1893518567085266 0.0072916666977107525 0.015740741044282913
6 0.5390625 0.15833333134651184 0.0020833334419876337 0.011111111380159855
2 0.50390625 0.3254629671573639 0.03177083283662796 0.11388888955116272
8 0.7205728888511658 0.22546295821666718 0.013020833022892475 0.01944444514811039
8 0.5041666626930237 0.08518518507480621 0.004166666883975267 0.009259259328246117
1 0.5252603888511658 0.08472222089767456 0.01197916641831398 0.010185184888541698
1 0.41874998807907104 0.8402777910232544 0.05312500149011612 0.1546296328306198
7 0.7653645873069763 0.22638888657093048 0.01614583283662796 0.021296296268701553
2 0.4921875 0.11666666716337204 0.02500000037252903 0.03888889029622078
1 0.8716145753860474 0.08564814925193787 0.01718750037252903 0.008333333767950535
7 0.5028645992279053 0.2865740656852722 0.006770833395421505 0.028703704476356506
8 0.7427083253860474 0.22453702986240387 0.01354166679084301 0.021296296268701553
0 0.5679687261581421 0.20601852238178253 0.0036458333488553762 0.012037036940455437
0 0.5309895873069763 0.20277777314186096 0.0026041667442768812 0.020370369777083397
0 0.5270833373069763 0.18888889253139496 0.0031250000465661287 0.018518518656492233
0 0.34375 0.08796296268701553 0.0020833334419876337 0.009259259328246117
0 0.4611979126930237 0.18981482088565826 0.0026041667442768812 0.018518518656492233
0 0.4739583432674408 0.08518518507480621 0.0010416667209938169 0.009259259328246117
0 0.15677084028720856 0.1240740716457367 0.004166666883975267 0.012962962500751019
0 0.9994791746139526 0.5597222447395325 0.0010416667209938169 0.04537037014961243
0 0.4776041805744171 0.09305555373430252 0.0010416667209938169 0.010185184888541698
0 0.9140625 0.13379628956317902 0.0052083334885537624 0.013888888992369175
0 0.47734373807907104 0.10787037014961243 0.0015625000232830644 0.012037036940455437
0 0.46875 0.1259259283542633 0.0020833334419876337 0.012962962500751019
0 0.8661458492279053 0.08796296268701553 0.0031250000465661287 0.009259259328246117
0 0.24947915971279144 0.6699073910713196 0.015625 0.03981481492519379
0 0.99609375 0.20370370149612427 0.0078125 0.020370369777083397
0 0.7763020992279053 0.20324073731899261 0.00572916679084301 0.01944444514811039
1 0.34166666865348816 0.0912037044763565 0.008333333767950535 0.010185184888541698
1 0.5296875238418579 0.10092592239379883 0.014583333395421505 0.011111111380159855
4 0.854687511920929 0.20509259402751923 0.17812499403953552 0.06388889253139496
4 0.9322916865348816 0.10879629850387573 0.10208333283662796 0.03611111268401146
