1 0.3395833373069763 0.09259258955717087 0.008333333767950535 0.009259259328246117
1 0.5299479365348816 0.10185185074806213 0.015104166232049465 0.011111111380159855
4 0.8651041388511658 0.21111111342906952 0.18333333730697632 0.06666667014360428
4 0.9390624761581421 0.11064814776182175 0.1041666641831398 0.03611111268401146
6 0.5416666865348816 0.16851851344108582 0.0020833334419876337 0.011111111380159855
6 0.5385416746139526 0.15416666865348816 0.0020833334419876337 0.010185184888541698
6 0.0325520820915699 0.21157407760620117 0.01406249962747097 0.012037036940455437
6 0.5541666746139526 0.19027778506278992 0.0072916666977107525 0.015740741044282913
6 0.5625 0.1935185194015503 0.0072916666977107525 0.01666666753590107
6 0.5401041507720947 0.1615740805864334 0.0020833334419876337 0.010185184888541698
2 0.5041666626930237 0.34074074029922485 0.03333333507180214 0.12037037312984467
8 0.7265625 0.23240740597248077 0.01354166679084301 0.020370369777083397
8 0.5023437738418579 0.08611111342906952 0.004687500186264515 0.009259259328246117
1 0.5236979126930237 0.08564814925193787 0.01197916641831398 0.010185184888541698
1 0.4075520932674408 0.9314814805984497 0.06302083283662796 0.13703703880310059
7 0.7729166746139526 0.23287037014961243 0.01666666753590107 0.021296296268701553
2 0.4924479126930237 0.11898148059844971 0.02552083320915699 0.03981481492519379
1 0.8752604126930237 0.08657407760620117 0.01718750037252903 0.008333333767950535
7 0.503125011920929 0.2976851761341095 0.0072916666977107525 0.03055555559694767
8 0.7497395873069763 0.23101851344108582 0.01406249962747097 0.021296296268701553
0 0.5687500238418579 0.21111111342906952 0.0031250000465661287 0.012962962500751019
0 0.5325520634651184 0.2083333283662796 0.0026041667442768812 0.020370369777083397
0 0.5276041626930237 0.1935185194015503 0.0031250000465661287 0.018518518656492233
0 0.3414062559604645 0.08888889104127884 0.0015625000232830644 0.009259259328246117
0 0.46041667461395264 0.19490741193294525 0.0031250000465661287 0.01944444514811039
0 0.4736979305744171 0.08611111342906952 0.0015625000232830644 0.009259259328246117
0 0.1510416716337204 0.1259259283542633 0.004166666883975267 0.012962962500751019
0 0.47708332538604736 0.09490741044282913 0.0010416667209938169 0.010185184888541698
0 0.921875 0.13657407462596893 0.0052083334885537624 0.013888888992369175
0 0.47708332538604736 0.10925926268100739 0.0010416667209938169 0.011111111380159855
0 0.46822917461395264 0.12777778506278992 0.0020833334419876337 0.012962962500751019
0 0.8708333373069763 0.08935185521841049 0.0031250000465661287 0.010185184888541698
0 0.23046875 0.7277777791023254 0.01718750037252903 0.04259259253740311
0 0.7822916507720947 0.2083333283662796 0.0062500000931322575 0.020370369777083397
1 0.3395833373069763 0.09259258955717087 0.008333333767950535 0.009259259328246117
1 0.5299479365348816 0.10185185074806213 0.015104166232049465 0.011111111380159855
4 0.8651041388511658 0.21111111342906952 0.18333333730697632 0.06666667014360428
4 0.9390624761581421 0.11064814776182175 0.1041666641831398 0.03611111268401146
