1 0.3317708373069763 0.09768518805503845 0.00937500037252903 0.010185184888541698
1 0.5315104126930237 0.10833333432674408 0.01614583283662796 0.011111111380159855
4 0.90234375 0.23796296119689941 0.1953125 0.07407407462596893
4 0.9552083611488342 0.11851851642131805 0.08958332985639572 0.03888889029622078
6 0.5450521111488342 0.18379630148410797 0.0026041667442768812 0.012037036940455437
6 0.5414062738418579 0.1675925999879837 0.0026041667442768812 0.011111111380159855
6 0.559374988079071 0.20972222089767456 0.008333333767950535 0.017592592164874077
6 0.5684896111488342 0.2134259194135666 0.0078125 0.017592592164874077
6 0.54296875 0.17546296119689941 0.0026041667442768812 0.012037036940455437
2 0.5049479007720947 0.4097222089767456 0.04010416567325592 0.1509259194135666
8 0.753125011920929 0.2611111104488373 0.015625 0.02222222276031971
8 0.4973958432674408 0.09074074029922485 0.0052083334885537624 0.009259259328246117
1 0.5197916626930237 0.0902777761220932 0.012500000186264515 0.010185184888541698
7 0.8049479126930237 0.26157405972480774 0.01927083358168602 0.02500000037252903
2 0.4919270873069763 0.12731482088565826 0.02760416641831398 0.0416666679084301
1 0.8893229365348816 0.0912037044763565 0.01822916604578495 0.008333333767950535
7 0.5036458373069763 0.3453703820705414 0.008333333767950535 0.035185184329748154
8 0.7789062261581421 0.260185182094574 0.01614583283662796 0.024074073880910873
0 0.5721353888511658 0.23472222685813904 0.0036458333488553762 0.013888888992369175
0 0.5385416746139526 0.23148147761821747 0.0031250000465661287 0.02222222276031971
0 0.5291666388511658 0.21250000596046448 0.0031250000465661287 0.021296296268701553
0 0.3322916626930237 0.09398148208856583 0.0020833334419876337 0.010185184888541698
0 0.45703125 0.2171296328306198 0.0026041667442768812 0.021296296268701553
0 0.4723958373069763 0.09074074029922485 0.0010416667209938169 0.009259259328246117
0 0.1276041716337204 0.13564814627170563 0.0052083334885537624 0.013888888992369175
0 0.4763020873069763 0.10000000149011612 0.0015625000232830644 0.011111111380159855
0 0.47578126192092896 0.11620370298624039 0.0015625000232830644 0.012037036940455437
0 0.46562498807907104 0.13750000298023224 0.0020833334419876337 0.013888888992369175
0 0.9653645753860474 0.13564814627170563 0.00572916679084301 0.013888888992369175
0 0.807812511920929 0.23240740597248077 0.0072916666977107525 0.02222222276031971
1 0.3317708373069763 0.09768518805503845 0.00937500037252903 0.010185184888541698
1 0.5317708253860474 0.10833333432674408 0.015625 0.011111111380159855
4 0.90234375 0.23796296119689941 0.1953125 0.07407407462596893
4 0.9552083611488342 0.11851851642131805 0.08958332985639572 0.03888889029622078
