1 0.3361979126930237 0.09490741044282913 0.008854166604578495 0.010185184888541698
1 0.5307291746139526 0.10462962836027145 0.015625 0.011111111380159855
4 0.883593738079071 0.22268518805503845 0.19427083432674408 0.0694444477558136
4 0.9486979246139526 0.11388888955116272 0.10260416567325592 0.03703703731298447
6 0.54296875 0.17546296119689941 0.0026041667442768812 0.012037036940455437
6 0.5395833253860474 0.1597222238779068 0.0020833334419876337 0.010185184888541698
6 0.01171875 0.22175925970077515 0.01406249962747097 0.012037036940455437
6 0.5565103888511658 0.19814814627170563 0.0078125 0.01666666753590107
6 0.5648437738418579 0.2023148089647293 0.0078125 0.017592592164874077
6 0.5414062738418579 0.1675925999879837 0.0026041667442768812 0.011111111380159855
2 0.5044270753860474 0.36851853132247925 0.03593749925494194 0.13148148357868195
8 0.7380208373069763 0.244907408952713 0.014583333395421505 0.021296296268701553
8 0.5 0.08796296268701553 0.0052083334885537624 0.009259259328246117
1 0.5218750238418579 0.08749999850988388 0.012500000186264515 0.010185184888541698
7 0.7864583134651184 0.244907408952713 0.01770833320915699 0.023148147389292717
2 0.4921875 0.12222222238779068 0.02604166604578495 0.040740739554166794
1 0.8812500238418579 0.08888889104127884 0.01770833320915699 0.009259259328246117
7 0.503125011920929 0.31712964177131653 0.0072916666977107525 0.032407406717538834
8 0.7622395753860474 0.24351851642131805 0.015104166232049465 0.02222222276031971
0 0.5700520873069763 0.2212962955236435 0.0036458333488553762 0.012962962500751019
0 0.53515625 0.21805556118488312 0.0026041667442768812 0.021296296268701553
0 0.528124988079071 0.20185184478759766 0.0031250000465661287 0.020370369777083397
0 0.3375000059604645 0.0912037044763565 0.0020833334419876337 0.010185184888541698
0 0.45911458134651184 0.20462962985038757 0.0026041667442768812 0.020370369777083397
0 0.47317707538604736 0.08796296268701553 0.0015625000232830644 0.009259259328246117
0 0.14088541269302368 0.130092591047287 0.004687500186264515 0.013888888992369175
0 0.4768229126930237 0.09675925970077515 0.0015625000232830644 0.010185184888541698
0 0.9351562261581421 0.14120370149612427 0.00572916679084301 0.013888888992369175
0 0.4765625 0.11249999701976776 0.0010416667209938169 0.012037036940455437
0 0.4671874940395355 0.1319444477558136 0.0020833334419876337 0.013888888992369175
0 0.87890625 0.0912037044763565 0.0036458333488553762 0.010185184888541698
0 0.18958333134651184 0.8509259223937988 0.02187499962747097 0.04814814776182175
0 0.7932291626930237 0.21898147463798523 0.0062500000931322575 0.021296296268701553
1 0.3361979126930237 0.09490741044282913 0.008854166604578495 0.010185184888541698
1 0.5307291746139526 0.10462962836027145 0.015625 0.011111111380159855
4 0.883593738079071 0.22268518805503845 0.19427083432674408 0.0694444477558136
4 0.9486979246139526 0.11388888955116272 0.10260416567325592 0.03703703731298447
