1 0.33671873807907104 0.09444444626569748 0.008854166604578495 0.009259259328246117
1 0.5307291746139526 0.10462962836027145 0.015625 0.011111111380159855
4 0.879687488079071 0.2203703671693802 0.19166666269302368 0.06851851940155029
4 0.9476562738418579 0.11342592537403107 0.10468749701976776 0.037962961941957474
6 0.54296875 0.17407406866550446 0.0026041667442768812 0.011111111380159855
6 0.5393229126930237 0.1587962955236435 0.0026041667442768812 0.010185184888541698
6 0.01614583283662796 0.21944443881511688 0.014583333395421505 0.011111111380159855
6 0.5559895634651184 0.19675925374031067 0.0078125 0.015740741044282913
6 0.5643228888511658 0.2004629671573639 0.0078125 0.017592592164874077
6 0.5411458611488342 0.1666666716337204 0.0020833334419876337 0.011111111380159855
2 0.5041666626930237 0.3629629611968994 0.03541666641831398 0.12962962687015533
8 0.7354166507720947 0.2421296238899231 0.014583333395421505 0.021296296268701553
8 0.5005208253860474 0.08796296268701553 0.0052083334885537624 0.009259259328246117
1 0.5221354365348816 0.08749999850988388 0.01197916641831398 0.010185184888541698
7 0.7835937738418579 0.24259258806705475 0.01822916604578495 0.02222222276031971
2 0.4921875 0.12175925821065903 0.02604166604578495 0.03981481492519379
1 0.8802083134651184 0.08842592686414719 0.01770833320915699 0.008333333767950535
7 0.503125011920929 0.31296294927597046 0.0072916666977107525 0.031481482088565826
8 0.7593749761581421 0.24074074625968933 0.014583333395421505 0.02222222276031971
0 0.5700520873069763 0.21944443881511688 0.0036458333488553762 0.012962962500751019
0 0.5346354246139526 0.2162037044763565 0.0026041667442768812 0.021296296268701553
0 0.528124988079071 0.20000000298023224 0.0031250000465661287 0.020370369777083397
0 0.33802083134651184 0.09074074029922485 0.0020833334419876337 0.009259259328246117
0 0.4593749940395355 0.2023148089647293 0.0031250000465661287 0.01944444514811039
0 0.47343748807907104 0.08796296268701553 0.0010416667209938169 0.009259259328246117
0 0.14296874403953552 0.12962962687015533 0.004687500186264515 0.012962962500751019
0 0.4768229126930237 0.09675925970077515 0.0015625000232830644 0.010185184888541698
0 0.9325520992279053 0.14027777314186096 0.00572916679084301 0.013888888992369175
0 0.4765625 0.11157407611608505 0.0010416667209938169 0.012037036940455437
0 0.4671874940395355 0.1310185194015503 0.0020833334419876337 0.013888888992369175
0 0.8773437738418579 0.09074074029922485 0.0036458333488553762 0.009259259328246117
0 0.19895833730697632 0.8231481313705444 0.02083333395421505 0.046296294778585434
0 0.7908853888511658 0.21666666865348816 0.006770833395421505 0.020370369777083397
1 0.33671873807907104 0.09444444626569748 0.008854166604578495 0.009259259328246117
1 0.5307291746139526 0.10462962836027145 0.015625 0.011111111380159855
4 0.879687488079071 0.2203703671693802 0.19166666269302368 0.06851851940155029
4 0.9476562738418579 0.11342592537403107 0.10468749701976776 0.037962961941957474
