1 0.3375000059604645 0.09398148208856583 0.008333333767950535 0.010185184888541698
1 0.530468761920929 0.10370370000600815 0.015104166232049465 0.011111111380159855
4 0.875781238079071 0.21759259700775146 0.1901041716337204 0.06851851940155029
4 0.946093738079071 0.11296296119689941 0.10572917014360428 0.03703703731298447
6 0.5424479246139526 0.1726851910352707 0.0026041667442768812 0.012037036940455437
6 0.5390625 0.1578703671693802 0.0020833334419876337 0.010185184888541698
6 0.02031249925494194 0.21759259700775146 0.014583333395421505 0.011111111380159855
6 0.5557291507720947 0.1953703761100769 0.0072916666977107525 0.01666666753590107
6 0.5640624761581421 0.19907407462596893 0.0072916666977107525 0.01666666753590107
6 0.5408853888511658 0.16527777910232544 0.0026041667442768812 0.010185184888541698
2 0.5044270753860474 0.3569444417953491 0.03489583358168602 0.1268518567085266
8 0.7330729365348816 0.23981481790542603 0.01406249962747097 0.020370369777083397
8 0.500781238079071 0.08703703433275223 0.004687500186264515 0.009259259328246117
1 0.5223958492279053 0.08703703433275223 0.012500000186264515 0.009259259328246117
7 0.7807291746139526 0.23981481790542603 0.01770833320915699 0.02222222276031971
2 0.4921875 0.12083332985639572 0.02604166604578495 0.03981481492519379
1 0.87890625 0.08796296268701553 0.01718750037252903 0.009259259328246117
7 0.503125011920929 0.3092592656612396 0.0072916666977107525 0.031481482088565826
8 0.757031261920929 0.23842592537403107 0.01406249962747097 0.021296296268701553
0 0.569531261920929 0.2171296328306198 0.0036458333488553762 0.012037036940455437
0 0.5341145992279053 0.21388888359069824 0.0026041667442768812 0.020370369777083397
0 0.5278645753860474 0.19861111044883728 0.0026041667442768812 0.01944444514811039
0 0.33906251192092896 0.0902777761220932 0.0020833334419876337 0.010185184888541698
0 0.4596354067325592 0.2004629671573639 0.0026041667442768812 0.01944444514811039
0 0.47343748807907104 0.08749999850988388 0.0010416667209938169 0.010185184888541698
0 0.14505209028720856 0.12870369851589203 0.004687500186264515 0.012962962500751019
0 0.47708332538604736 0.09583333134651184 0.0010416667209938169 0.010185184888541698
0 0.9294270873069763 0.13935184478759766 0.00572916679084301 0.013888888992369175
0 0.4768229126930237 0.1111111119389534 0.0015625000232830644 0.011111111380159855
0 0.4674479067325592 0.13055555522441864 0.0026041667442768812 0.012962962500751019
0 0.875781238079071 0.0902777761220932 0.0036458333488553762 0.010185184888541698
0 0.20755209028720856 0.7967592477798462 0.02031249925494194 0.04537037014961243
0 0.7888020873069763 0.21481481194496155 0.006770833395421505 0.020370369777083397
1 0.3375000059604645 0.09398148208856583 0.008333333767950535 0.010185184888541698
1 0.530468761920929 0.10370370000600815 0.015104166232049465 0.011111111380159855
4 0.875781238079071 0.21759259700775146 0.1901041716337204 0.06851851940155029
4 0.946093738079071 0.11296296119689941 0.10572917014360428 0.03703703731298447
