1 0.3270833194255829 0.10092592239379883 0.00937500037252903 0.011111111380159855
1 0.5325520634651184 0.11157407611608505 0.01614583283662796 0.012037036940455437
4 0.9122396111488342 0.25555557012557983 0.17552083730697632 0.07962962985038757
4 0.9622395634651184 0.12314815074205399 0.0755208358168602 0.040740739554166794
6 0.5471354126930237 0.1935185194015503 0.0026041667442768812 0.012962962500751019
6 0.54296875 0.17499999701976776 0.0026041667442768812 0.011111111380159855
6 0.5625 0.2212962955236435 0.008333333767950535 0.018518518656492233
6 0.5721353888511658 0.22592592239379883 0.008854166604578495 0.018518518656492233
6 0.5450521111488342 0.18379630148410797 0.0026041667442768812 0.012037036940455437
2 0.5057291388511658 0.45972222089767456 0.04583333432674408 0.17314815521240234
8 0.7700520753860474 0.2796296179294586 0.01718750037252903 0.024074073880910873
8 0.4947916567325592 0.09305555373430252 0.0052083334885537624 0.010185184888541698
1 0.5174478888511658 0.09259258955717087 0.013020833022892475 0.011111111380159855
7 0.8252604007720947 0.2796296179294586 0.02135416679084301 0.025925925001502037
2 0.49166667461395264 0.13240741193294525 0.02812499925494194 0.04444444552063942
7 0.50390625 0.37731480598449707 0.008854166604578495 0.037962961941957474
8 0.7979166507720947 0.27824074029922485 0.01770833320915699 0.02500000037252903
0 0.57421875 0.24953703582286835 0.004687500186264515 0.013888888992369175
0 0.5424479246139526 0.24675926566123962 0.0036458333488553762 0.023148147389292717
0 0.5302083492279053 0.22453702986240387 0.0031250000465661287 0.021296296268701553
0 0.3270833194255829 0.09675925970077515 0.0020833334419876337 0.010185184888541698
0 0.4544270932674408 0.23148147761821747 0.0026041667442768812 0.02222222276031971
0 0.47187501192092896 0.09351851791143417 0.0010416667209938169 0.009259259328246117
0 0.11354167014360428 0.14120370149612427 0.0052083334885537624 0.013888888992369175
0 0.4755208194255829 0.10370370000600815 0.0010416667209938169 0.011111111380159855
0 0.4749999940395355 0.11944444477558136 0.0010416667209938169 0.012962962500751019
0 0.46406251192092896 0.14351852238178253 0.0020833334419876337 0.014814814552664757
0 0.82421875 0.24675926566123962 0.0078125 0.023148147389292717
1 0.3270833194255829 0.10092592239379883 0.00937500037252903 0.011111111380159855
1 0.5325520634651184 0.11157407611608505 0.01614583283662796 0.012037036940455437
4 0.9122396111488342 0.25555557012557983 0.17552083730697632 0.07962962985038757
4 0.9622395634651184 0.12314815074205399 0.0755208358168602 0.040740739554166794
