1 0.3255208432674408 0.10185185074806213 0.00937500037252903 0.011111111380159855
1 0.5328124761581421 0.11296296119689941 0.01666666753590107 0.012962962500751019
4 0.9161458611488342 0.2620370388031006 0.16770833730697632 0.08148147910833359
4 0.96484375 0.125 0.0703125 0.040740739554166794
6 0.5479166507720947 0.19629628956317902 0.0031250000465661287 0.012962962500751019
6 0.5434895753860474 0.17777778208255768 0.0026041667442768812 0.011111111380159855
6 0.5635416507720947 0.22592592239379883 0.008333333767950535 0.018518518656492233
6 0.5736979246139526 0.23055554926395416 0.008854166604578495 0.018518518656492233
6 0.5458333492279053 0.18703703582286835 0.0031250000465661287 0.012962962500751019
2 0.5057291388511658 0.4791666567325592 0.04791666567325592 0.182407408952713
8 0.776562511920929 0.2865740656852722 0.01770833320915699 0.02500000037252903
8 0.49427083134651184 0.09398148208856583 0.0052083334885537624 0.010185184888541698
1 0.5169270634651184 0.09351851791143417 0.013020833022892475 0.011111111380159855
7 0.832812488079071 0.2865740656852722 0.02187499962747097 0.026851851493120193
2 0.49140626192092896 0.13425925374031067 0.02864583395421505 0.04444444552063942
7 0.50390625 0.38935184478759766 0.008854166604578495 0.03981481492519379
8 0.8046875 0.28518518805503845 0.01770833320915699 0.025925925001502037
0 0.574999988079071 0.25462964177131653 0.004166666883975267 0.014814814552664757
0 0.543749988079071 0.2518518567085266 0.0031250000465661287 0.024074073880910873
0 0.530468761920929 0.22870370745658875 0.0036458333488553762 0.02222222276031971
0 0.32499998807907104 0.09768518805503845 0.0020833334419876337 0.010185184888541698
0 0.45364582538604736 0.2361111044883728 0.0031250000465661287 0.02222222276031971
0 0.4716145694255829 0.09444444626569748 0.0015625000232830644 0.009259259328246117
0 0.10833333432674408 0.14305555820465088 0.0052083334885537624 0.013888888992369175
0 0.9830729365348816 0.27222222089767456 0.01197916641831398 0.025925925001502037
0 0.4752604067325592 0.10462962836027145 0.0015625000232830644 0.011111111380159855
0 0.47473958134651184 0.12083332985639572 0.0015625000232830644 0.012037036940455437
0 0.4635416567325592 0.14537036418914795 0.0020833334419876337 0.014814814552664757
0 0.8299478888511658 0.2527777850627899 0.0078125 0.024074073880910873
1 0.3255208432674408 0.10185185074806213 0.00937500037252903 0.011111111380159855
1 0.5328124761581421 0.11296296119689941 0.01666666753590107 0.012962962500751019
4 0.9161458611488342 0.2620370388031006 0.16770833730697632 0.08148147910833359
4 0.96484375 0.125 0.0703125 0.040740739554166794
