1 0.328125 0.10046296566724777 0.00937500037252903 0.010185184888541698
1 0.5325520634651184 0.11157407611608505 0.01614583283662796 0.012037036940455437
4 0.9104166626930237 0.25231480598449707 0.17916665971279144 0.07870370149612427
4 0.9611979126930237 0.12222222238779068 0.07760416716337204 0.040740739554166794
6 0.546875 0.19166666269302368 0.0031250000465661287 0.012962962500751019
6 0.5427083373069763 0.1736111044883728 0.0020833334419876337 0.012037036940455437
6 0.5619791746139526 0.21944443881511688 0.008333333767950535 0.018518518656492233
6 0.5716145634651184 0.2240740805864334 0.008854166604578495 0.018518518656492233
6 0.5447916388511658 0.18287037312984467 0.0031250000465661287 0.012037036940455437
2 0.5054687261581421 0.4504629671573639 0.04531250149011612 0.16944444179534912
8 0.7671874761581421 0.27638888359069824 0.01666666753590107 0.023148147389292717
8 0.49531251192092896 0.09259258955717087 0.0052083334885537624 0.009259259328246117
1 0.5179687738418579 0.09259258955717087 0.013020833022892475 0.011111111380159855
7 0.8216145634651184 0.2768518626689911 0.02135416679084301 0.025925925001502037
2 0.49166667461395264 0.1319444477558136 0.02812499925494194 0.043518517166376114
7 0.50390625 0.3717592656612396 0.008854166604578495 0.037962961941957474
8 0.7945312261581421 0.2750000059604645 0.01718750037252903 0.024074073880910873
0 0.5739583373069763 0.24675926566123962 0.004166666883975267 0.013888888992369175
0 0.5416666865348816 0.2439814805984497 0.0031250000465661287 0.023148147389292717
0 0.5299479365348816 0.22268518805503845 0.0036458333488553762 0.021296296268701553
0 0.32760417461395264 0.09583333134651184 0.0020833334419876337 0.010185184888541698
0 0.4546875059604645 0.22870370745658875 0.0031250000465661287 0.02222222276031971
0 0.47187501192092896 0.09305555373430252 0.0010416667209938169 0.010185184888541698
0 0.1158854141831398 0.14027777314186096 0.00572916679084301 0.013888888992369175
0 0.47578126192092896 0.10277777910232544 0.0015625000232830644 0.011111111380159855
0 0.4752604067325592 0.11898148059844971 0.0015625000232830644 0.012037036940455437
0 0.46432292461395264 0.14212962985038757 0.0026041667442768812 0.013888888992369175
0 0.979687511920929 0.1398148089647293 0.0062500000931322575 0.014814814552664757
0 0.821093738079071 0.24444444477558136 0.0078125 0.024074073880910873
1 0.328125 0.10046296566724777 0.00937500037252903 0.010185184888541698
1 0.5325520634651184 0.11157407611608505 0.01614583283662796 0.012037036940455437
4 0.9104166626930237 0.25231480598449707 0.17916665971279144 0.07870370149612427
4 0.9611979126930237 0.12222222238779068 0.07760416716337204 0.040740739554166794
