1 0.3265624940395355 0.10138888657093048 0.00937500037252903 0.010185184888541698
1 0.5328124761581421 0.11249999701976776 0.01666666753590107 0.012037036940455437
4 0.9140625 0.2587963044643402 0.171875 0.08055555820465088
4 0.9635416865348816 0.1240740716457367 0.0729166641831398 0.040740739554166794
6 0.5473958253860474 0.19490741193294525 0.0031250000465661287 0.013888888992369175
6 0.5434895753860474 0.17638888955116272 0.0026041667442768812 0.012037036940455437
6 0.5630208253860474 0.2231481522321701 0.008333333767950535 0.018518518656492233
6 0.5726562738418579 0.2282407432794571 0.008854166604578495 0.01944444514811039
6 0.5455729365348816 0.1856481432914734 0.0026041667442768812 0.012037036940455437
2 0.5057291388511658 0.4694444537162781 0.046875 0.17777778208255768
8 0.7731770873069763 0.28333333134651184 0.01718750037252903 0.024074073880910873
8 0.4945312440395355 0.09351851791143417 0.004687500186264515 0.009259259328246117
1 0.5174478888511658 0.09351851791143417 0.013020833022892475 0.011111111380159855
7 0.8291666507720947 0.28333333134651184 0.02187499962747097 0.025925925001502037
2 0.49140626192092896 0.13333334028720856 0.02864583395421505 0.04444444552063942
7 0.50390625 0.38333332538604736 0.008854166604578495 0.03888889029622078
8 0.8010416626930237 0.2819444537162781 0.01770833320915699 0.02500000037252903
0 0.5744791626930237 0.2518518567085266 0.004166666883975267 0.014814814552664757
0 0.5432291626930237 0.2490740716457367 0.0031250000465661287 0.024074073880910873
0 0.5302083492279053 0.22685185074806213 0.0031250000465661287 0.02222222276031971
0 0.32604166865348816 0.09675925970077515 0.0020833334419876337 0.010185184888541698
0 0.45390623807907104 0.23333333432674408 0.0026041667442768812 0.02222222276031971
0 0.4716145694255829 0.09398148208856583 0.0015625000232830644 0.010185184888541698
0 0.11093749850988388 0.14212962985038757 0.0052083334885537624 0.013888888992369175
0 0.9776041507720947 0.26851850748062134 0.01145833358168602 0.025925925001502037
0 0.4755208194255829 0.10370370000600815 0.0010416667209938169 0.011111111380159855
0 0.47473958134651184 0.12037037312984467 0.0015625000232830644 0.012962962500751019
0 0.4638020694255829 0.14444445073604584 0.0026041667442768812 0.014814814552664757
0 0.8268229365348816 0.24953703582286835 0.0078125 0.023148147389292717
1 0.3265624940395355 0.10138888657093048 0.00937500037252903 0.010185184888541698
1 0.5328124761581421 0.11249999701976776 0.01666666753590107 0.012037036940455437
4 0.9140625 0.2587963044643402 0.171875 0.08055555820465088
4 0.9635416865348816 0.1240740716457367 0.0729166641831398 0.040740739554166794
