1 0.32864582538604736 0.09953703731298447 0.00937500037252903 0.010185184888541698
1 0.5322916507720947 0.11064814776182175 0.01666666753590107 0.012037036940455437
4 0.9088541865348816 0.2490740716457367 0.1822916716337204 0.07777778059244156
4 0.9598958492279053 0.12175925821065903 0.08020833134651184 0.03981481492519379
6 0.5463541746139526 0.18981482088565826 0.0031250000465661287 0.012962962500751019
6 0.5424479246139526 0.17222222685813904 0.0026041667442768812 0.011111111380159855
6 0.5614583492279053 0.2171296328306198 0.008333333767950535 0.017592592164874077
6 0.5708333253860474 0.2212962955236435 0.008333333767950535 0.018518518656492233
6 0.5445312261581421 0.18101851642131805 0.0026041667442768812 0.012037036940455437
2 0.5052083134651184 0.4416666626930237 0.04374999925494194 0.1648148149251938
8 0.7640625238418579 0.27314814925193787 0.01666666753590107 0.024074073880910873
8 0.49557292461395264 0.09212963283061981 0.004687500186264515 0.010185184888541698
1 0.5182291865348816 0.09212963283061981 0.012500000186264515 0.010185184888541698
7 0.8182291388511658 0.2736110985279083 0.02083333395421505 0.02500000037252903
2 0.49166667461395264 0.1310185194015503 0.02812499925494194 0.043518517166376114
7 0.5036458373069763 0.36574074625968933 0.008333333767950535 0.03703703731298447
8 0.7911458611488342 0.2717592716217041 0.01666666753590107 0.02500000037252903
0 0.573437511920929 0.24444444477558136 0.004166666883975267 0.014814814552664757
0 0.5411458611488342 0.24120371043682098 0.0031250000465661287 0.023148147389292717
0 0.5296875238418579 0.2203703671693802 0.0031250000465661287 0.02222222276031971
0 0.32864582538604736 0.09583333134651184 0.0020833334419876337 0.010185184888541698
0 0.45520833134651184 0.22592592239379883 0.0031250000465661287 0.02222222276031971
0 0.47213542461395264 0.09259258955717087 0.0015625000232830644 0.009259259328246117
0 0.11822916567325592 0.13935184478759766 0.0052083334885537624 0.013888888992369175
0 0.47578126192092896 0.10185185074806213 0.0015625000232830644 0.011111111380159855
0 0.4752604067325592 0.1180555522441864 0.0015625000232830644 0.012037036940455437
0 0.4645833373069763 0.14120370149612427 0.0020833334419876337 0.013888888992369175
0 0.9765625 0.1388888955116272 0.0062500000931322575 0.014814814552664757
0 0.8184896111488342 0.2421296238899231 0.0078125 0.023148147389292717
1 0.32864582538604736 0.09953703731298447 0.00937500037252903 0.010185184888541698
1 0.5322916507720947 0.11064814776182175 0.01666666753590107 0.012037036940455437
4 0.9088541865348816 0.2490740716457367 0.1822916716337204 0.07777778059244156
4 0.9598958492279053 0.12175925821065903 0.08020833134651184 0.03981481492519379
