1 0.31692707538604736 0.10740740597248077 0.00989583320915699 0.011111111380159855
1 0.5348958373069763 0.12037037312984467 0.01770833320915699 0.012962962500751019
4 0.9385416507720947 0.30092594027519226 0.12291666865348816 0.09259258955717087
6 0.5523437261581421 0.21574074029922485 0.0036458333488553762 0.014814814552664757
6 0.5473958253860474 0.1935185194015503 0.0031250000465661287 0.012962962500751019
6 0.5705729126930237 0.25138887763023376 0.00989583320915699 0.021296296268701553
6 0.5815104246139526 0.2569444477558136 0.00989583320915699 0.021296296268701553
6 0.550000011920929 0.20462962985038757 0.0031250000465661287 0.012962962500751019
2 0.5078125 0.6175925731658936 0.06354166567325592 0.2518518567085266
8 0.8148437738418579 0.32870370149612427 0.02135416679084301 0.02777777798473835
8 0.49166667461395264 0.09861110895872116 0.0052083334885537624 0.010185184888541698
1 0.5132812261581421 0.09861110895872116 0.01406249962747097 0.012037036940455437
7 0.8791666626930237 0.32870370149612427 0.02604166604578495 0.029629629105329514
2 0.4908854067325592 0.14444445073604584 0.03072916716337204 0.04814814776182175
7 0.5049479007720947 0.46851852536201477 0.010937499813735485 0.05000000074505806
1 0.5044270753860474 0.5245370268821716 0.02864583395421505 0.0972222238779068
8 0.8471354246139526 0.3263888955116272 0.02135416679084301 0.028703704476356506
0 0.5799478888511658 0.28796297311782837 0.004687500186264515 0.01666666753590107
0 0.5520833134651184 0.2847222089767456 0.004166666883975267 0.026851851493120193
0 0.532031238079071 0.2541666626930237 0.0036458333488553762 0.02500000037252903
0 0.3148437440395355 0.10277777910232544 0.0026041667442768812 0.011111111380159855
0 0.44869792461395264 0.2671296298503876 0.0036458333488553762 0.02500000037252903
0 0.4700520932674408 0.09953703731298447 0.0015625000232830644 0.010185184888541698
0 0.08020833134651184 0.15416666865348816 0.0062500000931322575 0.015740741044282913
0 0.4739583432674408 0.11064814776182175 0.0010416667209938169 0.012037036940455437
0 0.47317707538604736 0.12870369851589203 0.0015625000232830644 0.012962962500751019
0 0.4606770873069763 0.15694443881511688 0.0026041667442768812 0.015740741044282913
0 0.8656250238418579 0.2847222089767456 0.00937500037252903 0.026851851493120193
1 0.31692707538604736 0.10740740597248077 0.00989583320915699 0.011111111380159855
1 0.5348958373069763 0.12037037312984467 0.01770833320915699 0.012962962500751019
4 0.9385416507720947 0.30092594027519226 0.12291666865348816 0.09259258955717087
