1 0.3216145932674408 0.10462962836027145 0.00989583320915699 0.011111111380159855
1 0.5338541865348816 0.11666666716337204 0.01666666753590107 0.012962962500751019
4 0.926562488079071 0.2796296179294586 0.14687499403953552 0.08703703433275223
4 0.9716145992279053 0.12916666269302368 0.05677083507180214 0.0416666679084301
6 0.550000011920929 0.20601852238178253 0.0031250000465661287 0.013888888992369175
6 0.5455729365348816 0.18518517911434174 0.0026041667442768812 0.012962962500751019
6 0.5669270753860474 0.23796296119689941 0.008854166604578495 0.020370369777083397
6 0.5776041746139526 0.24351851642131805 0.00937500037252903 0.020370369777083397
6 0.547656238079071 0.1953703761100769 0.0026041667442768812 0.012962962500751019
2 0.5065104365348816 0.539814829826355 0.0546875 0.21111111342906952
8 0.7945312261581421 0.3055555522441864 0.01927083358168602 0.025925925001502037
8 0.49270832538604736 0.0962962955236435 0.0052083334885537624 0.009259259328246117
1 0.5151041746139526 0.0962962955236435 0.01354166679084301 0.011111111380159855
7 0.854687511920929 0.3064814805984497 0.02395833283662796 0.02777777798473835
2 0.49140626192092896 0.1388888955116272 0.02968749962747097 0.046296294778585434
7 0.5044270753860474 0.42500001192092896 0.00989583320915699 0.04444444552063942
1 0.50390625 0.47083333134651184 0.02552083320915699 0.08425925672054291
8 0.8244791626930237 0.30416667461395264 0.01979166641831398 0.026851851493120193
0 0.577343761920929 0.2699074149131775 0.004687500186264515 0.015740741044282913
0 0.547656238079071 0.2671296298503876 0.0036458333488553762 0.02500000037252903
0 0.5309895873069763 0.24120371043682098 0.0036458333488553762 0.023148147389292717
0 0.3203125 0.10000000149011612 0.0020833334419876337 0.011111111380159855
0 0.45104166865348816 0.2509259283542633 0.0031250000465661287 0.024074073880910873
0 0.47083333134651184 0.09675925970077515 0.0010416667209938169 0.010185184888541698
0 0.0950520858168602 0.14861111342906952 0.00572916679084301 0.015740741044282913
0 0.47473958134651184 0.10740740597248077 0.0015625000232830644 0.011111111380159855
0 0.4742187559604645 0.125 0.0015625000232830644 0.012962962500751019
0 0.4622395932674408 0.15046297013759613 0.0026041667442768812 0.015740741044282913
0 0.8466145992279053 0.26759257912635803 0.008854166604578495 0.025925925001502037
1 0.3216145932674408 0.10462962836027145 0.00989583320915699 0.011111111380159855
1 0.5338541865348816 0.11666666716337204 0.01666666753590107 0.012962962500751019
4 0.926562488079071 0.2796296179294586 0.14687499403953552 0.08703703433275223
4 0.9716145992279053 0.12916666269302368 0.05677083507180214 0.0416666679084301
