1 0.3187499940395355 0.10648148506879807 0.010416666977107525 0.011111111380159855
1 0.534375011920929 0.11851851642131805 0.01770833320915699 0.012962962500751019
4 0.9333333373069763 0.2916666567325592 0.13333334028720856 0.09074074029922485
6 0.551562488079071 0.21157407760620117 0.0031250000465661287 0.013888888992369175
6 0.5466145873069763 0.18981482088565826 0.0026041667442768812 0.012962962500751019
6 0.5687500238418579 0.24537037312984467 0.00937500037252903 0.020370369777083397
6 0.5799478888511658 0.25138887763023376 0.00989583320915699 0.021296296268701553
6 0.5489583611488342 0.20092593133449554 0.0031250000465661287 0.012962962500751019
2 0.5072916746139526 0.5824074149131775 0.05937499925494194 0.23333333432674408
8 0.8059895634651184 0.3185185194015503 0.02031249925494194 0.02777777798473835
8 0.4921875 0.09768518805503845 0.0052083334885537624 0.010185184888541698
1 0.5140625238418579 0.09768518805503845 0.01354166679084301 0.012037036940455437
7 0.8684895634651184 0.31898146867752075 0.02552083320915699 0.028703704476356506
2 0.4911458194255829 0.14212962985038757 0.03020833246409893 0.04722222313284874
7 0.504687488079071 0.4495370388031006 0.010416666977107525 0.04722222313284874
1 0.5041666626930237 0.5009258985519409 0.02708333358168602 0.09074074029922485
8 0.8372395634651184 0.3166666626930237 0.02031249925494194 0.02777777798473835
0 0.578906238079071 0.28009259700775146 0.004687500186264515 0.015740741044282913
0 0.5502604246139526 0.27731481194496155 0.0036458333488553762 0.026851851493120193
0 0.5315104126930237 0.2481481432914734 0.0036458333488553762 0.024074073880910873
0 0.31718748807907104 0.10185185074806213 0.0020833334419876337 0.011111111380159855
0 0.44973957538604736 0.2597222328186035 0.0036458333488553762 0.02500000037252903
0 0.4703125059604645 0.09861110895872116 0.0010416667209938169 0.010185184888541698
0 0.08645833283662796 0.1518518477678299 0.0062500000931322575 0.014814814552664757
0 0.4742187559604645 0.10925926268100739 0.0015625000232830644 0.011111111380159855
0 0.4736979305744171 0.1268518567085266 0.0015625000232830644 0.012962962500751019
0 0.46145832538604736 0.15416666865348816 0.0020833334419876337 0.015740741044282913
0 0.8572916388511658 0.27731481194496155 0.00937500037252903 0.026851851493120193
1 0.3187499940395355 0.10648148506879807 0.010416666977107525 0.011111111380159855
1 0.534375011920929 0.11851851642131805 0.01770833320915699 0.012962962500751019
4 0.9333333373069763 0.2916666567325592 0.13333334028720856 0.09074074029922485
