1 0.31979167461395264 0.10555555671453476 0.010416666977107525 0.011111111380159855
1 0.5341145992279053 0.11759259551763535 0.01718750037252903 0.012962962500751019
4 0.9309895634651184 0.2874999940395355 0.1380208283662796 0.08981481194496155
6 0.5510416626930237 0.20972222089767456 0.0031250000465661287 0.013888888992369175
6 0.546093761920929 0.1884259283542633 0.0026041667442768812 0.012037036940455437
6 0.5682291388511658 0.24259258806705475 0.00937500037252903 0.020370369777083397
6 0.578906238079071 0.2481481432914734 0.00989583320915699 0.020370369777083397
6 0.5484374761581421 0.19907407462596893 0.0031250000465661287 0.012962962500751019
2 0.507031261920929 0.5662037134170532 0.05781250074505806 0.22499999403953552
8 0.8018229007720947 0.3143518567085266 0.02031249925494194 0.026851851493120193
8 0.4924479126930237 0.0972222238779068 0.00572916679084301 0.009259259328246117
1 0.5145833492279053 0.0972222238779068 0.01354166679084301 0.011111111380159855
7 0.8635416626930237 0.3143518567085266 0.02500000037252903 0.028703704476356506
2 0.4911458194255829 0.14120370149612427 0.03020833246409893 0.04722222313284874
7 0.5044270753860474 0.4407407343387604 0.00989583320915699 0.046296294778585434
1 0.5041666626930237 0.489814817905426 0.02604166604578495 0.08888889104127884
8 0.8325520753860474 0.3125 0.02031249925494194 0.026851851493120193
0 0.5783854126930237 0.27638888359069824 0.004687500186264515 0.015740741044282913
0 0.5492187738418579 0.27407407760620117 0.0036458333488553762 0.025925925001502037
0 0.5315104126930237 0.24583333730697632 0.0036458333488553762 0.023148147389292717
0 0.31822916865348816 0.10092592239379883 0.0020833334419876337 0.011111111380159855
0 0.4502604305744171 0.25648146867752075 0.0036458333488553762 0.024074073880910873
0 0.47057291865348816 0.09768518805503845 0.0015625000232830644 0.010185184888541698
0 0.08932291716337204 0.1509259194135666 0.00572916679084301 0.014814814552664757
0 0.47447916865348816 0.10879629850387573 0.0010416667209938169 0.012037036940455437
0 0.4736979305744171 0.1259259283542633 0.0015625000232830644 0.012962962500751019
0 0.46171873807907104 0.15324074029922485 0.0026041667442768812 0.015740741044282913
0 0.8536458611488342 0.27407407760620117 0.00937500037252903 0.025925925001502037
1 0.31979167461395264 0.10555555671453476 0.010416666977107525 0.011111111380159855
1 0.5341145992279053 0.11759259551763535 0.01718750037252903 0.012962962500751019
4 0.9309895634651184 0.2874999940395355 0.1380208283662796 0.08981481194496155
