1 0.32213541865348816 0.10370370000600815 0.00989583320915699 0.011111111380159855
1 0.5335937738418579 0.11574073880910873 0.01718750037252903 0.012962962500751019
4 0.9244791865348816 0.27638888359069824 0.1510416716337204 0.08611111342906952
6 0.5494791865348816 0.20416666567325592 0.0031250000465661287 0.013888888992369175
6 0.5450521111488342 0.18379630148410797 0.0026041667442768812 0.012037036940455437
6 0.56640625 0.23564815521240234 0.008854166604578495 0.01944444514811039
6 0.5765625238418579 0.24074074625968933 0.00937500037252903 0.020370369777083397
6 0.5473958253860474 0.1935185194015503 0.0031250000465661287 0.012962962500751019
2 0.5062500238418579 0.5268518328666687 0.05312500149011612 0.20555555820465088
8 0.7908853888511658 0.3018518388271332 0.01927083358168602 0.025925925001502037
8 0.4932291805744171 0.09583333134651184 0.0052083334885537624 0.010185184888541698
1 0.515625 0.09537036716938019 0.01354166679084301 0.011111111380159855
7 0.8502604365348816 0.3027777671813965 0.0234375 0.02777777798473835
2 0.49140626192092896 0.13842593133449554 0.02968749962747097 0.04537037014961243
7 0.5041666626930237 0.41805556416511536 0.00937500037252903 0.043518517166376114
1 0.50390625 0.46203702688217163 0.02447916753590107 0.08148147910833359
8 0.8205729126930237 0.3004629611968994 0.01927083358168602 0.026851851493120193
0 0.5768229365348816 0.2671296298503876 0.004687500186264515 0.015740741044282913
0 0.546875 0.26435184478759766 0.0031250000465661287 0.02500000037252903
0 0.5309895873069763 0.23842592537403107 0.0036458333488553762 0.023148147389292717
0 0.32109373807907104 0.09953703731298447 0.0026041667442768812 0.010185184888541698
0 0.4515624940395355 0.24768517911434174 0.0031250000465661287 0.023148147389292717
0 0.4710937440395355 0.09675925970077515 0.0015625000232830644 0.010185184888541698
0 0.09765625 0.14722222089767456 0.00572916679084301 0.014814814552664757
0 0.47473958134651184 0.10694444179534912 0.0015625000232830644 0.012037036940455437
0 0.4742187559604645 0.1240740716457367 0.0015625000232830644 0.012962962500751019
0 0.4625000059604645 0.14953704178333282 0.0020833334419876337 0.015740741044282913
0 0.8434895873069763 0.26435184478759766 0.008854166604578495 0.02500000037252903
1 0.32213541865348816 0.10370370000600815 0.00989583320915699 0.011111111380159855
1 0.5335937738418579 0.11574073880910873 0.01718750037252903 0.012962962500751019
4 0.9244791865348816 0.27638888359069824 0.1510416716337204 0.08611111342906952
