1 0.3057291805744171 0.11481481790542603 0.01145833358168602 0.012962962500751019
1 0.5369791388511658 0.12916666269302368 0.01875000074505806 0.013888888992369175
4 0.9731770753860474 0.36157408356666565 0.05364583432674408 0.1120370402932167
6 0.55859375 0.24259258806705475 0.0036458333488553762 0.01666666753590107
6 0.5523437261581421 0.2152777761220932 0.0036458333488553762 0.013888888992369175
6 0.5802083611488342 0.28796297311782837 0.01145833358168602 0.024074073880910873
6 0.5932291746139526 0.2958333194255829 0.01145833358168602 0.02500000037252903
6 0.555468738079071 0.2291666716337204 0.0036458333488553762 0.015740741044282913
2 0.5122395753860474 0.8500000238418579 0.10052083432674408 0.30000001192092896
8 0.8739583492279053 0.39259257912635803 0.02708333358168602 0.03333333507180214
8 0.48750001192092896 0.1050925925374031 0.0052083334885537624 0.010185184888541698
1 0.5065104365348816 0.10555555671453476 0.015104166232049465 0.012962962500751019
7 0.9505208134651184 0.39259257912635803 0.03333333507180214 0.035185184329748154
2 0.49036458134651184 0.1578703671693802 0.0338541679084301 0.05277777835726738
7 0.5062500238418579 0.6069444417953491 0.01354166679084301 0.06759259104728699
1 0.5062500238418579 0.7050926089286804 0.03854166716337204 0.14907407760620117
7 0.6151041388511658 0.10787037014961243 0.008333333767950535 0.010185184888541698
8 0.9125000238418579 0.3907407522201538 0.02708333358168602 0.03333333507180214
0 0.5872395634651184 0.33564814925193787 0.00572916679084301 0.01944444514811039
0 0.5643228888511658 0.33379629254341125 0.004687500186264515 0.03055555559694767
0 0.5346354246139526 0.29027777910232544 0.004687500186264515 0.026851851493120193
0 0.3020833432674408 0.10972221940755844 0.0031250000465661287 0.012037036940455437
0 0.44062501192092896 0.3125 0.004166666883975267 0.028703704476356506
0 0.46822917461395264 0.10648148506879807 0.0010416667209938169 0.011111111380159855
0 0.04244791716337204 0.16944444179534912 0.006770833395421505 0.01666666753590107
0 0.47213542461395264 0.11898148059844971 0.0015625000232830644 0.012037036940455437
0 0.4716145694255829 0.1379629671573639 0.0015625000232830644 0.014814814552664757
0 0.45703125 0.17175926268100739 0.0026041667442768812 0.017592592164874077
0 0.6114583611488342 0.1041666641831398 0.0020833334419876337 0.006481481250375509
0 0.9182291626930237 0.33287036418914795 0.012500000186264515 0.03055555559694767
1 0.3057291805744171 0.11481481790542603 0.01145833358168602 0.012962962500751019
1 0.5369791388511658 0.12916666269302368 0.01875000074505806 0.013888888992369175
4 0.9731770753860474 0.36157408356666565 0.05364583432674408 0.1120370402932167
