1 0.3075520694255829 0.11342592537403107 0.010937499813735485 0.012037036940455437
1 0.5367187261581421 0.12731482088565826 0.01822916604578495 0.013888888992369175
4 0.9666666388511658 0.3499999940395355 0.06666667014360428 0.10740740597248077
6 0.5575520992279053 0.23796296119689941 0.0036458333488553762 0.01666666753590107
6 0.551562488079071 0.21157407760620117 0.0031250000465661287 0.013888888992369175
6 0.5783854126930237 0.28101852536201477 0.010937499813735485 0.023148147389292717
6 0.5911458134651184 0.2888889014720917 0.01145833358168602 0.024074073880910873
6 0.5544270873069763 0.22453702986240387 0.0036458333488553762 0.015740741044282913
2 0.510937511920929 0.8273147940635681 0.09166666865348816 0.3453703820705414
8 0.862500011920929 0.380092591047287 0.02604166604578495 0.032407406717538834
8 0.48828125 0.1041666641831398 0.00572916679084301 0.010185184888541698
1 0.5078125 0.1041666641831398 0.014583333395421505 0.012037036940455437
7 0.936718761920929 0.380092591047287 0.03177083283662796 0.034259259700775146
2 0.4906249940395355 0.15555556118488312 0.03333333507180214 0.051851850003004074
7 0.5059896111488342 0.5787037014961243 0.013020833022892475 0.06296296417713165
1 0.5057291388511658 0.667129635810852 0.0364583320915699 0.1379629671573639
8 0.8999999761581421 0.3782407343387604 0.02604166604578495 0.032407406717538834
0 0.5859375 0.3263888955116272 0.0052083334885537624 0.01944444514811039
0 0.5622395873069763 0.32407405972480774 0.004687500186264515 0.029629629105329514
0 0.5341145992279053 0.2837963104248047 0.004687500186264515 0.026851851493120193
0 0.3044270873069763 0.10833333432674408 0.0026041667442768812 0.011111111380159855
0 0.44218748807907104 0.3037036955356598 0.004166666883975267 0.02777777798473835
0 0.4684895873069763 0.10462962836027145 0.0015625000232830644 0.011111111380159855
0 0.04921875149011612 0.1666666716337204 0.006770833395421505 0.01666666753590107
0 0.47265625 0.11759259551763535 0.0015625000232830644 0.012962962500751019
0 0.4716145694255829 0.13657407462596893 0.0015625000232830644 0.013888888992369175
0 0.45755207538604736 0.16944444179534912 0.0026041667442768812 0.01666666753590107
0 0.6104166507720947 0.10324074327945709 0.0020833334419876337 0.006481481250375509
0 0.9080728888511658 0.3236111104488373 0.01197916641831398 0.03055555559694767
1 0.3075520694255829 0.11342592537403107 0.010937499813735485 0.012037036940455437
1 0.5367187261581421 0.12731482088565826 0.01822916604578495 0.013888888992369175
4 0.9666666388511658 0.3499999940395355 0.06666667014360428 0.10740740597248077
