1 0.30677083134651184 0.11435185372829437 0.01145833358168602 0.012037036940455437
1 0.5369791388511658 0.12824073433876038 0.01875000074505806 0.013888888992369175
4 0.9697916507720947 0.35555556416511536 0.06041666492819786 0.10925926268100739
6 0.5580729246139526 0.24074074625968933 0.0036458333488553762 0.01666666753590107
6 0.5518229007720947 0.2134259194135666 0.0036458333488553762 0.013888888992369175
6 0.5794270634651184 0.28425925970077515 0.010937499813735485 0.024074073880910873
6 0.5921875238418579 0.29212963581085205 0.01145833358168602 0.02500000037252903
6 0.5549479126930237 0.22685185074806213 0.0036458333488553762 0.014814814552664757
2 0.5114583373069763 0.8379629850387573 0.09583333134651184 0.32407405972480774
8 0.8682291507720947 0.3856481611728668 0.02604166604578495 0.032407406717538834
8 0.48776042461395264 0.1041666641831398 0.00572916679084301 0.010185184888541698
1 0.5072916746139526 0.10462962836027145 0.014583333395421505 0.012962962500751019
7 0.9434896111488342 0.3861111104488373 0.03281249850988388 0.035185184329748154
2 0.49036458134651184 0.15694443881511688 0.0338541679084301 0.05277777835726738
7 0.5062500238418579 0.5925925970077515 0.01354166679084301 0.06481481343507767
1 0.5057291388511658 0.6856481432914734 0.03750000149011612 0.14351852238178253
8 0.9059895873069763 0.38425925374031067 0.02656250074505806 0.03333333507180214
0 0.586718738079071 0.33101850748062134 0.00572916679084301 0.01944444514811039
0 0.563281238079071 0.32870370149612427 0.004687500186264515 0.029629629105329514
0 0.534375011920929 0.28703704476356506 0.004166666883975267 0.02777777798473835
0 0.3033854067325592 0.10879629850387573 0.0026041667442768812 0.012037036940455437
0 0.44140625 0.30787035822868347 0.004687500186264515 0.028703704476356506
0 0.4684895873069763 0.10555555671453476 0.0015625000232830644 0.011111111380159855
0 0.04583333432674408 0.16851851344108582 0.0072916666977107525 0.01666666753590107
0 0.47265625 0.1180555522441864 0.0015625000232830644 0.012037036940455437
0 0.4716145694255829 0.13703703880310059 0.0015625000232830644 0.014814814552664757
0 0.4572916626930237 0.17037037014961243 0.0020833334419876337 0.01666666753590107
0 0.6109374761581421 0.10324074327945709 0.0020833334419876337 0.006481481250375509
0 0.9130208492279053 0.3282407522201538 0.012500000186264515 0.03055555559694767
1 0.30677083134651184 0.11435185372829437 0.01145833358168602 0.012037036940455437
1 0.5369791388511658 0.12824073433876038 0.01875000074505806 0.013888888992369175
4 0.9697916507720947 0.35555556416511536 0.06041666492819786 0.10925926268100739
