1 0.29609376192092896 0.12129629403352737 0.01197916641831398 0.012962962500751019
1 0.5390625 0.13703703880310059 0.01979166641831398 0.014814814552664757
6 0.5643228888511658 0.26851850748062134 0.004687500186264515 0.018518518656492233
6 0.5570312738418579 0.23564815521240234 0.0036458333488553762 0.015740741044282913
6 0.5901041626930237 0.3245370388031006 0.012500000186264515 0.026851851493120193
6 0.6049479246139526 0.3342592716217041 0.01406249962747097 0.02777777798473835
6 0.5604166388511658 0.2518518567085266 0.004166666883975267 0.01666666753590107
1 0.5346354246139526 0.1111111119389534 0.01197916641831398 0.011111111380159855
8 0.938281238079071 0.46203702688217163 0.0338541679084301 0.03888889029622078
8 0.48359376192092896 0.1101851835846901 0.00572916679084301 0.011111111380159855
1 0.5015624761581421 0.1111111119389534 0.015625 0.012962962500751019
2 0.4895833432674408 0.17083333432674408 0.0364583320915699 0.05648148059844971
7 0.5080729126930237 0.7865740656852722 0.01822916604578495 0.09166666865348816
1 0.5083333253860474 0.9203703999519348 0.05416666716337204 0.15925925970077515
7 0.6205729246139526 0.11342592537403107 0.008854166604578495 0.010185184888541698
8 0.9830729365348816 0.45972222089767456 0.0338541679084301 0.037962961941957474
0 0.5958333611488342 0.385185182094574 0.0062500000931322575 0.02222222276031971
0 0.5770833492279053 0.38425925374031067 0.0052083334885537624 0.035185184329748154
0 0.5377604365348816 0.32592591643333435 0.004687500186264515 0.029629629105329514
0 0.29114583134651184 0.11527777463197708 0.0031250000465661287 0.012037036940455437
0 0.4333333373069763 0.35972222685813904 0.0052083334885537624 0.032407406717538834
0 0.46666666865348816 0.1120370402932167 0.0010416667209938169 0.011111111380159855
0 0.0078125 0.18333333730697632 0.008333333767950535 0.018518518656492233
0 0.47057291865348816 0.1259259283542633 0.0015625000232830644 0.012962962500751019
0 0.4697916805744171 0.14629629254341125 0.0020833334419876337 0.014814814552664757
0 0.45364582538604736 0.18611110746860504 0.0031250000465661287 0.018518518656492233
0 0.6177083253860474 0.10925926268100739 0.0020833334419876337 0.007407407276332378
0 0.9729166626930237 0.3828703761100769 0.015625 0.034259259700775146
1 0.29609376192092896 0.12129629403352737 0.01197916641831398 0.012962962500751019
1 0.5390625 0.13703703880310059 0.01979166641831398 0.014814814552664757
