1 0.30078125 0.1180555522441864 0.01197916641831398 0.012037036940455437
1 0.538281261920929 0.1328703761100769 0.01927083358168602 0.013888888992369175
4 0.9916666746139526 0.3949074149131775 0.01666666753590107 0.12129629403352737
6 0.5614583492279053 0.2560185194015503 0.004166666883975267 0.017592592164874077
6 0.5546875 0.22592592239379883 0.0031250000465661287 0.014814814552664757
6 0.585156261920929 0.3064814805984497 0.01197916641831398 0.025925925001502037
6 0.5992187261581421 0.3152777850627899 0.013020833022892475 0.026851851493120193
6 0.5580729246139526 0.24074074625968933 0.0036458333488553762 0.01666666753590107
2 0.5161458253860474 0.9245370626449585 0.13229165971279144 0.1509259194135666
1 0.535937488079071 0.10879629850387573 0.01145833358168602 0.010185184888541698
8 0.9059895873069763 0.4268518388271332 0.03072916716337204 0.035185184329748154
8 0.4856770932674408 0.10787037014961243 0.00572916679084301 0.010185184888541698
1 0.50390625 0.10833333432674408 0.015104166232049465 0.012962962500751019
7 0.985156238079071 0.427314817905426 0.02968749962747097 0.037962961941957474
2 0.4898437559604645 0.16435185074806213 0.03489583358168602 0.05462963134050369
7 0.507031261920929 0.6916666626930237 0.01614583283662796 0.07777778059244156
1 0.5072916746139526 0.822685182094574 0.04583333432674408 0.18981482088565826
7 0.617968738079071 0.11064814776182175 0.008854166604578495 0.010185184888541698
8 0.9476562738418579 0.42500001192092896 0.03072916716337204 0.035185184329748154
0 0.5914062261581421 0.36064815521240234 0.00572916679084301 0.021296296268701553
0 0.5708333253860474 0.35879629850387573 0.0052083334885537624 0.032407406717538834
0 0.5361979007720947 0.3087962865829468 0.004687500186264515 0.028703704476356506
0 0.29635417461395264 0.11249999701976776 0.0031250000465661287 0.012037036940455437
0 0.43671876192092896 0.33657407760620117 0.004687500186264515 0.03055555559694767
0 0.4674479067325592 0.10925926268100739 0.0015625000232830644 0.011111111380159855
0 0.02447916753590107 0.17638888955116272 0.0072916666977107525 0.017592592164874077
0 0.4716145694255829 0.12268518656492233 0.0015625000232830644 0.012037036940455437
0 0.47057291865348816 0.14259259402751923 0.0015625000232830644 0.014814814552664757
0 0.4554687440395355 0.17916665971279144 0.0026041667442768812 0.017592592164874077
0 0.6148437261581421 0.10694444179534912 0.0026041667442768812 0.006481481250375509
0 0.9455729126930237 0.3578703701496124 0.01406249962747097 0.032407406717538834
1 0.30078125 0.1180555522441864 0.01197916641831398 0.012037036940455437
1 0.538281261920929 0.1328703761100769 0.01927083358168602 0.013888888992369175
4 0.9916666746139526 0.3949074149131775 0.01666666753590107 0.12129629403352737
