1 0.2984375059604645 0.11944444477558136 0.01145833358168602 0.012962962500751019
1 0.5385416746139526 0.13472221791744232 0.01979166641831398 0.013888888992369175
6 0.5630208253860474 0.26249998807907104 0.004166666883975267 0.017592592164874077
6 0.5559895634651184 0.23101851344108582 0.0036458333488553762 0.015740741044282913
6 0.5874999761581421 0.3157407343387604 0.012500000186264515 0.025925925001502037
6 0.6020833253860474 0.32499998807907104 0.01354166679084301 0.02777777798473835
6 0.559374988079071 0.24629630148410797 0.004166666883975267 0.01666666753590107
2 0.5190104246139526 0.9689815044403076 0.15468749403953552 0.06203703582286835
1 0.53515625 0.10972221940755844 0.01197916641831398 0.010185184888541698
8 0.921875 0.4444444477558136 0.03229166567325592 0.03703703731298447
8 0.4846354126930237 0.10925926268100739 0.00572916679084301 0.011111111380159855
1 0.5026041865348816 0.1101851835846901 0.015625 0.012962962500751019
7 0.9942708611488342 0.44490739703178406 0.01145833358168602 0.03981481492519379
2 0.4898437559604645 0.1675925999879837 0.03593749925494194 0.0555555559694767
7 0.5075520873069763 0.737500011920929 0.01718750037252903 0.08425925672054291
1 0.5078125 0.8884259462356567 0.05000000074505806 0.21388888359069824
7 0.6192708611488342 0.11249999701976776 0.008333333767950535 0.010185184888541698
8 0.9651041626930237 0.44212964177131653 0.03229166567325592 0.03611111268401146
0 0.59375 0.37268519401550293 0.0062500000931322575 0.021296296268701553
0 0.5739583373069763 0.3712962865829468 0.0052083334885537624 0.03333333507180214
0 0.5369791388511658 0.317592591047287 0.004166666883975267 0.029629629105329514
0 0.29374998807907104 0.11435185372829437 0.0031250000465661287 0.012037036940455437
0 0.4348958432674408 0.3481481373310089 0.0052083334885537624 0.031481482088565826
0 0.46692708134651184 0.11064814776182175 0.0015625000232830644 0.012037036940455437
0 0.01614583283662796 0.18009258806705475 0.008333333767950535 0.017592592164874077
0 0.4710937440395355 0.1240740716457367 0.0015625000232830644 0.012962962500751019
0 0.4700520932674408 0.14444445073604584 0.0015625000232830644 0.014814814552664757
0 0.4544270932674408 0.182407408952713 0.0026041667442768812 0.018518518656492233
0 0.616406261920929 0.10787037014961243 0.0026041667442768812 0.006481481250375509
0 0.9591146111488342 0.37037035822868347 0.015104166232049465 0.03333333507180214
1 0.2984375059604645 0.11944444477558136 0.01145833358168602 0.012962962500751019
1 0.5385416746139526 0.13472221791744232 0.01979166641831398 0.013888888992369175
