1 0.3020833432674408 0.11759259551763535 0.01145833358168602 0.012962962500751019
1 0.5377604365348816 0.1319444477558136 0.01927083358168602 0.013888888992369175
4 0.987500011920929 0.38749998807907104 0.02500000037252903 0.11944444477558136
6 0.5609375238418579 0.2532407343387604 0.004166666883975267 0.017592592164874077
6 0.5541666746139526 0.22361111640930176 0.0031250000465661287 0.015740741044282913
6 0.5841146111488342 0.302314817905426 0.01197916641831398 0.02500000037252903
6 0.5979166626930237 0.31111112236976624 0.012500000186264515 0.025925925001502037
6 0.5575520992279053 0.23842592537403107 0.0036458333488553762 0.015740741044282913
2 0.514843761920929 0.9069444537162781 0.12447916716337204 0.18611110746860504
1 0.5364583134651184 0.10787037014961243 0.01145833358168602 0.010185184888541698
8 0.8986979126930237 0.4194444417953491 0.02968749962747097 0.035185184329748154
8 0.4856770932674408 0.10740740597248077 0.00572916679084301 0.011111111380159855
1 0.5044270753860474 0.10740740597248077 0.015104166232049465 0.012962962500751019
7 0.9802083373069763 0.41990742087364197 0.0364583320915699 0.037962961941957474
2 0.4898437559604645 0.16342592239379883 0.03489583358168602 0.05462963134050369
7 0.5067708492279053 0.6722221970558167 0.015625 0.07592592388391495
1 0.507031261920929 0.7953703999519348 0.0442708320915699 0.1796296238899231
7 0.6171875 0.11064814776182175 0.008333333767950535 0.010185184888541698
8 0.9398437738418579 0.4175925850868225 0.02968749962747097 0.035185184329748154
0 0.590624988079071 0.35462963581085205 0.0062500000931322575 0.020370369777083397
0 0.569531261920929 0.3532407283782959 0.004687500186264515 0.032407406717538834
0 0.5356770753860474 0.3046296238899231 0.004687500186264515 0.02777777798473835
0 0.29765623807907104 0.11157407611608505 0.0026041667442768812 0.012037036940455437
0 0.4375 0.33101850748062134 0.004166666883975267 0.03055555559694767
0 0.4674479067325592 0.10833333432674408 0.0015625000232830644 0.011111111380159855
0 0.02838541753590107 0.17499999701976776 0.0078125 0.01666666753590107
0 0.4716145694255829 0.12175925821065903 0.0015625000232830644 0.012037036940455437
0 0.47083333134651184 0.14166666567325592 0.0020833334419876337 0.014814814552664757
0 0.4554687440395355 0.17731481790542603 0.0026041667442768812 0.017592592164874077
0 0.614062488079071 0.10601852089166641 0.0020833334419876337 0.006481481250375509
0 0.9395833611488342 0.3523148000240326 0.01354166679084301 0.032407406717538834
1 0.3020833432674408 0.11759259551763535 0.01145833358168602 0.012962962500751019
1 0.5377604365348816 0.1319444477558136 0.01927083358168602 0.013888888992369175
4 0.987500011920929 0.38749998807907104 0.02500000037252903 0.11944444477558136
