1 0.2919270694255829 0.1240740716457367 0.01197916641831398 0.012962962500751019
1 0.539843738079071 0.1398148089647293 0.02031249925494194 0.014814814552664757
6 0.5674479007720947 0.28101852536201477 0.004687500186264515 0.01944444514811039
6 0.5591145753860474 0.24537037312984467 0.0036458333488553762 0.01666666753590107
6 0.5947916507720947 0.3421296179294586 0.01354166679084301 0.028703704476356506
6 0.6104166507720947 0.35370370745658875 0.014583333395421505 0.029629629105329514
6 0.5630208253860474 0.2629629671573639 0.004166666883975267 0.018518518656492233
1 0.5330728888511658 0.11342592537403107 0.01197916641831398 0.010185184888541698
8 0.9716145992279053 0.49861112236976624 0.03802083432674408 0.0416666679084301
8 0.4817708432674408 0.11296296119689941 0.0062500000931322575 0.011111111380159855
1 0.49947917461395264 0.11435185372829437 0.015625 0.013888888992369175
2 0.4893229305744171 0.17638888955116272 0.03802083432674408 0.05833333358168602
7 0.5093749761581421 0.8949074149131775 0.02083333395421505 0.10833333432674408
7 0.6226562261581421 0.11620370298624039 0.008854166604578495 0.010185184888541698
0 0.5997396111488342 0.41018518805503845 0.006770833395421505 0.024074073880910873
0 0.5830729007720947 0.4097222089767456 0.00572916679084301 0.03611111268401146
0 0.539843738079071 0.3430555462837219 0.004687500186264515 0.03055555559694767
0 0.2864583432674408 0.1180555522441864 0.0031250000465661287 0.012037036940455437
0 0.43046873807907104 0.38333332538604736 0.006770833395421505 0.035185184329748154
0 0.4658854305744171 0.11435185372829437 0.0015625000232830644 0.012037036940455437
0 0.4697916805744171 0.12916666269302368 0.0020833334419876337 0.013888888992369175
0 0.4690104126930237 0.15000000596046448 0.0015625000232830644 0.014814814552664757
0 0.4520833194255829 0.19212962687015533 0.0031250000465661287 0.01944444514811039
0 0.6205729246139526 0.1111111119389534 0.0026041667442768812 0.007407407276332378
0 0.9955729246139526 0.4078703820705414 0.008854166604578495 0.03611111268401146
1 0.2919270694255829 0.1240740716457367 0.01197916641831398 0.012962962500751019
1 0.539843738079071 0.1398148089647293 0.02031249925494194 0.014814814552664757
