1 0.2861979305744171 0.12777778506278992 0.013020833022892475 0.012962962500751019
1 0.5411458611488342 0.1449074000120163 0.02083333395421505 0.015740741044282913
6 0.5713541507720947 0.2986111044883728 0.0052083334885537624 0.021296296268701553
6 0.5619791746139526 0.2587963044643402 0.004166666883975267 0.017592592164874077
6 0.6018229126930237 0.36851853132247925 0.015104166232049465 0.031481482088565826
6 0.6190103888511658 0.3810185194015503 0.01614583283662796 0.032407406717538834
6 0.56640625 0.27824074029922485 0.004687500186264515 0.01944444514811039
1 0.53125 0.11666666716337204 0.012500000186264515 0.011111111380159855
8 0.4789062440395355 0.11574073880910873 0.00572916679084301 0.011111111380159855
1 0.49687498807907104 0.11759259551763535 0.015625 0.014814814552664757
2 0.48880207538604736 0.18425926566123962 0.0390625 0.06111111119389534
8 0.5903645753860474 0.17916665971279144 0.008854166604578495 0.015740741044282913
7 0.6260416507720947 0.11944444477558136 0.00937500037252903 0.011111111380159855
0 0.6057291626930237 0.4472222328186035 0.0072916666977107525 0.025925925001502037
0 0.5921875238418579 0.4486111104488373 0.0072916666977107525 0.03981481492519379
0 0.5424479246139526 0.3680555522441864 0.004687500186264515 0.032407406717538834
0 0.2796874940395355 0.12129629403352737 0.0031250000465661287 0.012962962500751019
0 0.42656248807907104 0.41898149251937866 0.0072916666977107525 0.037962961941957474
0 0.46484375 0.1180555522441864 0.0015625000232830644 0.012037036940455437
0 0.4690104126930237 0.13379628956317902 0.0015625000232830644 0.013888888992369175
0 0.46822917461395264 0.15509259700775146 0.0020833334419876337 0.015740741044282913
0 0.44999998807907104 0.2013888955116272 0.0031250000465661287 0.01944444514811039
0 0.624218761920929 0.11435185372829437 0.0026041667442768812 0.006481481250375509
1 0.2861979305744171 0.12777778506278992 0.013020833022892475 0.012962962500751019
1 0.5411458611488342 0.1449074000120163 0.02083333395421505 0.015740741044282913
