1 0.28723958134651184 0.12731482088565826 0.013020833022892475 0.013888888992369175
1 0.5411458611488342 0.14398148655891418 0.02083333395421505 0.015740741044282913
6 0.5703125 0.2953703701496124 0.0052083334885537624 0.020370369777083397
6 0.5614583492279053 0.2560185194015503 0.004166666883975267 0.017592592164874077
6 0.6005208492279053 0.36342594027519226 0.014583333395421505 0.03055555559694767
6 0.6171875 0.375 0.015625 0.031481482088565826
6 0.5658854246139526 0.2750000059604645 0.004687500186264515 0.018518518656492233
1 0.5317708253860474 0.11574073880910873 0.012500000186264515 0.011111111380159855
8 0.9955729246139526 0.5425925850868225 0.008854166604578495 0.04444444552063942
8 0.47968751192092896 0.11527777463197708 0.0062500000931322575 0.012037036940455437
1 0.4973958432674408 0.11712963134050369 0.015625 0.013888888992369175
2 0.48906248807907104 0.182407408952713 0.03854166716337204 0.06111111119389534
8 0.58984375 0.17824074625968933 0.008854166604578495 0.015740741044282913
7 0.6252604126930237 0.11851851642131805 0.008854166604578495 0.011111111380159855
0 0.604687511920929 0.4393518567085266 0.0072916666977107525 0.02500000037252903
0 0.5903645753860474 0.4407407343387604 0.006770833395421505 0.03888889029622078
0 0.5419270992279053 0.36250001192092896 0.004687500186264515 0.032407406717538834
0 0.28125 0.12037037312984467 0.0031250000465661287 0.012962962500751019
0 0.4273437559604645 0.4115740656852722 0.006770833395421505 0.037962961941957474
0 0.46536457538604736 0.11712963134050369 0.0015625000232830644 0.012037036940455437
0 0.4690104126930237 0.1328703761100769 0.0015625000232830644 0.013888888992369175
0 0.46822917461395264 0.15416666865348816 0.0020833334419876337 0.015740741044282913
0 0.4505208432674408 0.19953703880310059 0.0031250000465661287 0.01944444514811039
0 0.6234375238418579 0.11388888955116272 0.0020833334419876337 0.007407407276332378
1 0.28723958134651184 0.12731482088565826 0.013020833022892475 0.013888888992369175
1 0.5411458611488342 0.14398148655891418 0.02083333395421505 0.015740741044282913
