1 0.29296875 0.12314815074205399 0.01197916641831398 0.012962962500751019
1 0.539843738079071 0.1388888955116272 0.02031249925494194 0.014814814552664757
6 0.56640625 0.27824074029922485 0.004687500186264515 0.01944444514811039
6 0.55859375 0.24259258806705475 0.0036458333488553762 0.01666666753590107
6 0.5934895873069763 0.3375000059604645 0.013020833022892475 0.028703704476356506
6 0.6091145873069763 0.3481481373310089 0.01406249962747097 0.029629629105329514
6 0.5625 0.2597222328186035 0.004166666883975267 0.017592592164874077
1 0.5333333611488342 0.11296296119689941 0.012500000186264515 0.011111111380159855
8 0.9627603888511658 0.4888888895511627 0.03697916492819786 0.040740739554166794
8 0.48229166865348816 0.1120370402932167 0.0062500000931322575 0.011111111380159855
1 0.5 0.11342592537403107 0.015625 0.013888888992369175
2 0.4893229305744171 0.1745370328426361 0.03697916492819786 0.05833333358168602
7 0.5088541507720947 0.8643518686294556 0.01979166641831398 0.10277777910232544
1 0.5096353888511658 0.9680555462837219 0.06197916716337204 0.06388889253139496
7 0.6221354007720947 0.11527777463197708 0.008854166604578495 0.010185184888541698
8 0.9958333373069763 0.48657408356666565 0.008333333767950535 0.03981481492519379
0 0.5986979007720947 0.40324074029922485 0.006770833395421505 0.023148147389292717
0 0.5815104246139526 0.40324074029922485 0.00572916679084301 0.03611111268401146
0 0.5393229126930237 0.3384259343147278 0.004687500186264515 0.03055555559694767
0 0.2874999940395355 0.11712963134050369 0.0031250000465661287 0.012037036940455437
0 0.4312500059604645 0.37731480598449707 0.0062500000931322575 0.034259259700775146
0 0.4658854305744171 0.11342592537403107 0.0015625000232830644 0.012037036940455437
0 0.4700520932674408 0.12824073433876038 0.0015625000232830644 0.013888888992369175
0 0.46927082538604736 0.14907407760620117 0.0020833334419876337 0.014814814552664757
0 0.45234376192092896 0.19074073433876038 0.0026041667442768812 0.018518518656492233
0 0.6197916865348816 0.11064814776182175 0.0020833334419876337 0.006481481250375509
0 0.9921875 0.4009259343147278 0.015625 0.035185184329748154
1 0.29296875 0.12314815074205399 0.01197916641831398 0.012962962500751019
1 0.539843738079071 0.1388888955116272 0.02031249925494194 0.014814814552664757
