1 0.28958332538604736 0.12546296417713165 0.012500000186264515 0.013888888992369175
1 0.5403645634651184 0.14212962985038757 0.02031249925494194 0.015740741044282913
6 0.5690104365348816 0.28796297311782837 0.004687500186264515 0.020370369777083397
6 0.5604166388511658 0.25046294927597046 0.004166666883975267 0.017592592164874077
6 0.59765625 0.35277777910232544 0.01406249962747097 0.029629629105329514
6 0.6138020753860474 0.3643518388271332 0.015104166232049465 0.03055555559694767
6 0.5645833611488342 0.26851850748062134 0.004166666883975267 0.018518518656492233
1 0.5322916507720947 0.11481481790542603 0.012500000186264515 0.011111111380159855
8 0.9856770634651184 0.5199074149131775 0.02864583395421505 0.043518517166376114
8 0.4807291626930237 0.11388888955116272 0.0062500000931322575 0.011111111380159855
1 0.4984374940395355 0.11527777463197708 0.015625 0.013888888992369175
2 0.4893229305744171 0.17916665971279144 0.03802083432674408 0.06018518656492233
7 0.5101562738418579 0.9527778029441833 0.02239583246409893 0.09444444626569748
8 0.5885416865348816 0.17546296119689941 0.008333333767950535 0.015740741044282913
7 0.624218761920929 0.11759259551763535 0.008854166604578495 0.011111111380159855
0 0.602343738079071 0.4245370328426361 0.006770833395421505 0.02500000037252903
0 0.5864583253860474 0.42500001192092896 0.0062500000931322575 0.03703703731298447
0 0.5408853888511658 0.35277777910232544 0.004687500186264515 0.031481482088565826
0 0.2838541567325592 0.11898148059844971 0.0031250000465661287 0.012037036940455437
0 0.42890626192092896 0.3976851999759674 0.006770833395421505 0.03611111268401146
0 0.46536457538604736 0.11620370298624039 0.0015625000232830644 0.012037036940455437
0 0.46953123807907104 0.1310185194015503 0.0015625000232830644 0.013888888992369175
0 0.46875 0.15231481194496155 0.0020833334419876337 0.015740741044282913
0 0.45130208134651184 0.19583334028720856 0.0026041667442768812 0.01944444514811039
0 0.6221354007720947 0.11249999701976776 0.0026041667442768812 0.006481481250375509
1 0.28958332538604736 0.12546296417713165 0.012500000186264515 0.013888888992369175
1 0.5406249761581421 0.14212962985038757 0.02083333395421505 0.015740741044282913
