1 0.2721354067325592 0.13703703880310059 0.01406249962747097 0.014814814552664757
1 0.5442708134651184 0.15648147463798523 0.02291666716337204 0.01666666753590107
6 0.5817708373069763 0.34583333134651184 0.0062500000931322575 0.02500000037252903
6 0.5703125 0.2935185134410858 0.0052083334885537624 0.020370369777083397
6 0.6213541626930237 0.4416666626930237 0.01875000074505806 0.03703703731298447
6 0.6427083611488342 0.4592592716217041 0.01979166641831398 0.03888889029622078
6 0.5757812261581421 0.3185185194015503 0.00572916679084301 0.02222222276031971
1 0.5283854007720947 0.1240740716457367 0.013020833022892475 0.011111111380159855
8 0.4716145694255829 0.12361110746860504 0.006770833395421505 0.012037036940455437
1 0.4921875 0.12731482088565826 0.014583333395421505 0.015740741044282913
2 0.4880208373069763 0.20370370149612427 0.04374999925494194 0.06851851940155029
8 0.598437488079071 0.19675925374031067 0.00937500037252903 0.017592592164874077
7 0.633593738079071 0.12731482088565826 0.00989583320915699 0.012037036940455437
0 0.6236979365348816 0.5564814805984497 0.00989583320915699 0.031481482088565826
0 0.6205729246139526 0.5648148059844971 0.00989583320915699 0.04814814776182175
0 0.5502604246139526 0.4375 0.00572916679084301 0.037962961941957474
0 0.26380208134651184 0.12962962687015533 0.0036458333488553762 0.012962962500751019
0 0.41458332538604736 0.5240740776062012 0.00937500037252903 0.046296294778585434
0 0.46276041865348816 0.1259259283542633 0.0015625000232830644 0.012962962500751019
0 0.8455728888511658 0.1745370328426361 0.00572916679084301 0.017592592164874077
0 0.46666666865348816 0.14398148655891418 0.0020833334419876337 0.013888888992369175
0 0.4494791626930237 0.12870369851589203 0.0020833334419876337 0.012962962500751019
0 0.46562498807907104 0.1675925999879837 0.0020833334419876337 0.01666666753590107
0 0.44479167461395264 0.22361111640930176 0.0031250000465661287 0.021296296268701553
0 0.7940104007720947 0.14861111342906952 0.0036458333488553762 0.010185184888541698
0 0.6330729126930237 0.12129629403352737 0.0026041667442768812 0.007407407276332378
0 0.8408854007720947 0.1805555522441864 0.00572916679084301 0.011111111380159855
1 0.2721354067325592 0.13703703880310059 0.01406249962747097 0.014814814552664757
1 0.5442708134651184 0.15648147463798523 0.02291666716337204 0.01666666753590107
