1 0.2747395932674408 0.13518518209457397 0.01406249962747097 0.014814814552664757
1 0.5434895753860474 0.15416666865348816 0.02239583246409893 0.015740741044282913
6 0.5799478888511658 0.3361110985279083 0.00572916679084301 0.024074073880910873
6 0.5684896111488342 0.28703704476356506 0.004687500186264515 0.020370369777083397
6 0.6171875 0.4263888895511627 0.01770833320915699 0.03611111268401146
6 0.6377604007720947 0.4435185194015503 0.01927083358168602 0.03703703731298447
6 0.5739583373069763 0.3106481432914734 0.0052083334885537624 0.021296296268701553
1 0.5289062261581421 0.12268518656492233 0.013020833022892475 0.012037036940455437
8 0.47317707538604736 0.12175925821065903 0.006770833395421505 0.012037036940455437
1 0.49296873807907104 0.12546296417713165 0.015104166232049465 0.015740741044282913
2 0.4880208373069763 0.2004629671573639 0.04270833358168602 0.06759259104728699
8 0.596875011920929 0.1935185194015503 0.00937500037252903 0.01666666753590107
7 0.632031261920929 0.1259259283542633 0.00989583320915699 0.011111111380159855
0 0.6197916865348816 0.532870352268219 0.00937500037252903 0.03055555559694767
0 0.6143229007720947 0.539814829826355 0.008854166604578495 0.046296294778585434
0 0.5486978888511658 0.42314815521240234 0.00572916679084301 0.03703703731298447
0 0.2666666805744171 0.12777778506278992 0.0031250000465661287 0.012962962500751019
0 0.4169270694255829 0.5018518567085266 0.008854166604578495 0.04444444552063942
0 0.4632812440395355 0.1240740716457367 0.0015625000232830644 0.012962962500751019
0 0.8403645753860474 0.17175926268100739 0.00572916679084301 0.017592592164874077
0 0.46692708134651184 0.14212962985038757 0.0015625000232830644 0.013888888992369175
0 0.44999998807907104 0.12731482088565826 0.0020833334419876337 0.013888888992369175
0 0.4661458432674408 0.16527777910232544 0.0020833334419876337 0.015740741044282913
0 0.44583332538604736 0.21898147463798523 0.0031250000465661287 0.021296296268701553
0 0.6312500238418579 0.12037037312984467 0.0020833334419876337 0.007407407276332378
0 0.8354166746139526 0.17777778208255768 0.0052083334885537624 0.011111111380159855
1 0.2747395932674408 0.13518518209457397 0.01406249962747097 0.014814814552664757
1 0.543749988079071 0.15416666865348816 0.02187499962747097 0.015740741044282913
