1 0.26953125 0.1388888955116272 0.01406249962747097 0.014814814552664757
1 0.5447916388511658 0.1587962955236435 0.02291666716337204 0.017592592164874077
6 0.5843750238418579 0.3560185134410858 0.0062500000931322575 0.02500000037252903
6 0.5718749761581421 0.3013888895511627 0.0052083334885537624 0.021296296268701553
6 0.625781238079071 0.4583333432674408 0.01927083358168602 0.03888889029622078
6 0.6484375 0.47777777910232544 0.02083333395421505 0.040740739554166794
6 0.5778645873069763 0.3273148238658905 0.00572916679084301 0.023148147389292717
1 0.5278645753860474 0.12546296417713165 0.013020833022892475 0.012037036940455437
8 0.4700520932674408 0.12453703582286835 0.006770833395421505 0.012037036940455437
1 0.4911458194255829 0.12916666269302368 0.014583333395421505 0.015740741044282913
7 0.6466146111488342 0.12546296417713165 0.00989583320915699 0.012037036940455437
2 0.48776042461395264 0.2083333283662796 0.0442708320915699 0.07037036865949631
8 0.6002604365348816 0.2004629671573639 0.00989583320915699 0.017592592164874077
7 0.6351562738418579 0.12916666269302368 0.00989583320915699 0.012037036940455437
0 0.6278645992279053 0.582870364189148 0.010937499813735485 0.032407406717538834
0 0.6276041865348816 0.5935184955596924 0.010416666977107525 0.05000000074505806
0 0.5518229007720947 0.45277777314186096 0.00572916679084301 0.03888889029622078
0 0.2606770694255829 0.1310185194015503 0.0036458333488553762 0.013888888992369175
0 0.4111979305744171 0.5495370626449585 0.00989583320915699 0.04722222313284874
0 0.4622395932674408 0.12777778506278992 0.0015625000232830644 0.012962962500751019
0 0.8510416746139526 0.17731481790542603 0.0062500000931322575 0.017592592164874077
0 0.4661458432674408 0.14629629254341125 0.0020833334419876337 0.014814814552664757
0 0.4489583373069763 0.130092591047287 0.0020833334419876337 0.013888888992369175
0 0.4651041626930237 0.17037037014961243 0.0020833334419876337 0.01666666753590107
0 0.4437499940395355 0.2282407432794571 0.0031250000465661287 0.021296296268701553
0 0.6346353888511658 0.12314815074205399 0.0026041667442768812 0.007407407276332378
0 0.8466145992279053 0.18425926566123962 0.00572916679084301 0.011111111380159855
1 0.26953125 0.1388888955116272 0.01406249962747097 0.014814814552664757
1 0.5447916388511658 0.1587962955236435 0.02291666716337204 0.017592592164874077
