1 0.2786458432674408 0.1328703761100769 0.01354166679084301 0.013888888992369175
1 0.5427083373069763 0.1509259194135666 0.02187499962747097 0.01666666753590107
6 0.5768229365348816 0.3231481611728668 0.00572916679084301 0.02222222276031971
6 0.56640625 0.27731481194496155 0.004687500186264515 0.01944444514811039
6 0.6117187738418579 0.40601852536201477 0.01614583283662796 0.034259259700775146
6 0.6312500238418579 0.42129629850387573 0.01770833320915699 0.035185184329748154
6 0.5713541507720947 0.2995370328426361 0.0052083334885537624 0.021296296268701553
1 0.5299479365348816 0.12037037312984467 0.013020833022892475 0.011111111380159855
8 0.4752604067325592 0.11990740895271301 0.006770833395421505 0.012037036940455437
1 0.49427083134651184 0.12268518656492233 0.015625 0.015740741044282913
2 0.48828125 0.19490741193294525 0.04114583507180214 0.06574074178934097
8 0.5947916507720947 0.18888889253139496 0.00937500037252903 0.01666666753590107
7 0.6299479007720947 0.12361110746860504 0.00989583320915699 0.012037036940455437
0 0.6148437261581421 0.5018518567085266 0.008854166604578495 0.02777777798473835
0 0.606249988079071 0.5064814686775208 0.008333333767950535 0.04444444552063942
0 0.5463541746139526 0.40324074029922485 0.0052083334885537624 0.03611111268401146
0 0.2710937559604645 0.1259259283542633 0.0036458333488553762 0.012962962500751019
0 0.4203124940395355 0.47175925970077515 0.008333333767950535 0.0416666679084301
0 0.4638020694255829 0.12222222238779068 0.0015625000232830644 0.012962962500751019
0 0.4677083194255829 0.13935184478759766 0.0020833334419876337 0.013888888992369175
0 0.4505208432674408 0.125 0.0020833334419876337 0.012962962500751019
0 0.46666666865348816 0.16203702986240387 0.0020833334419876337 0.01666666753590107
0 0.44739583134651184 0.21296297013759613 0.0031250000465661287 0.020370369777083397
0 0.62890625 0.11851851642131805 0.0026041667442768812 0.007407407276332378
1 0.2786458432674408 0.1328703761100769 0.01354166679084301 0.013888888992369175
1 0.5427083373069763 0.1509259194135666 0.02187499962747097 0.01666666753590107
