1 0.2682291567325592 0.1398148089647293 0.014583333395421505 0.014814814552664757
1 0.5453125238418579 0.1597222238779068 0.02291666716337204 0.017592592164874077
6 0.5856770873069763 0.3611111044883728 0.006770833395421505 0.025925925001502037
6 0.5729166865348816 0.30509260296821594 0.0052083334885537624 0.021296296268701553
6 0.628125011920929 0.4671296179294586 0.01979166641831398 0.03981481492519379
6 0.6513020992279053 0.48750001192092896 0.02135416679084301 0.0416666679084301
6 0.578906238079071 0.33194443583488464 0.00572916679084301 0.023148147389292717
1 0.5276041626930237 0.12638889253139496 0.01354166679084301 0.012037036940455437
8 0.46953123807907104 0.12546296417713165 0.006770833395421505 0.012037036940455437
1 0.4908854067325592 0.13055555522441864 0.01406249962747097 0.01666666753590107
7 0.6466146111488342 0.12638889253139496 0.00989583320915699 0.012037036940455437
2 0.48750001192092896 0.2101851850748062 0.04479166492819786 0.07037036865949631
8 0.600781261920929 0.2023148089647293 0.00989583320915699 0.017592592164874077
8 0.19114583730697632 0.12731482088565826 0.008333333767950535 0.012037036940455437
7 0.6356770992279053 0.12962962687015533 0.00989583320915699 0.011111111380159855
0 0.6302083134651184 0.5972222089767456 0.01145833358168602 0.03333333507180214
0 0.6315104365348816 0.6087962985038757 0.010937499813735485 0.05092592537403107
0 0.5526041388511658 0.46157407760620117 0.0062500000931322575 0.03981481492519379
0 0.2588541805744171 0.1319444477558136 0.0031250000465661287 0.013888888992369175
0 0.4098958373069763 0.5629629492759705 0.010416666977107525 0.04814814776182175
0 0.4622395932674408 0.12824073433876038 0.0015625000232830644 0.013888888992369175
0 0.8541666865348816 0.17916665971279144 0.0062500000931322575 0.017592592164874077
0 0.46562498807907104 0.14722222089767456 0.0020833334419876337 0.014814814552664757
0 0.44869792461395264 0.1310185194015503 0.0026041667442768812 0.013888888992369175
0 0.4651041626930237 0.17129629850387573 0.0020833334419876337 0.01666666753590107
0 0.44322916865348816 0.23055554926395416 0.0031250000465661287 0.02222222276031971
0 0.6356770992279053 0.1240740716457367 0.0026041667442768812 0.007407407276332378
0 0.8494791388511658 0.1856481432914734 0.0062500000931322575 0.012037036940455437
1 0.2682291567325592 0.1398148089647293 0.014583333395421505 0.014814814552664757
1 0.5453125238418579 0.1597222238779068 0.02291666716337204 0.017592592164874077
