1 0.2653645873069763 0.14166666567325592 0.015104166232049465 0.014814814552664757
1 0.5455729365348816 0.16249999403953552 0.0234375 0.017592592164874077
6 0.5880208611488342 0.3722222149372101 0.0072916666977107525 0.02777777798473835
6 0.5744791626930237 0.31296294927597046 0.0052083334885537624 0.02222222276031971
6 0.6328125 0.4851851761341095 0.02083333395421505 0.040740739554166794
6 0.657031238079071 0.5069444179534912 0.02239583246409893 0.043518517166376114
6 0.5809895992279053 0.3412036895751953 0.00572916679084301 0.02500000037252903
1 0.5268229246139526 0.12824073433876038 0.013020833022892475 0.012037036940455437
8 0.46796876192092896 0.1268518567085266 0.006770833395421505 0.012962962500751019
1 0.49010416865348816 0.13240741193294525 0.01354166679084301 0.01666666753590107
7 0.6466146111488342 0.12777778506278992 0.00989583320915699 0.011111111380159855
2 0.48750001192092896 0.2143518477678299 0.04583333432674408 0.07314814627170563
8 0.6026041507720947 0.20555555820465088 0.010416666977107525 0.018518518656492233
8 0.1875 0.12824073433876038 0.008333333767950535 0.012037036940455437
7 0.6372395753860474 0.1310185194015503 0.00989583320915699 0.012037036940455437
0 0.6351562738418579 0.6263889074325562 0.01197916641831398 0.034259259700775146
0 0.6395833492279053 0.6402778029441833 0.01145833358168602 0.05277777835726738
0 0.5544270873069763 0.47777777910232544 0.006770833395421505 0.040740739554166794
0 0.2554687559604645 0.13379628956317902 0.0036458333488553762 0.013888888992369175
0 0.40677082538604736 0.5912036895751953 0.010416666977107525 0.05092592537403107
0 0.46171873807907104 0.130092591047287 0.0015625000232830644 0.013888888992369175
0 0.859375 0.18194444477558136 0.0062500000931322575 0.017592592164874077
0 0.4651041626930237 0.14907407760620117 0.0020833334419876337 0.014814814552664757
0 0.4481770694255829 0.1328703761100769 0.0026041667442768812 0.013888888992369175
0 0.4645833373069763 0.1736111044883728 0.0020833334419876337 0.017592592164874077
0 0.44218748807907104 0.2351851910352707 0.0031250000465661287 0.02222222276031971
0 0.6372395753860474 0.125 0.0026041667442768812 0.007407407276332378
0 0.8557291626930237 0.18888889253139496 0.0062500000931322575 0.011111111380159855
1 0.2653645873069763 0.14166666567325592 0.015104166232049465 0.014814814552664757
1 0.5458333492279053 0.16249999403953552 0.02291666716337204 0.017592592164874077
