1 0.7338541746139526 0.19120369851589203 0.02083333395421505 0.023148147389292717
1 0.26119792461395264 0.14444445073604584 0.015104166232049465 0.014814814552664757
1 0.546875 0.1657407432794571 0.02395833283662796 0.018518518656492233
6 0.5921875238418579 0.3898148238658905 0.0072916666977107525 0.029629629105329514
6 0.577343761920929 0.3254629671573639 0.00572916679084301 0.023148147389292717
6 0.6408854126930237 0.5152778029441833 0.02239583246409893 0.043518517166376114
6 0.6669270992279053 0.539814829826355 0.02447916753590107 0.046296294778585434
6 0.5843750238418579 0.35648149251937866 0.0062500000931322575 0.025925925001502037
1 0.5255208611488342 0.130092591047287 0.01354166679084301 0.012037036940455437
8 0.4651041626930237 0.12916666269302368 0.0072916666977107525 0.012037036940455437
1 0.48906248807907104 0.13564814627170563 0.01354166679084301 0.017592592164874077
7 0.6466146111488342 0.130092591047287 0.00989583320915699 0.012037036940455437
1 0.6583333611488342 0.13379628956317902 0.01666666753590107 0.012037036940455437
2 0.4869791567325592 0.22083333134651184 0.046875 0.07500000298023224
8 0.6052083373069763 0.21111111342906952 0.010416666977107525 0.018518518656492233
8 0.18255208432674408 0.1310185194015503 0.008854166604578495 0.012037036940455437
7 0.6395833492279053 0.13379628956317902 0.010416666977107525 0.012037036940455437
0 0.6447916626930237 0.6768518686294556 0.01354166679084301 0.03703703731298447
0 0.6533854007720947 0.6953703761100769 0.013020833022892475 0.05740740895271301
0 0.5575520992279053 0.5055555701255798 0.006770833395421505 0.04259259253740311
0 0.25078123807907104 0.13657407462596893 0.0036458333488553762 0.013888888992369175
0 0.4013020694255829 0.6398147940635681 0.01197916641831398 0.05370370298624039
0 0.4609375 0.13240741193294525 0.0020833334419876337 0.012962962500751019
0 0.8684895634651184 0.18703703582286835 0.006770833395421505 0.018518518656492233
0 0.4645833373069763 0.15231481194496155 0.0020833334419876337 0.015740741044282913
0 0.4476562440395355 0.13472221791744232 0.0026041667442768812 0.013888888992369175
0 0.4635416567325592 0.17824074625968933 0.0020833334419876337 0.017592592164874077
0 0.44062501192092896 0.2430555522441864 0.0031250000465661287 0.023148147389292717
0 0.639843761920929 0.12731482088565826 0.0026041667442768812 0.008333333767950535
0 0.8648437261581421 0.19398148357868195 0.006770833395421505 0.012037036940455437
1 0.7338541746139526 0.19120369851589203 0.02083333395421505 0.023148147389292717
1 0.26119792461395264 0.14444445073604584 0.015104166232049465 0.014814814552664757
1 0.546875 0.1657407432794571 0.02395833283662796 0.018518518656492233
