1 0.7416666746139526 0.19814814627170563 0.02187499962747097 0.024074073880910873
1 0.25468748807907104 0.14861111342906952 0.015625 0.015740741044282913
1 0.5481770634651184 0.17129629850387573 0.02447916753590107 0.018518518656492233
6 0.5981770753860474 0.4166666567325592 0.0078125 0.031481482088565826
6 0.5817708373069763 0.34398147463798523 0.0062500000931322575 0.02500000037252903
6 0.6533854007720947 0.5620370507240295 0.02447916753590107 0.04814814776182175
6 0.6825520992279053 0.5912036895751953 0.02760416641831398 0.05092592537403107
6 0.5895833373069763 0.3787037134170532 0.0072916666977107525 0.02777777798473835
1 0.524218738079071 0.13333334028720856 0.01406249962747097 0.012962962500751019
8 0.46145832538604736 0.13240741193294525 0.0072916666977107525 0.012962962500751019
1 0.4880208373069763 0.1398148089647293 0.012500000186264515 0.018518518656492233
7 0.6468750238418579 0.1328703761100769 0.010416666977107525 0.012037036940455437
1 0.6622396111488342 0.13703703880310059 0.01718750037252903 0.012962962500751019
2 0.48645833134651184 0.23101851344108582 0.04895833507180214 0.07870370149612427
8 0.6091145873069763 0.21944443881511688 0.010937499813735485 0.018518518656492233
8 0.17526040971279144 0.13425925374031067 0.008854166604578495 0.012962962500751019
7 0.6427083611488342 0.13703703880310059 0.010416666977107525 0.012962962500751019
0 0.6580728888511658 0.7597222328186035 0.01614583283662796 0.0416666679084301
0 0.6760416626930237 0.7856481671333313 0.015625 0.06203703582286835
0 0.5622395873069763 0.5486111044883728 0.0078125 0.04537037014961243
0 0.24375000596046448 0.1398148089647293 0.004166666883975267 0.014814814552664757
0 0.39270833134651184 0.7185184955596924 0.01354166679084301 0.05925925821065903
0 0.46015626192092896 0.13564814627170563 0.0015625000232830644 0.013888888992369175
0 0.8812500238418579 0.19398148357868195 0.0072916666977107525 0.01944444514811039
0 0.4635416567325592 0.15694443881511688 0.0020833334419876337 0.015740741044282913
0 0.4466145932674408 0.13842593133449554 0.0026041667442768812 0.013888888992369175
0 0.4625000059604645 0.18333333730697632 0.0020833334419876337 0.018518518656492233
0 0.43828123807907104 0.2537037134170532 0.0036458333488553762 0.024074073880910873
0 0.8192708492279053 0.16296295821666718 0.004166666883975267 0.011111111380159855
0 0.643750011920929 0.13055555522441864 0.0031250000465661287 0.007407407276332378
0 0.8783854246139526 0.2013888955116272 0.006770833395421505 0.012037036940455437
1 0.7416666746139526 0.19814814627170563 0.02187499962747097 0.024074073880910873
1 0.25468748807907104 0.14861111342906952 0.015625 0.015740741044282913
1 0.5481770634651184 0.17129629850387573 0.02447916753590107 0.018518518656492233
