1 0.7377604246139526 0.19490741193294525 0.02135416679084301 0.023148147389292717
1 0.2578125 0.1467592567205429 0.015625 0.015740741044282913
1 0.5473958253860474 0.16851851344108582 0.02395833283662796 0.018518518656492233
6 0.5950520634651184 0.4027777910232544 0.0078125 0.029629629105329514
6 0.5794270634651184 0.3342592716217041 0.00572916679084301 0.024074073880910873
6 0.6471354365348816 0.5379629731178284 0.0234375 0.046296294778585434
6 0.6744791865348816 0.5648148059844971 0.02604166604578495 0.04814814776182175
6 0.586718738079071 0.3671296238899231 0.006770833395421505 0.026851851493120193
1 0.5249999761581421 0.1319444477558136 0.01354166679084301 0.012037036940455437
8 0.4632812440395355 0.1310185194015503 0.006770833395421505 0.012037036940455437
1 0.4885416626930237 0.13750000298023224 0.012500000186264515 0.017592592164874077
7 0.6466146111488342 0.1319444477558136 0.00989583320915699 0.012037036940455437
1 0.6604166626930237 0.13518518209457397 0.01666666753590107 0.012962962500751019
2 0.4867187440395355 0.22546295821666718 0.04843749850988388 0.07685185223817825
8 0.6072916388511658 0.2152777761220932 0.010416666977107525 0.01944444514811039
7 0.6411458253860474 0.13564814627170563 0.010416666977107525 0.012037036940455437
0 0.6510416865348816 0.7166666388511658 0.014583333395421505 0.03888889029622078
0 0.6640625 0.7388888597488403 0.014583333395421505 0.05925925821065903
0 0.5598958134651184 0.5268518328666687 0.0072916666977107525 0.04444444552063942
0 0.24713541567325592 0.1379629671573639 0.0036458333488553762 0.014814814552664757
0 0.3968749940395355 0.6777777671813965 0.012500000186264515 0.0555555559694767
0 0.4606770873069763 0.13425925374031067 0.0015625000232830644 0.012962962500751019
0 0.8747395873069763 0.19074073433876038 0.006770833395421505 0.018518518656492233
0 0.46406251192092896 0.15509259700775146 0.0020833334419876337 0.015740741044282913
0 0.44713541865348816 0.13657407462596893 0.0026041667442768812 0.013888888992369175
0 0.46302083134651184 0.18101851642131805 0.0020833334419876337 0.017592592164874077
0 0.43932291865348816 0.2481481432914734 0.0036458333488553762 0.024074073880910873
0 0.6419270634651184 0.12916666269302368 0.0026041667442768812 0.008333333767950535
0 0.8716145753860474 0.19768518209457397 0.006770833395421505 0.012037036940455437
1 0.7377604246139526 0.19490741193294525 0.02135416679084301 0.023148147389292717
1 0.2578125 0.1467592567205429 0.015625 0.015740741044282913
1 0.5473958253860474 0.16851851344108582 0.02395833283662796 0.018518518656492233
