1 0.7494791746139526 0.20509259402751923 0.02291666716337204 0.02500000037252903
1 0.2486979216337204 0.1527777761220932 0.01614583283662796 0.01666666753590107
1 0.5494791865348816 0.17638888955116272 0.02500000037252903 0.01944444514811039
6 0.6049479246139526 0.44583332538604736 0.008854166604578495 0.034259259700775146
6 0.5861979126930237 0.3638888895511627 0.006770833395421505 0.025925925001502037
6 0.66796875 0.6162037253379822 0.02760416641831398 0.05277777835726738
6 0.7007812261581421 0.6504629850387573 0.03072916716337204 0.05648148059844971
6 0.5950520634651184 0.4027777910232544 0.0078125 0.029629629105329514
1 0.522656261920929 0.13703703880310059 0.01406249962747097 0.012962962500751019
8 0.4572916626930237 0.13611111044883728 0.0072916666977107525 0.012962962500751019
1 0.4867187440395355 0.14398148655891418 0.01197916641831398 0.01944444514811039
1 0.4781250059604645 0.23055554926395416 0.012500000186264515 0.025925925001502037
7 0.6466146111488342 0.13657407462596893 0.010937499813735485 0.012037036940455437
1 0.6658853888511658 0.14074073731899261 0.01718750037252903 0.012962962500751019
2 0.4859375059604645 0.24074074625968933 0.05104166641831398 0.0833333358168602
8 0.6130208373069763 0.2273148149251938 0.01145833358168602 0.01944444514811039
7 0.6460937261581421 0.14074073731899261 0.010937499813735485 0.012962962500751019
0 0.6739583611488342 0.8615740537643433 0.01979166641831398 0.04722222313284874
0 0.15937499701976776 0.11435185372829437 0.004166666883975267 0.013888888992369175
0 0.703906238079071 0.897685170173645 0.01822916604578495 0.06759259104728699
0 0.5677083134651184 0.5976851582527161 0.008333333767950535 0.049074072390794754
0 0.23645833134651184 0.14351852238178253 0.004166666883975267 0.014814814552664757
0 0.38229167461395264 0.8166666626930237 0.015625 0.06481481343507767
0 0.4593749940395355 0.13935184478759766 0.0020833334419876337 0.013888888992369175
0 0.4622395932674408 0.16203702986240387 0.0026041667442768812 0.01666666753590107
0 0.4455729126930237 0.14166666567325592 0.0026041667442768812 0.014814814552664757
0 0.46145832538604736 0.18888889253139496 0.0020833334419876337 0.018518518656492233
0 0.43567708134651184 0.26527777314186096 0.0036458333488553762 0.02500000037252903
0 0.8283854126930237 0.1675925999879837 0.004687500186264515 0.011111111380159855
0 0.647656261920929 0.13379628956317902 0.0026041667442768812 0.008333333767950535
1 0.7494791746139526 0.20509259402751923 0.02291666716337204 0.02500000037252903
1 0.2486979216337204 0.1527777761220932 0.01614583283662796 0.01666666753590107
1 0.5494791865348816 0.17638888955116272 0.02500000037252903 0.01944444514811039
