1 0.7518228888511658 0.2074074000120163 0.0234375 0.025925925001502037
1 0.24687500298023224 0.1537037044763565 0.01666666753590107 0.01666666753590107
1 0.5497395992279053 0.17777778208255768 0.02552083320915699 0.018518518656492233
6 0.6067708134651184 0.4541666805744171 0.00937500037252903 0.034259259700775146
6 0.5874999761581421 0.369907408952713 0.0072916666977107525 0.026851851493120193
6 0.6721354126930237 0.6319444179534912 0.02864583395421505 0.05462963134050369
6 0.7059895992279053 0.668055534362793 0.03177083283662796 0.05833333358168602
6 0.5966145992279053 0.4097222089767456 0.0078125 0.03055555559694767
1 0.5221354365348816 0.1379629671573639 0.01406249962747097 0.012962962500751019
8 0.45625001192092896 0.13657407462596893 0.0072916666977107525 0.013888888992369175
1 0.4867187440395355 0.14537036418914795 0.01197916641831398 0.018518518656492233
1 0.4776041805744171 0.23287037014961243 0.012500000186264515 0.026851851493120193
7 0.6466146111488342 0.13750000298023224 0.010937499813735485 0.012037036940455437
1 0.6666666865348816 0.14166666567325592 0.01770833320915699 0.012962962500751019
2 0.4859375059604645 0.24351851642131805 0.0520833320915699 0.0833333358168602
8 0.614062488079071 0.2300925999879837 0.01145833358168602 0.01944444514811039
7 0.6466146111488342 0.14166666567325592 0.010937499813735485 0.012962962500751019
0 0.678906261920929 0.8921296000480652 0.02031249925494194 0.049074072390794754
0 0.1575520783662796 0.11527777463197708 0.004687500186264515 0.013888888992369175
0 0.7124999761581421 0.9324073791503906 0.01979166641831398 0.06851851940155029
0 0.569531261920929 0.6120370626449585 0.008854166604578495 0.05000000074505806
0 0.234375 0.14444445073604584 0.004166666883975267 0.014814814552664757
0 0.3791666626930237 0.8476851582527161 0.01666666753590107 0.06574074178934097
0 0.45911458134651184 0.14074073731899261 0.0015625000232830644 0.014814814552664757
0 0.8979166746139526 0.20324073731899261 0.0072916666977107525 0.01944444514811039
0 0.4619791805744171 0.16342592239379883 0.0020833334419876337 0.015740741044282913
0 0.4450520873069763 0.14259259402751923 0.0026041667442768812 0.014814814552664757
0 0.4611979126930237 0.19074073433876038 0.0026041667442768812 0.018518518656492233
0 0.4351562559604645 0.26851850748062134 0.0036458333488553762 0.025925925001502037
0 0.8304687738418579 0.16898147761821747 0.004687500186264515 0.012037036940455437
0 0.6484375 0.13472221791744232 0.0031250000465661287 0.008333333767950535
0 0.8958333134651184 0.21111111342906952 0.0072916666977107525 0.012962962500751019
1 0.7518228888511658 0.2074074000120163 0.0234375 0.025925925001502037
1 0.24687500298023224 0.1537037044763565 0.01666666753590107 0.01666666753590107
1 0.5497395992279053 0.17777778208255768 0.02552083320915699 0.018518518656492233
