1 0.7606770992279053 0.2152777761220932 0.02447916753590107 0.026851851493120193
1 0.23984375596046448 0.1578703671693802 0.01718750037252903 0.017592592164874077
1 0.5513020753860474 0.18379630148410797 0.02656250074505806 0.01944444514811039
6 0.6151041388511658 0.4902777671813965 0.010416666977107525 0.037962961941957474
6 0.592968761920929 0.39351850748062134 0.0078125 0.029629629105329514
6 0.6908854246139526 0.7032407522201538 0.03281249850988388 0.06203703582286835
6 0.7299479246139526 0.7486110925674438 0.03697916492819786 0.06574074178934097
6 0.6033853888511658 0.43888887763023376 0.008854166604578495 0.03333333507180214
1 0.520312488079071 0.14120370149612427 0.014583333395421505 0.013888888992369175
8 0.4518229067325592 0.14027777314186096 0.0078125 0.013888888992369175
1 0.4856770932674408 0.15046297013759613 0.010937499813735485 0.01944444514811039
1 0.4768229126930237 0.24259258806705475 0.013020833022892475 0.02777777798473835
7 0.6466146111488342 0.14074073731899261 0.010937499813735485 0.012962962500751019
1 0.6708333492279053 0.1458333283662796 0.01770833320915699 0.013888888992369175
2 0.48515623807907104 0.255092591047287 0.0546875 0.08796296268701553
8 0.6184895634651184 0.23935185372829437 0.01197916641831398 0.021296296268701553
7 0.6505208611488342 0.14537036418914795 0.01145833358168602 0.012962962500751019
2 0.13333334028720856 0.13750000298023224 0.04479166492819786 0.04537037014961243
0 0.5763021111488342 0.6754629611968994 0.00989583320915699 0.05277777835726738
0 0.22682291269302368 0.14814814925193787 0.004687500186264515 0.014814814552664757
0 0.36406248807907104 0.9759259223937988 0.01979166641831398 0.04814814776182175
0 0.4583333432674408 0.14444445073604584 0.0020833334419876337 0.014814814552664757
0 0.9127604365348816 0.21111111342906952 0.0078125 0.020370369777083397
0 0.4606770873069763 0.16851851344108582 0.0026041667442768812 0.01666666753590107
0 0.4440104067325592 0.14629629254341125 0.0026041667442768812 0.014814814552664757
0 0.4596354067325592 0.19722221791744232 0.0026041667442768812 0.018518518656492233
0 0.4322916567325592 0.2819444537162781 0.004166666883975267 0.026851851493120193
0 0.840624988079071 0.1745370328426361 0.0052083334885537624 0.012037036940455437
0 0.6526041626930237 0.1379629671573639 0.0031250000465661287 0.009259259328246117
0 0.9117187261581421 0.21944443881511688 0.0078125 0.012962962500751019
1 0.7606770992279053 0.2152777761220932 0.02447916753590107 0.026851851493120193
1 0.23984375596046448 0.1578703671693802 0.01718750037252903 0.017592592164874077
1 0.5513020753860474 0.18379630148410797 0.02656250074505806 0.01944444514811039
