1 0.7755208611488342 0.2282407432794571 0.02708333358168602 0.028703704476356506
1 0.22890624403953552 0.1657407432794571 0.01822916604578495 0.018518518656492233
1 0.553906261920929 0.19305555522441864 0.02760416641831398 0.021296296268701553
6 0.6302083134651184 0.5564814805984497 0.012500000186264515 0.04444444552063942
6 0.6026041507720947 0.4356481432914734 0.008333333767950535 0.032407406717538834
6 0.7294270992279053 0.8462963104248047 0.04218750074505806 0.07592592388391495
6 0.7799479365348816 0.9120370149612427 0.04843749850988388 0.0833333358168602
6 0.6151041388511658 0.4912036955356598 0.010416666977107525 0.037962961941957474
1 0.516406238079071 0.1467592567205429 0.015104166232049465 0.013888888992369175
8 0.44479167461395264 0.1458333283662796 0.008333333767950535 0.013888888992369175
1 0.4846354126930237 0.1587962955236435 0.010937499813735485 0.021296296268701553
1 0.4752604067325592 0.2587963044643402 0.01406249962747097 0.03055555559694767
7 0.6463541388511658 0.1467592567205429 0.01145833358168602 0.013888888992369175
1 0.6776041388511658 0.15138888359069824 0.01875000074505806 0.013888888992369175
2 0.4841145873069763 0.27453702688217163 0.05885416641831398 0.09537036716938019
8 0.6260416507720947 0.255092591047287 0.012500000186264515 0.021296296268701553
7 0.65625 0.15138888359069824 0.01145833358168602 0.013888888992369175
2 0.11901041865348816 0.14305555820465088 0.04739583283662796 0.04722222313284874
0 0.5901041626930237 0.800000011920929 0.012500000186264515 0.05925925821065903
0 0.21432290971279144 0.15509259700775146 0.004687500186264515 0.015740741044282913
0 0.4567708373069763 0.1509259194135666 0.0020833334419876337 0.014814814552664757
0 0.9372395873069763 0.22453702986240387 0.008854166604578495 0.021296296268701553
0 0.45885416865348816 0.17731481790542603 0.0020833334419876337 0.017592592164874077
0 0.44218748807907104 0.15231481194496155 0.0020833334419876337 0.015740741044282913
0 0.45781248807907104 0.2074074000120163 0.0031250000465661287 0.020370369777083397
0 0.42786458134651184 0.3046296238899231 0.004687500186264515 0.02777777798473835
0 0.659375011920929 0.14351852238178253 0.0031250000465661287 0.009259259328246117
0 0.9369791746139526 0.23333333432674408 0.008333333767950535 0.014814814552664757
1 0.7755208611488342 0.2282407432794571 0.02708333358168602 0.028703704476356506
1 0.22890624403953552 0.1657407432794571 0.01822916604578495 0.018518518656492233
1 0.553906261920929 0.19305555522441864 0.02760416641831398 0.021296296268701553
