1 0.7729166746139526 0.22546295821666718 0.02708333358168602 0.028703704476356506
1 0.23098959028720856 0.16435185074806213 0.01822916604578495 0.017592592164874077
1 0.5533854365348816 0.19166666269302368 0.02760416641831398 0.020370369777083397
6 0.6273437738418579 0.5439814925193787 0.01197916641831398 0.043518517166376114
6 0.6010416746139526 0.42824074625968933 0.008333333767950535 0.032407406717538834
6 0.7221354246139526 0.8189814686775208 0.04010416567325592 0.07314814627170563
6 0.7700520753860474 0.8805555701255798 0.04635416716337204 0.07962962985038757
6 0.61328125 0.4819444417953491 0.00989583320915699 0.037962961941957474
1 0.5174478888511658 0.1458333283662796 0.015104166232049465 0.013888888992369175
8 0.44609373807907104 0.1449074000120163 0.0078125 0.013888888992369175
1 0.4846354126930237 0.15694443881511688 0.010937499813735485 0.021296296268701553
1 0.47578126192092896 0.25555557012557983 0.01406249962747097 0.029629629105329514
7 0.6463541388511658 0.1458333283662796 0.01145833358168602 0.013888888992369175
1 0.676562488079071 0.15046297013759613 0.01875000074505806 0.013888888992369175
2 0.4841145873069763 0.27129629254341125 0.05781250074505806 0.09444444626569748
8 0.6244791746139526 0.25231480598449707 0.012500000186264515 0.021296296268701553
7 0.6552083492279053 0.15046297013759613 0.01145833358168602 0.013888888992369175
2 0.12135417014360428 0.14212962985038757 0.046875 0.04722222313284874
0 0.5874999761581421 0.7763888835906982 0.012500000186264515 0.05833333358168602
0 0.21640625596046448 0.1537037044763565 0.004687500186264515 0.014814814552664757
0 0.4567708373069763 0.15000000596046448 0.0020833334419876337 0.014814814552664757
0 0.9330729246139526 0.22175925970077515 0.008854166604578495 0.021296296268701553
0 0.45911458134651184 0.17592592537403107 0.0026041667442768812 0.01666666753590107
0 0.4424479305744171 0.15138888359069824 0.0026041667442768812 0.015740741044282913
0 0.4580729305744171 0.20555555820465088 0.0026041667442768812 0.020370369777083397
0 0.4286458194255829 0.3004629611968994 0.0052083334885537624 0.028703704476356506
0 0.6583333611488342 0.14259259402751923 0.0031250000465661287 0.009259259328246117
0 0.932812511920929 0.23101851344108582 0.008333333767950535 0.013888888992369175
1 0.7729166746139526 0.22546295821666718 0.02708333358168602 0.028703704476356506
1 0.23098959028720856 0.16435185074806213 0.01822916604578495 0.017592592164874077
1 0.5533854365348816 0.19166666269302368 0.02760416641831398 0.020370369777083397
