1 0.7833333611488342 0.23472222685813904 0.02812499925494194 0.03055555559694767
1 0.22343750298023224 0.16944444179534912 0.01875000074505806 0.018518518656492233
1 0.5552083253860474 0.19814814627170563 0.02812499925494194 0.02222222276031971
6 0.6388021111488342 0.5949074029922485 0.01406249962747097 0.049074072390794754
6 0.6078125238418579 0.4592592716217041 0.00937500037252903 0.035185184329748154
6 0.7536458373069763 0.9370370507240295 0.04791666567325592 0.08518518507480621
6 0.8122395873069763 0.9861111044883728 0.05677083507180214 0.02777777798473835
6 0.6221354007720947 0.5212963223457336 0.010937499813735485 0.040740739554166794
1 0.5143229365348816 0.14953704178333282 0.015104166232049465 0.013888888992369175
8 0.4411458373069763 0.14861111342906952 0.008333333767950535 0.013888888992369175
1 0.4841145873069763 0.16296295821666718 0.010937499813735485 0.02222222276031971
1 0.47447916865348816 0.26759257912635803 0.014583333395421505 0.031481482088565826
7 0.6463541388511658 0.14953704178333282 0.01145833358168602 0.013888888992369175
1 0.6809895634651184 0.1546296328306198 0.01927083358168602 0.014814814552664757
2 0.48359376192092896 0.28518518805503845 0.06093750149011612 0.10000000149011612
8 0.6299479007720947 0.26342591643333435 0.013020833022892475 0.023148147389292717
7 0.6591145992279053 0.15416666865348816 0.01197916641831398 0.013888888992369175
2 0.11145833134651184 0.14629629254341125 0.04895833507180214 0.04814814776182175
0 0.38359373807907104 0.1587962955236435 0.0026041667442768812 0.015740741044282913
0 0.598437488079071 0.8768518567085266 0.014583333395421505 0.06296296417713165
0 0.20781250298023224 0.1578703671693802 0.0052083334885537624 0.015740741044282913
0 0.4559895694255829 0.15416666865348816 0.0026041667442768812 0.015740741044282913
0 0.949999988079071 0.23148147761821747 0.00937500037252903 0.02222222276031971
0 0.45781248807907104 0.18194444477558136 0.0020833334419876337 0.017592592164874077
0 0.44140625 0.15555556118488312 0.0026041667442768812 0.01666666753590107
0 0.4567708373069763 0.21296297013759613 0.0031250000465661287 0.020370369777083397
0 0.4255208373069763 0.3166666626930237 0.0052083334885537624 0.029629629105329514
0 0.6627604365348816 0.14629629254341125 0.0036458333488553762 0.009259259328246117
0 0.9507812261581421 0.24074074625968933 0.008854166604578495 0.014814814552664757
1 0.7833333611488342 0.23472222685813904 0.02812499925494194 0.03055555559694767
1 0.22343750298023224 0.16944444179534912 0.01875000074505806 0.018518518656492233
1 0.5552083253860474 0.19814814627170563 0.02812499925494194 0.02222222276031971
