1 0.7778645753860474 0.23055554926395416 0.02760416641831398 0.029629629105329514
1 0.22708334028720856 0.1666666716337204 0.01875000074505806 0.018518518656492233
1 0.5541666746139526 0.19490741193294525 0.02812499925494194 0.021296296268701553
6 0.6330729126930237 0.5685185194015503 0.013020833022892475 0.046296294778585434
6 0.6044270992279053 0.44305557012557983 0.008854166604578495 0.034259259700775146
6 0.7369791865348816 0.8745370507240295 0.04374999925494194 0.07870370149612427
6 0.789843738079071 0.9449074268341064 0.05156249925494194 0.08611111342906952
6 0.6174479126930237 0.5009258985519409 0.010937499813735485 0.03888889029622078
1 0.5158854126930237 0.1476851850748062 0.015104166232049465 0.013888888992369175
8 0.44348958134651184 0.1467592567205429 0.0078125 0.013888888992369175
1 0.4846354126930237 0.1597222238779068 0.010937499813735485 0.021296296268701553
1 0.4752604067325592 0.26157405972480774 0.01406249962747097 0.03055555559694767
7 0.6463541388511658 0.1476851850748062 0.01145833358168602 0.013888888992369175
1 0.6786458492279053 0.1527777761220932 0.01875000074505806 0.014814814552664757
2 0.48385417461395264 0.27824074029922485 0.05937499925494194 0.0972222238779068
8 0.6273437738418579 0.25833332538604736 0.013020833022892475 0.02222222276031971
7 0.6572916507720947 0.15231481194496155 0.01145833358168602 0.013888888992369175
2 0.11640624701976776 0.14444445073604584 0.04843749850988388 0.04814814776182175
0 0.12994791567325592 0.12916666269302368 0.004687500186264515 0.015740741044282913
0 0.13203124701976776 0.1398148089647293 0.004687500186264515 0.014814814552664757
0 0.13203124701976776 0.1398148089647293 0.004687500186264515 0.014814814552664757
0 0.13203124701976776 0.1398148089647293 0.004687500186264515 0.014814814552664757
0 0.13203124701976776 0.14027777314186096 0.004687500186264515 0.015740741044282913
0 0.13203124701976776 0.1398148089647293 0.004687500186264515 0.014814814552664757
0 0.5927083492279053 0.8240740895271301 0.01354166679084301 0.06111111119389534
0 0.2122395783662796 0.15601852536201477 0.004687500186264515 0.015740741044282913
0 0.45651042461395264 0.1518518477678299 0.0026041667442768812 0.014814814552664757
0 0.94140625 0.22638888657093048 0.008854166604578495 0.021296296268701553
0 0.13203124701976776 0.1398148089647293 0.004687500186264515 0.014814814552664757
0 0.13203124701976776 0.1398148089647293 0.004687500186264515 0.014814814552664757
0 0.4585937559604645 0.17916665971279144 0.0026041667442768812 0.017592592164874077
0 0.44192707538604736 0.15324074029922485 0.0026041667442768812 0.015740741044282913
0 0.45755207538604736 0.2092592567205429 0.0026041667442768812 0.020370369777083397
0 0.1315104216337204 0.13611111044883728 0.004687500186264515 0.014814814552664757
0 0.4270833432674408 0.3087962865829468 0.0052083334885537624 0.028703704476356506
0 0.6604166626930237 0.14444445073604584 0.0031250000465661287 0.009259259328246117
0 0.9416666626930237 0.23564815521240234 0.008333333767950535 0.013888888992369175
1 0.7778645753860474 0.23055554926395416 0.02760416641831398 0.029629629105329514
1 0.22708334028720856 0.1666666716337204 0.01875000074505806 0.018518518656492233
1 0.5544270873069763 0.19490741193294525 0.02760416641831398 0.021296296268701553
