1 0.7653645873069763 0.21944443881511688 0.02552083320915699 0.02777777798473835
1 0.23645833134651184 0.1606481522321701 0.01770833320915699 0.017592592164874077
1 0.5520833134651184 0.1865740716457367 0.02708333358168602 0.01944444514811039
6 0.6195312738418579 0.510185182094574 0.010937499813735485 0.040740739554166794
6 0.5960937738418579 0.40601852536201477 0.0078125 0.03055555559694767
6 0.7020833492279053 0.7439814805984497 0.03541666641831398 0.06574074178934097
6 0.7445312738418579 0.7953703999519348 0.04010416567325592 0.07037036865949631
6 0.6067708134651184 0.4546296298503876 0.00937500037252903 0.035185184329748154
1 0.5192708373069763 0.14305555820465088 0.014583333395421505 0.013888888992369175
8 0.44973957538604736 0.14212962985038757 0.0078125 0.013888888992369175
1 0.4854166805744171 0.1527777761220932 0.01145833358168602 0.020370369777083397
1 0.4765625 0.24768517911434174 0.01354166679084301 0.028703704476356506
7 0.6466146111488342 0.14259259402751923 0.010937499813735485 0.012962962500751019
1 0.6731770634651184 0.1476851850748062 0.01822916604578495 0.013888888992369175
2 0.4846354126930237 0.2611111104488373 0.05572916567325592 0.09074074029922485
8 0.6208333373069763 0.24444444477558136 0.012500000186264515 0.020370369777083397
7 0.65234375 0.14722222089767456 0.010937499813735485 0.012962962500751019
2 0.12864583730697632 0.13935184478759766 0.04583333432674408 0.04537037014961243
0 0.5804687738418579 0.7115740776062012 0.010937499813735485 0.05462963134050369
0 0.22291666269302368 0.15046297013759613 0.004166666883975267 0.015740741044282913
0 0.45781248807907104 0.14629629254341125 0.0020833334419876337 0.014814814552664757
0 0.9205729365348816 0.2152777761220932 0.008854166604578495 0.021296296268701553
0 0.46015626192092896 0.17129629850387573 0.0026041667442768812 0.01666666753590107
0 0.44348958134651184 0.14814814925193787 0.0026041667442768812 0.014814814552664757
0 0.45911458134651184 0.2004629671573639 0.0026041667442768812 0.01944444514811039
0 0.4309895932674408 0.2888889014720917 0.004687500186264515 0.02777777798473835
0 0.6546875238418579 0.13935184478759766 0.0031250000465661287 0.008333333767950535
0 0.9200521111488342 0.22361111640930176 0.0078125 0.013888888992369175
1 0.7653645873069763 0.21944443881511688 0.02552083320915699 0.02777777798473835
1 0.23645833134651184 0.1606481522321701 0.01770833320915699 0.017592592164874077
1 0.5523437261581421 0.1865740716457367 0.02656250074505806 0.01944444514811039
