1 0.7677083611488342 0.2212962955236435 0.02604166604578495 0.02777777798473835
1 0.23489584028720856 0.1615740805864334 0.01770833320915699 0.017592592164874077
1 0.5526041388511658 0.18796296417713165 0.02708333358168602 0.020370369777083397
6 0.621874988079071 0.5208333134651184 0.01145833358168602 0.0416666679084301
6 0.59765625 0.41342592239379883 0.0078125 0.03055555559694767
6 0.7085937261581421 0.7675926089286804 0.03697916492819786 0.06851851940155029
6 0.7523437738418579 0.8217592835426331 0.04218750074505806 0.07314814627170563
6 0.6088541746139526 0.4634259343147278 0.00937500037252903 0.03611111268401146
1 0.518750011920929 0.14398148655891418 0.014583333395421505 0.013888888992369175
8 0.44843751192092896 0.14305555820465088 0.0072916666977107525 0.013888888992369175
1 0.48515623807907104 0.1546296328306198 0.010937499813735485 0.020370369777083397
1 0.47604167461395264 0.25046294927597046 0.01354166679084301 0.028703704476356506
7 0.6466146111488342 0.14351852238178253 0.010937499813735485 0.012962962500751019
1 0.6742187738418579 0.14861111342906952 0.01822916604578495 0.013888888992369175
2 0.4846354126930237 0.26435184478759766 0.05677083507180214 0.09166666865348816
8 0.6221354007720947 0.24675926566123962 0.01197916641831398 0.021296296268701553
7 0.653124988079071 0.14814814925193787 0.01145833358168602 0.012962962500751019
2 0.1263020783662796 0.1398148089647293 0.04635416716337204 0.046296294778585434
0 0.5825520753860474 0.7319444417953491 0.010937499813735485 0.05648148059844971
0 0.22057291865348816 0.15138888359069824 0.004687500186264515 0.015740741044282913
0 0.4572916626930237 0.14722222089767456 0.0020833334419876337 0.014814814552664757
0 0.9247395992279053 0.21759259700775146 0.008854166604578495 0.020370369777083397
0 0.4598958194255829 0.1726851910352707 0.0020833334419876337 0.017592592164874077
0 0.4429687559604645 0.14953704178333282 0.0026041667442768812 0.015740741044282913
0 0.45911458134651184 0.2023148089647293 0.0026041667442768812 0.01944444514811039
0 0.43046873807907104 0.2925925850868225 0.004687500186264515 0.02777777798473835
0 0.65625 0.14074073731899261 0.0031250000465661287 0.009259259328246117
0 0.9242187738418579 0.22638888657093048 0.0078125 0.013888888992369175
1 0.7677083611488342 0.2212962955236435 0.02604166604578495 0.02777777798473835
1 0.23489584028720856 0.1615740805864334 0.01770833320915699 0.017592592164874077
1 0.5526041388511658 0.18796296417713165 0.02708333358168602 0.020370369777083397
