1 0.7705729007720947 0.22361111640930176 0.02656250074505806 0.028703704476356506
1 0.23281249403953552 0.16296295821666718 0.01770833320915699 0.018518518656492233
1 0.5531250238418579 0.18981482088565826 0.02708333358168602 0.020370369777083397
6 0.6247395873069763 0.5324074029922485 0.01197916641831398 0.04259259253740311
6 0.5992187261581421 0.4203703701496124 0.0078125 0.031481482088565826
6 0.7151041626930237 0.7925925850868225 0.03854166716337204 0.07037036865949631
6 0.7611979246139526 0.8500000238418579 0.0442708320915699 0.07592592388391495
6 0.6111978888511658 0.4722222089767456 0.00989583320915699 0.03703703731298447
1 0.5179687738418579 0.1449074000120163 0.015104166232049465 0.013888888992369175
8 0.44713541865348816 0.14398148655891418 0.0078125 0.013888888992369175
1 0.48515623807907104 0.15555556118488312 0.010937499813735485 0.020370369777083397
1 0.47604167461395264 0.2527777850627899 0.01354166679084301 0.029629629105329514
7 0.6466146111488342 0.14444445073604584 0.010937499813735485 0.012962962500751019
1 0.6752604246139526 0.14953704178333282 0.01822916604578495 0.013888888992369175
2 0.484375 0.2680555582046509 0.0572916679084301 0.09351851791143417
8 0.6234375238418579 0.24953703582286835 0.012500000186264515 0.021296296268701553
7 0.6541666388511658 0.14907407760620117 0.01145833358168602 0.012962962500751019
2 0.12395833432674408 0.14120370149612427 0.046875 0.04722222313284874
0 0.5848958492279053 0.7537037134170532 0.01145833358168602 0.05740740895271301
0 0.21848958730697632 0.1527777761220932 0.004687500186264515 0.014814814552664757
0 0.4572916626930237 0.14861111342906952 0.0020833334419876337 0.015740741044282913
0 0.4596354067325592 0.1745370328426361 0.0026041667442768812 0.017592592164874077
0 0.4429687559604645 0.15046297013759613 0.0026041667442768812 0.015740741044282913
0 0.4585937559604645 0.20416666567325592 0.0026041667442768812 0.01944444514811039
0 0.4294270873069763 0.29629629850387573 0.004687500186264515 0.02777777798473835
0 0.6572916507720947 0.14166666567325592 0.0031250000465661287 0.009259259328246117
0 0.9283854365348816 0.2282407432794571 0.0078125 0.013888888992369175
1 0.7705729007720947 0.22361111640930176 0.02656250074505806 0.028703704476356506
1 0.23281249403953552 0.16296295821666718 0.01770833320915699 0.018518518656492233
1 0.5531250238418579 0.18981482088565826 0.02708333358168602 0.020370369777083397
