1 0.7947916388511658 0.244907408952713 0.03020833246409893 0.032407406717538834
1 0.21510416269302368 0.1745370328426361 0.01979166641831398 0.01944444514811039
1 0.5570312738418579 0.20555555820465088 0.02968749962747097 0.02222222276031971
6 0.6533854007720947 0.6574074029922485 0.01614583283662796 0.0555555559694767
6 0.6166666746139526 0.4962962865829468 0.010416666977107525 0.03888889029622078
6 0.6330729126930237 0.5694444179534912 0.013020833022892475 0.046296294778585434
1 0.510937511920929 0.15416666865348816 0.015625 0.013888888992369175
8 0.4359374940395355 0.1527777761220932 0.008333333767950535 0.014814814552664757
1 0.4833333194255829 0.16898147761821747 0.010416666977107525 0.023148147389292717
1 0.4736979305744171 0.2796296179294586 0.015104166232049465 0.03333333507180214
7 0.6463541388511658 0.15416666865348816 0.01145833358168602 0.013888888992369175
1 0.6856771111488342 0.15925925970077515 0.02031249925494194 0.014814814552664757
2 0.48255208134651184 0.3013888895511627 0.06406249850988388 0.10648148506879807
8 0.6356770992279053 0.2759259343147278 0.01406249962747097 0.024074073880910873
7 0.6635416746139526 0.1587962955236435 0.012500000186264515 0.013888888992369175
2 0.10052083432674408 0.1509259194135666 0.05104166641831398 0.05000000074505806
0 0.37968748807907104 0.16388888657093048 0.0031250000465661287 0.01666666753590107
0 0.6135416626930237 0.9884259104728699 0.01770833320915699 0.023148147389292717
0 0.19869790971279144 0.16296295821666718 0.004687500186264515 0.01666666753590107
0 0.45494791865348816 0.1587962955236435 0.0026041667442768812 0.015740741044282913
0 0.9690104126930237 0.24120371043682098 0.00989583320915699 0.023148147389292717
0 0.45651042461395264 0.18888889253139496 0.0026041667442768812 0.018518518656492233
0 0.4398437440395355 0.1597222238779068 0.0026041667442768812 0.015740741044282913
0 0.45520833134651184 0.22083333134651184 0.0031250000465661287 0.021296296268701553
0 0.4221354126930237 0.33564814925193787 0.00572916679084301 0.03055555559694767
0 0.8778645992279053 0.19490741193294525 0.00572916679084301 0.013888888992369175
0 0.6674479246139526 0.15000000596046448 0.0036458333488553762 0.009259259328246117
0 0.9708333611488342 0.2518518567085266 0.00937500037252903 0.014814814552664757
1 0.7947916388511658 0.244907408952713 0.03020833246409893 0.032407406717538834
1 0.21510416269302368 0.1745370328426361 0.01979166641831398 0.01944444514811039
1 0.5572916865348816 0.20555555820465088 0.02916666679084301 0.02222222276031971
