1 0.8072916865348816 0.25555557012557983 0.03229166567325592 0.03333333507180214
1 0.20624999701976776 0.1805555522441864 0.02083333395421505 0.020370369777083397
1 0.5591145753860474 0.2134259194135666 0.03072916716337204 0.023148147389292717
6 0.671093761920929 0.7347221970558167 0.01927083358168602 0.06574074178934097
6 0.6263020634651184 0.5393518805503845 0.01197916641831398 0.043518517166376114
6 0.6460937261581421 0.6263889074325562 0.015104166232049465 0.05277777835726738
1 0.507031261920929 0.15833333134651184 0.01614583283662796 0.014814814552664757
8 0.43020832538604736 0.15740740299224854 0.008333333767950535 0.014814814552664757
1 0.48255208134651184 0.17592592537403107 0.010937499813735485 0.024074073880910873
1 0.47213542461395264 0.29398149251937866 0.01614583283662796 0.03611111268401146
7 0.6463541388511658 0.15833333134651184 0.012500000186264515 0.014814814552664757
1 0.690625011920929 0.16388888657093048 0.02083333395421505 0.014814814552664757
2 0.4817708432674408 0.3185185194015503 0.0677083358168602 0.11296296119689941
8 0.6421874761581421 0.28935185074806213 0.014583333395421505 0.02500000037252903
7 0.66796875 0.16388888657093048 0.013020833022892475 0.014814814552664757
2 0.08932291716337204 0.15555556118488312 0.05364583432674408 0.051851850003004074
0 0.37578123807907104 0.16851851344108582 0.0026041667442768812 0.01666666753590107
0 0.1888020783662796 0.1675925999879837 0.00572916679084301 0.01666666753590107
0 0.45390623807907104 0.16388888657093048 0.0026041667442768812 0.01666666753590107
0 0.9898437261581421 0.2527777850627899 0.010937499813735485 0.024074073880910873
0 0.4546875059604645 0.1953703761100769 0.0031250000465661287 0.018518518656492233
0 0.4385416805744171 0.1648148149251938 0.0031250000465661287 0.01666666753590107
0 0.45364582538604736 0.22962963581085205 0.0031250000465661287 0.02222222276031971
0 0.4182291626930237 0.35648149251937866 0.0062500000931322575 0.03333333507180214
0 0.8880208134651184 0.15416666865348816 0.0052083334885537624 0.010185184888541698
0 0.8911458253860474 0.2023148089647293 0.0062500000931322575 0.013888888992369175
0 0.672656238079071 0.1546296328306198 0.0036458333488553762 0.009259259328246117
0 0.9924479126930237 0.26342591643333435 0.00989583320915699 0.015740741044282913
1 0.8072916865348816 0.25555557012557983 0.03229166567325592 0.03333333507180214
1 0.20624999701976776 0.1805555522441864 0.02083333395421505 0.020370369777083397
1 0.5591145753860474 0.2134259194135666 0.03072916716337204 0.023148147389292717
