1 0.8205729126930237 0.26759257912635803 0.03489583358168602 0.035185184329748154
1 0.19739583134651184 0.1865740716457367 0.02187499962747097 0.021296296268701553
1 0.5611979365348816 0.2212962955236435 0.03177083283662796 0.024074073880910873
6 0.6929687261581421 0.8305555582046509 0.0234375 0.07777778059244156
6 0.6380208134651184 0.5898148417472839 0.01354166679084301 0.04814814776182175
6 0.6619791388511658 0.6949074268341064 0.01770833320915699 0.06018518656492233
1 0.503125011920929 0.16296295821666718 0.01666666753590107 0.014814814552664757
1 0.4820312559604645 0.18287037312984467 0.010937499813735485 0.02500000037252903
1 0.47083333134651184 0.3087962865829468 0.01666666753590107 0.037962961941957474
7 0.6463541388511658 0.16296295821666718 0.012500000186264515 0.014814814552664757
1 0.696093738079071 0.16898147761821747 0.02135416679084301 0.015740741044282913
2 0.48046875 0.3384259343147278 0.07239583134651184 0.12129629403352737
8 0.6489583253860474 0.3046296238899231 0.015625 0.025925925001502037
7 0.672656238079071 0.16851851344108582 0.013020833022892475 0.014814814552664757
2 0.07734374701976776 0.16018518805503845 0.05572916567325592 0.05370370298624039
0 0.37161457538604736 0.17407406866550446 0.0036458333488553762 0.01666666753590107
0 0.17864583432674408 0.17314815521240234 0.0052083334885537624 0.01666666753590107
0 0.4528645873069763 0.16851851344108582 0.0026041667442768812 0.01666666753590107
0 0.453125 0.20277777314186096 0.0031250000465661287 0.020370369777083397
0 0.43697917461395264 0.16944444179534912 0.0031250000465661287 0.01666666753590107
0 0.4515624940395355 0.23842592537403107 0.0031250000465661287 0.023148147389292717
0 0.41354167461395264 0.37962964177131653 0.0062500000931322575 0.035185184329748154
0 0.8966146111488342 0.15833333134651184 0.00572916679084301 0.009259259328246117
0 0.9052083492279053 0.2101851850748062 0.0062500000931322575 0.014814814552664757
0 0.6778646111488342 0.1587962955236435 0.0036458333488553762 0.010185184888541698
1 0.8205729126930237 0.26759257912635803 0.03489583358168602 0.035185184329748154
1 0.19739583134651184 0.1865740716457367 0.02187499962747097 0.021296296268701553
1 0.5611979365348816 0.2212962955236435 0.03177083283662796 0.024074073880910873
