1 0.8348958492279053 0.28009259700775146 0.03750000149011612 0.037962961941957474
1 0.1875 0.192592591047287 0.02291666716337204 0.02222222276031971
1 0.5635416507720947 0.2300925999879837 0.03333333507180214 0.02500000037252903
6 0.2822916805744171 0.1865740716457367 0.0072916666977107525 0.013888888992369175
6 0.7210937738418579 0.9523147940635681 0.02968749962747097 0.09351851791143417
6 0.6518229246139526 0.6499999761581421 0.01614583283662796 0.0555555559694767
6 0.6812499761581421 0.7787036895751953 0.02187499962747097 0.07037036865949631
1 0.4989583194255829 0.16805554926395416 0.01666666753590107 0.015740741044282913
1 0.1497395783662796 0.16805554926395416 0.02447916753590107 0.015740741044282913
1 0.48124998807907104 0.19027778506278992 0.01145833358168602 0.026851851493120193
1 0.46927082538604736 0.3254629671573639 0.01770833320915699 0.03981481492519379
7 0.6460937261581421 0.1675925999879837 0.013020833022892475 0.014814814552664757
1 0.7015625238418579 0.17407406866550446 0.02187499962747097 0.01666666753590107
2 0.4794270694255829 0.35972222685813904 0.07656250149011612 0.13055555522441864
8 0.65625 0.3203703761100769 0.01666666753590107 0.02777777798473835
7 0.6776041388511658 0.1736111044883728 0.01354166679084301 0.015740741044282913
2 0.0651041641831398 0.16527777910232544 0.05833333358168602 0.05462963134050369
0 0.3669270873069763 0.1796296238899231 0.0036458333488553762 0.018518518656492233
0 0.16796875 0.17824074625968933 0.00572916679084301 0.017592592164874077
0 0.45130208134651184 0.1745370328426361 0.0026041667442768812 0.017592592164874077
0 0.3567708432674408 0.1814814805984497 0.0031250000465661287 0.012962962500751019
0 0.45130208134651184 0.21111111342906952 0.0026041667442768812 0.020370369777083397
0 0.43541666865348816 0.1745370328426361 0.0031250000465661287 0.017592592164874077
0 0.44999998807907104 0.24768517911434174 0.0031250000465661287 0.023148147389292717
0 0.40833333134651184 0.4055555462837219 0.0072916666977107525 0.03703703731298447
0 0.9059895873069763 0.16296295821666718 0.00572916679084301 0.009259259328246117
0 0.9200521111488342 0.21851852536201477 0.006770833395421505 0.014814814552664757
0 0.6833333373069763 0.16342592239379883 0.004166666883975267 0.010185184888541698
1 0.8348958492279053 0.28009259700775146 0.03750000149011612 0.037962961941957474
1 0.1875 0.192592591047287 0.02291666716337204 0.02222222276031971
1 0.5638020634651184 0.2300925999879837 0.03281249850988388 0.02500000037252903
