1 0.842968761920929 0.28703704476356506 0.0390625 0.03888889029622078
1 0.18255208432674408 0.19629628956317902 0.0234375 0.02222222276031971
1 0.5648437738418579 0.2351851910352707 0.0338541679084301 0.025925925001502037
6 0.2786458432674408 0.1893518567085266 0.0072916666977107525 0.013888888992369175
6 0.739062488079071 0.9893518686294556 0.03437500074505806 0.021296296268701553
6 0.66015625 0.6861110925674438 0.01718750037252903 0.05925925821065903
6 0.6932291388511658 0.8314814567565918 0.02395833283662796 0.07777778059244156
1 0.4971354305744171 0.17083333432674408 0.01718750037252903 0.015740741044282913
1 0.14453125 0.17037037014961243 0.02447916753590107 0.01666666753590107
1 0.4807291626930237 0.1944444477558136 0.01145833358168602 0.02777777798473835
1 0.4684895873069763 0.33472222089767456 0.01822916604578495 0.0416666679084301
7 0.6460937261581421 0.17037037014961243 0.013020833022892475 0.014814814552664757
1 0.7044270634651184 0.17685185372829437 0.02239583246409893 0.01666666753590107
2 0.4789062440395355 0.3717592656612396 0.07968749850988388 0.13611111044883728
8 0.6606770753860474 0.3296296298503876 0.01718750037252903 0.02777777798473835
7 0.6802083253860474 0.17638888955116272 0.01354166679084301 0.015740741044282913
2 0.05833333358168602 0.16805554926395416 0.05937499925494194 0.05648148059844971
0 0.3643229305744171 0.18287037312984467 0.0036458333488553762 0.017592592164874077
0 0.16197916865348816 0.1814814805984497 0.0062500000931322575 0.018518518656492233
0 0.4507812559604645 0.17731481790542603 0.0026041667442768812 0.017592592164874077
0 0.4505208432674408 0.2152777761220932 0.0031250000465661287 0.021296296268701553
0 0.4348958432674408 0.17731481790542603 0.0031250000465661287 0.017592592164874077
0 0.4489583373069763 0.2532407343387604 0.0031250000465661287 0.023148147389292717
0 0.4052083194255829 0.41990742087364197 0.0072916666977107525 0.037962961941957474
0 0.910937488079071 0.16527777910232544 0.0062500000931322575 0.010185184888541698
0 0.9281250238418579 0.2231481522321701 0.0072916666977107525 0.014814814552664757
0 0.6864583492279053 0.16620370745658875 0.004166666883975267 0.010185184888541698
1 0.842968761920929 0.28703704476356506 0.0390625 0.03888889029622078
1 0.18255208432674408 0.19629628956317902 0.0234375 0.02222222276031971
1 0.5648437738418579 0.2351851910352707 0.0338541679084301 0.025925925001502037
