1 0.8471354246139526 0.2907407283782959 0.0390625 0.03888889029622078
1 0.1796875 0.19814814627170563 0.02395833283662796 0.02222222276031971
1 0.5653645992279053 0.2370370328426361 0.0338541679084301 0.025925925001502037
6 0.27682292461395264 0.19120369851589203 0.0078125 0.013888888992369175
6 0.6645833253860474 0.7060185074806213 0.01875000074505806 0.06203703582286835
6 0.699999988079071 0.8601852059364319 0.02500000037252903 0.08148147910833359
1 0.49609375 0.17175926268100739 0.01718750037252903 0.015740741044282913
1 0.1419270783662796 0.17175926268100739 0.02552083320915699 0.015740741044282913
1 0.4807291626930237 0.19675925374031067 0.01145833358168602 0.026851851493120193
1 0.46822917461395264 0.33981481194496155 0.01875000074505806 0.04259259253740311
1 0.706250011920929 0.17824074625968933 0.02291666716337204 0.017592592164874077
2 0.47838541865348816 0.3787037134170532 0.0807291641831398 0.1388888955116272
8 0.6630208492279053 0.33379629254341125 0.01770833320915699 0.028703704476356506
7 0.6815103888511658 0.17824074625968933 0.01406249962747097 0.015740741044282913
2 0.05494791641831398 0.16944444179534912 0.0598958320915699 0.0555555559694767
0 0.36276042461395264 0.18425926566123962 0.0036458333488553762 0.018518518656492233
0 0.15911458432674408 0.18333333730697632 0.00572916679084301 0.018518518656492233
0 0.4502604305744171 0.17870371043682098 0.0026041667442768812 0.018518518656492233
0 0.3541666567325592 0.18611110746860504 0.0031250000465661287 0.012962962500751019
0 0.44999998807907104 0.2171296328306198 0.0031250000465661287 0.021296296268701553
0 0.43437498807907104 0.17916665971279144 0.0031250000465661287 0.017592592164874077
0 0.44843751192092896 0.25555557012557983 0.0031250000465661287 0.024074073880910873
0 0.4036458432674408 0.42824074625968933 0.0072916666977107525 0.037962961941957474
0 0.9135416746139526 0.16712963581085205 0.0062500000931322575 0.010185184888541698
0 0.9325520992279053 0.22499999403953552 0.0078125 0.014814814552664757
0 0.6880208253860474 0.16712963581085205 0.004166666883975267 0.010185184888541698
1 0.8471354246139526 0.2907407283782959 0.0390625 0.03888889029622078
1 0.1796875 0.19814814627170563 0.02395833283662796 0.02222222276031971
1 0.565625011920929 0.2370370328426361 0.03437500074505806 0.025925925001502037
