1 0.8885416388511658 0.33287036418914795 0.04895833507180214 0.04722222313284874
1 0.24791666865348816 0.2273148149251938 0.03333333507180214 0.021296296268701553
1 0.1380208283662796 0.22083333134651184 0.02812499925494194 0.02500000037252903
1 0.7281249761581421 0.5527777671813965 0.03437500074505806 0.06666667014360428
1 0.56640625 0.2666666805744171 0.03802083432674408 0.029629629105329514
6 0.24765625596046448 0.21157407760620117 0.008854166604578495 0.015740741044282913
6 0.7299479246139526 0.9782407283782959 0.03281249850988388 0.043518517166376114
1 0.47604167461395264 0.1875 0.01875000074505806 0.017592592164874077
1 0.10130207985639572 0.1893518567085266 0.02864583395421505 0.017592592164874077
1 0.4716145694255829 0.2231481522321701 0.013020833022892475 0.031481482088565826
1 0.4559895694255829 0.40138888359069824 0.02239583246409893 0.05277777835726738
1 0.7161458134651184 0.1935185194015503 0.02500000037252903 0.018518518656492233
2 0.4671874940395355 0.4643518626689911 0.10000000149011612 0.17870371043682098
8 0.68359375 0.3916666805744171 0.02135416679084301 0.03333333507180214
7 0.6895833611488342 0.1935185194015503 0.015625 0.01666666753590107
2 0.01875000074505806 0.18796296417713165 0.03750000149011612 0.06296296417713165
0 0.3401041626930237 0.20324073731899261 0.004166666883975267 0.01944444514811039
0 0.11406250298023224 0.20324073731899261 0.0072916666977107525 0.01944444514811039
0 0.43932291865348816 0.19675925374031067 0.0026041667442768812 0.01944444514811039
0 0.33645832538604736 0.20509259402751923 0.004166666883975267 0.013888888992369175
0 0.4372395873069763 0.2439814805984497 0.0036458333488553762 0.023148147389292717
0 0.42265623807907104 0.19583334028720856 0.0036458333488553762 0.01944444514811039
0 0.43541666865348816 0.28935185074806213 0.004166666883975267 0.026851851493120193
0 0.37421876192092896 0.5356481671333313 0.008854166604578495 0.04537037014961243
0 0.9317708611488342 0.1796296238899231 0.0062500000931322575 0.011111111380159855
0 0.9716145992279053 0.25 0.008854166604578495 0.01666666753590107
0 0.6979166865348816 0.18101851642131805 0.004166666883975267 0.010185184888541698
1 0.8885416388511658 0.33287036418914795 0.04895833507180214 0.04722222313284874
1 0.24791666865348816 0.2273148149251938 0.03333333507180214 0.021296296268701553
1 0.7281249761581421 0.5527777671813965 0.03437500074505806 0.06666667014360428
1 0.1380208283662796 0.22083333134651184 0.02812499925494194 0.02500000037252903
1 0.5666666626930237 0.2666666805744171 0.03854166716337204 0.029629629105329514
