1 0.8869791626930237 0.3291666805744171 0.04791666567325592 0.04722222313284874
1 0.25338542461395264 0.22453702986240387 0.03281249850988388 0.021296296268701553
1 0.14505209028720856 0.21805556118488312 0.02760416641831398 0.02500000037252903
1 0.725781261920929 0.5416666865348816 0.0338541679084301 0.06481481343507767
1 0.5684896111488342 0.2638888955116272 0.03802083432674408 0.029629629105329514
6 0.25312501192092896 0.2092592567205429 0.008333333767950535 0.014814814552664757
6 0.7231770753860474 0.9620370268821716 0.03072916716337204 0.07592592388391495
1 0.47968751192092896 0.18611110746860504 0.01875000074505806 0.01666666753590107
1 0.10833333432674408 0.18703703582286835 0.02812499925494194 0.018518518656492233
1 0.4742187559604645 0.2203703671693802 0.013020833022892475 0.031481482088565826
1 0.45911458134651184 0.39444443583488464 0.02239583246409893 0.051851850003004074
1 0.7174479365348816 0.192592591047287 0.02447916753590107 0.018518518656492233
2 0.4700520932674408 0.4555555582046509 0.09739582985639572 0.17407406866550446
8 0.6833333373069763 0.3856481611728668 0.02083333395421505 0.032407406717538834
7 0.6908854246139526 0.192592591047287 0.015104166232049465 0.01666666753590107
2 0.02265625074505806 0.1856481432914734 0.04531250149011612 0.06203703582286835
0 0.34453123807907104 0.2013888955116272 0.0036458333488553762 0.01944444514811039
0 0.12135417014360428 0.2004629671573639 0.0072916666977107525 0.01944444514811039
0 0.4424479305744171 0.19490741193294525 0.0026041667442768812 0.01944444514811039
0 0.34036457538604736 0.20324073731899261 0.0036458333488553762 0.013888888992369175
0 0.4403645694255829 0.24120371043682098 0.0036458333488553762 0.023148147389292717
0 0.42578125 0.1944444477558136 0.0036458333488553762 0.018518518656492233
0 0.4385416805744171 0.2856481373310089 0.004166666883975267 0.026851851493120193
0 0.37890625 0.5231481194496155 0.008854166604578495 0.04444444552063942
0 0.9333333373069763 0.17870371043682098 0.0062500000931322575 0.011111111380159855
0 0.9708333611488342 0.2481481432914734 0.008333333767950535 0.01666666753590107
0 0.69921875 0.1796296238899231 0.004687500186264515 0.011111111380159855
1 0.8869791626930237 0.3291666805744171 0.04791666567325592 0.04722222313284874
1 0.25338542461395264 0.22453702986240387 0.03281249850988388 0.021296296268701553
1 0.725781261920929 0.5416666865348816 0.0338541679084301 0.06481481343507767
1 0.14505209028720856 0.21805556118488312 0.02760416641831398 0.02500000037252903
1 0.5684896111488342 0.2638888955116272 0.03802083432674408 0.029629629105329514
