1 0.8903645873069763 0.3361110985279083 0.0494791679084301 0.04814814776182175
1 0.24270834028720856 0.2300925999879837 0.03333333507180214 0.021296296268701553
1 0.1315104216337204 0.2240740805864334 0.02864583395421505 0.025925925001502037
1 0.7307291626930237 0.5643518567085266 0.03541666641831398 0.0694444477558136
1 0.5651041865348816 0.26944443583488464 0.03854166716337204 0.029629629105329514
6 0.24296875298023224 0.2143518477678299 0.008854166604578495 0.015740741044282913
1 0.47213542461395264 0.1893518567085266 0.01927083358168602 0.017592592164874077
1 0.09479166567325592 0.19166666269302368 0.02916666679084301 0.018518518656492233
1 0.46875 0.22546295821666718 0.01354166679084301 0.032407406717538834
1 0.4533854126930237 0.4078703820705414 0.02239583246409893 0.05462963134050369
1 0.7151041626930237 0.1953703761100769 0.02500000037252903 0.018518518656492233
2 0.46432292461395264 0.4740740656852722 0.1015625 0.18333333730697632
8 0.6841145753860474 0.39722222089767456 0.02135416679084301 0.03333333507180214
7 0.6885416507720947 0.19490741193294525 0.015625 0.017592592164874077
0 0.3359375 0.20555555820465088 0.004166666883975267 0.020370369777083397
0 0.1067708358168602 0.20555555820465088 0.0072916666977107525 0.020370369777083397
0 0.4361979067325592 0.19861111044883728 0.0026041667442768812 0.01944444514811039
0 0.33281248807907104 0.20694445073604584 0.004166666883975267 0.013888888992369175
0 0.43411457538604736 0.24722221493721008 0.0036458333488553762 0.024074073880910873
0 0.4195312559604645 0.19768518209457397 0.0036458333488553762 0.01944444514811039
0 0.4322916567325592 0.2925925850868225 0.004166666883975267 0.02777777798473835
0 0.36927083134651184 0.5481481552124023 0.00937500037252903 0.046296294778585434
0 0.9307291507720947 0.18009258806705475 0.0062500000931322575 0.010185184888541698
0 0.9723958373069763 0.2518518567085266 0.008333333767950535 0.01666666753590107
0 0.6968749761581421 0.182407408952713 0.004166666883975267 0.011111111380159855
1 0.8903645873069763 0.3361110985279083 0.0494791679084301 0.04814814776182175
1 0.24270834028720856 0.2300925999879837 0.03333333507180214 0.021296296268701553
1 0.7307291626930237 0.5643518567085266 0.03541666641831398 0.0694444477558136
1 0.1315104216337204 0.2240740805864334 0.02864583395421505 0.025925925001502037
1 0.5651041865348816 0.26944443583488464 0.03854166716337204 0.029629629105329514
