1 0.8851562738418579 0.32592591643333435 0.04739583283662796 0.046296294778585434
1 0.25833332538604736 0.22175925970077515 0.03229166567325592 0.021296296268701553
1 0.15130208432674408 0.2152777761220932 0.02656250074505806 0.02500000037252903
1 0.7231770753860474 0.5310184955596924 0.0338541679084301 0.06388889253139496
1 0.5697916746139526 0.26157405972480774 0.03750000149011612 0.028703704476356506
6 0.2578125 0.20694445073604584 0.008333333767950535 0.015740741044282913
6 0.7166666388511658 0.9375 0.02916666679084301 0.09166666865348816
1 0.4833333194255829 0.18472221493721008 0.01875000074505806 0.017592592164874077
1 0.11484374850988388 0.18472221493721008 0.02760416641831398 0.017592592164874077
1 0.4765625 0.21759259700775146 0.012500000186264515 0.031481482088565826
1 0.46171873807907104 0.38842591643333435 0.02135416679084301 0.05092592537403107
1 0.7184895873069763 0.19120369851589203 0.02447916753590107 0.017592592164874077
2 0.4723958373069763 0.44583332538604736 0.09583333134651184 0.16944444179534912
8 0.6830729246139526 0.38055557012557983 0.02031249925494194 0.031481482088565826
7 0.6919270753860474 0.19120369851589203 0.015104166232049465 0.017592592164874077
2 0.02630208246409893 0.18333333730697632 0.05260416492819786 0.06111111119389534
0 0.34843748807907104 0.19953703880310059 0.004166666883975267 0.01944444514811039
0 0.12812499701976776 0.19814814627170563 0.0072916666977107525 0.018518518656492233
0 0.4450520873069763 0.19305555522441864 0.0026041667442768812 0.01944444514811039
0 0.4429687559604645 0.23888888955116272 0.0036458333488553762 0.02222222276031971
0 0.4286458194255829 0.192592591047287 0.0031250000465661287 0.018518518656492233
0 0.44140625 0.28240740299224854 0.0036458333488553762 0.025925925001502037
0 0.38333332538604736 0.5115740895271301 0.008333333767950535 0.043518517166376114
0 0.9341145753860474 0.17777778208255768 0.006770833395421505 0.011111111380159855
0 0.9697916507720947 0.24675926566123962 0.008333333767950535 0.015740741044282913
0 0.699999988079071 0.17870371043682098 0.004166666883975267 0.011111111380159855
1 0.8851562738418579 0.32592591643333435 0.04739583283662796 0.046296294778585434
1 0.25833332538604736 0.22175925970077515 0.03229166567325592 0.021296296268701553
1 0.7231770753860474 0.5310184955596924 0.0338541679084301 0.06388889253139496
1 0.15130208432674408 0.2152777761220932 0.02656250074505806 0.02500000037252903
1 0.5697916746139526 0.26157405972480774 0.03750000149011612 0.028703704476356506
