1 0.9330729246139526 0.3740740716457367 0.05885416641831398 0.0555555559694767
1 0.22499999403953552 0.24722221493721008 0.0364583320915699 0.024074073880910873
1 0.10625000298023224 0.24027778208255768 0.03229166567325592 0.028703704476356506
1 0.7747395634651184 0.6736111044883728 0.04114583507180214 0.08796296268701553
1 0.571093738079071 0.29398149251937866 0.04218750074505806 0.032407406717538834
6 0.22682291269302368 0.22870370745658875 0.00989583320915699 0.01666666753590107
1 0.46276041865348816 0.20092593133449554 0.02031249925494194 0.018518518656492233
1 0.07187499850988388 0.20324073731899261 0.03125 0.01944444514811039
1 0.46666666865348816 0.24722221493721008 0.014583333395421505 0.035185184329748154
1 0.4476562440395355 0.46296295523643494 0.02656250074505806 0.06481481343507767
1 0.7289062738418579 0.20787036418914795 0.02656250074505806 0.01944444514811039
2 0.4580729305744171 0.5574073791503906 0.12031249701976776 0.2240740805864334
8 0.707812488079071 0.4495370388031006 0.02500000037252903 0.037962961941957474
7 0.7005208134651184 0.2074074000120163 0.01666666753590107 0.018518518656492233
0 0.32369792461395264 0.21944443881511688 0.004687500186264515 0.020370369777083397
0 0.07968749850988388 0.21944443881511688 0.008333333767950535 0.020370369777083397
0 0.43281251192092896 0.21111111342906952 0.0031250000465661287 0.020370369777083397
0 0.3255208432674408 0.2212962955236435 0.004166666883975267 0.014814814552664757
0 0.42916667461395264 0.26851850748062134 0.004166666883975267 0.025925925001502037
0 0.41588541865348816 0.2101851850748062 0.0036458333488553762 0.020370369777083397
0 0.4268229305744171 0.3194444477558136 0.004687500186264515 0.029629629105329514
0 0.34453123807907104 0.6550925970077515 0.013020833022892475 0.05277777835726738
0 0.953125 0.19074073433876038 0.0072916666977107525 0.011111111380159855
0 0.710156261920929 0.19305555522441864 0.004687500186264515 0.012037036940455437
1 0.9330729246139526 0.3740740716457367 0.05885416641831398 0.0555555559694767
1 0.22499999403953552 0.24722221493721008 0.0364583320915699 0.024074073880910873
1 0.7747395634651184 0.6736111044883728 0.04114583507180214 0.08796296268701553
1 0.10625000298023224 0.24027778208255768 0.03229166567325592 0.028703704476356506
1 0.571093738079071 0.29398149251937866 0.04218750074505806 0.032407406717538834
