1 0.9190104007720947 0.36157408356666565 0.05572916567325592 0.05277777835726738
1 0.22942708432674408 0.2421296238899231 0.03593749925494194 0.023148147389292717
1 0.11249999701976776 0.23564815521240234 0.03125 0.026851851493120193
1 0.7596353888511658 0.6379629373550415 0.0390625 0.08148147910833359
1 0.5684896111488342 0.2865740656852722 0.04114583507180214 0.032407406717538834
6 0.23046875 0.22453702986240387 0.00989583320915699 0.017592592164874077
1 0.4645833373069763 0.19722221791744232 0.01979166641831398 0.018518518656492233
1 0.07734374701976776 0.20000000298023224 0.03072916716337204 0.018518518656492233
1 0.4664062559604645 0.24074074625968933 0.01406249962747097 0.035185184329748154
1 0.44869792461395264 0.44583332538604736 0.02552083320915699 0.06203703582286835
1 0.7239583134651184 0.20416666567325592 0.02604166604578495 0.01944444514811039
2 0.4593749940395355 0.5310184955596924 0.1145833358168602 0.21203704178333282
8 0.6997395753860474 0.43287035822868347 0.0234375 0.03611111268401146
7 0.696093738079071 0.20370370149612427 0.01614583283662796 0.018518518656492233
0 0.3268229067325592 0.2152777761220932 0.004687500186264515 0.021296296268701553
0 0.08645833283662796 0.21574074029922485 0.008333333767950535 0.020370369777083397
0 0.4333333373069763 0.2074074000120163 0.0031250000465661287 0.020370369777083397
0 0.3265624940395355 0.21666666865348816 0.004166666883975267 0.014814814552664757
0 0.4299479126930237 0.2620370388031006 0.0036458333488553762 0.024074073880910873
0 0.41614583134651184 0.20648148655891418 0.0031250000465661287 0.020370369777083397
0 0.42760416865348816 0.3115740716457367 0.004166666883975267 0.028703704476356506
0 0.3518229126930237 0.6208333373069763 0.01197916641831398 0.05092592537403107
0 0.9450520873069763 0.1875 0.006770833395421505 0.012037036940455437
0 0.9971354007720947 0.2671296298503876 0.00572916679084301 0.017592592164874077
0 0.7054687738418579 0.18981482088565826 0.004687500186264515 0.011111111380159855
1 0.9190104007720947 0.36157408356666565 0.05572916567325592 0.05277777835726738
1 0.22942708432674408 0.2421296238899231 0.03593749925494194 0.023148147389292717
1 0.7596353888511658 0.6379629373550415 0.0390625 0.08148147910833359
1 0.11249999701976776 0.23564815521240234 0.03125 0.026851851493120193
1 0.5684896111488342 0.2865740656852722 0.04114583507180214 0.032407406717538834
