1 0.9114583134651184 0.3560185134410858 0.05416666716337204 0.05092592537403107
1 0.23072916269302368 0.23981481790542603 0.03541666641831398 0.02222222276031971
1 0.11510416865348816 0.23333333432674408 0.03020833246409893 0.02777777798473835
1 0.7526041865348816 0.6217592358589172 0.03854166716337204 0.07870370149612427
1 0.5666666626930237 0.28333333134651184 0.04062499850988388 0.031481482088565826
6 0.2317708283662796 0.2222222238779068 0.00937500037252903 0.01666666753590107
1 0.46536457538604736 0.19629628956317902 0.02031249925494194 0.018518518656492233
1 0.0794270858168602 0.19861111044883728 0.03072916716337204 0.01944444514811039
1 0.4661458432674408 0.23749999701976776 0.01354166679084301 0.034259259700775146
1 0.4489583373069763 0.43796294927597046 0.02500000037252903 0.05925925821065903
1 0.7210937738418579 0.2023148089647293 0.02552083320915699 0.01944444514811039
2 0.4596354067325592 0.5189814567565918 0.1119791641831398 0.20462962985038757
8 0.6955729126930237 0.4254629611968994 0.0234375 0.03611111268401146
7 0.6934896111488342 0.20185184478759766 0.01614583283662796 0.018518518656492233
0 0.32760417461395264 0.2134259194135666 0.004166666883975267 0.021296296268701553
0 0.08932291716337204 0.21388888359069824 0.0078125 0.020370369777083397
0 0.43281251192092896 0.20555555820465088 0.0031250000465661287 0.020370369777083397
0 0.3270833194255829 0.21481481194496155 0.004166666883975267 0.014814814552664757
0 0.4299479126930237 0.25925925374031067 0.0036458333488553762 0.024074073880910873
0 0.41588541865348816 0.20462962985038757 0.0036458333488553762 0.020370369777083397
0 0.42760416865348816 0.30787035822868347 0.004166666883975267 0.028703704476356506
0 0.35468751192092896 0.605555534362793 0.01145833358168602 0.05000000074505806
0 0.9408854246139526 0.18611110746860504 0.006770833395421505 0.011111111380159855
0 0.9916666746139526 0.26342591643333435 0.00937500037252903 0.017592592164874077
0 0.7028645873069763 0.18796296417713165 0.004687500186264515 0.011111111380159855
1 0.9114583134651184 0.35555556416511536 0.05416666716337204 0.051851850003004074
1 0.23072916269302368 0.23981481790542603 0.03541666641831398 0.02222222276031971
1 0.7526041865348816 0.6217592358589172 0.03854166716337204 0.07870370149612427
1 0.11510416865348816 0.23333333432674408 0.03020833246409893 0.02777777798473835
1 0.567187488079071 0.28333333134651184 0.04062499850988388 0.031481482088565826
