1 0.9401041865348816 0.380092591047287 0.06041666492819786 0.05648148059844971
1 0.22213540971279144 0.25 0.03697916492819786 0.024074073880910873
1 0.10234375298023224 0.2430555522441864 0.03281249850988388 0.028703704476356506
1 0.7822916507720947 0.6925926208496094 0.04270833358168602 0.09259258955717087
1 0.5718749761581421 0.2976851761341095 0.04270833358168602 0.032407406717538834
6 0.22421875596046448 0.23101851344108582 0.00989583320915699 0.017592592164874077
1 0.4611979126930237 0.20277777314186096 0.02031249925494194 0.018518518656492233
1 0.06822916865348816 0.20509259402751923 0.03125 0.01944444514811039
1 0.4664062559604645 0.25046294927597046 0.015104166232049465 0.03611111268401146
1 0.4468750059604645 0.4712963104248047 0.02708333358168602 0.06666667014360428
1 0.7309895753860474 0.20972222089767456 0.02656250074505806 0.01944444514811039
2 0.4572916626930237 0.5712962746620178 0.12395833432674408 0.23148147761821747
8 0.711718738079071 0.45787036418914795 0.02552083320915699 0.037962961941957474
7 0.7026041746139526 0.2092592567205429 0.01666666753590107 0.018518518656492233
0 0.32213541865348816 0.22175925970077515 0.004687500186264515 0.021296296268701553
0 0.07578124850988388 0.22175925970077515 0.008854166604578495 0.021296296268701553
0 0.4325520694255829 0.21296297013759613 0.0026041667442768812 0.020370369777083397
0 0.32421875 0.2231481522321701 0.004687500186264515 0.014814814552664757
0 0.4286458194255829 0.2717592716217041 0.004166666883975267 0.02500000037252903
0 0.4151041805744171 0.21203704178333282 0.0031250000465661287 0.020370369777083397
0 0.42578125 0.32407405972480774 0.004687500186264515 0.029629629105329514
0 0.34036457538604736 0.6740740537643433 0.013020833022892475 0.05370370298624039
0 0.956250011920929 0.192592591047287 0.0072916666977107525 0.011111111380159855
0 0.7122395634651184 0.19490741193294525 0.004687500186264515 0.012037036940455437
1 0.9401041865348816 0.37962964177131653 0.06041666492819786 0.05740740895271301
1 0.22213540971279144 0.25 0.03697916492819786 0.024074073880910873
1 0.7822916507720947 0.6925926208496094 0.04270833358168602 0.09259258955717087
1 0.10234375298023224 0.2430555522441864 0.03281249850988388 0.028703704476356506
1 0.5723958611488342 0.2976851761341095 0.04270833358168602 0.032407406717538834
