1 0.9260416626930237 0.36759260296821594 0.0572916679084301 0.05370370298624039
1 0.22734375298023224 0.244907408952713 0.03593749925494194 0.023148147389292717
1 0.10963542014360428 0.23796296119689941 0.03177083283662796 0.02777777798473835
1 0.7671874761581421 0.6555555462837219 0.04062499850988388 0.08518518507480621
1 0.5697916746139526 0.29027777910232544 0.0416666679084301 0.032407406717538834
6 0.22890624403953552 0.22685185074806213 0.00989583320915699 0.01666666753590107
1 0.4638020694255829 0.19907407462596893 0.02031249925494194 0.018518518656492233
1 0.07473958283662796 0.2013888955116272 0.03072916716337204 0.01944444514811039
1 0.46692708134651184 0.24351851642131805 0.01406249962747097 0.035185184329748154
1 0.44843751192092896 0.45370370149612427 0.02604166604578495 0.06296296417713165
1 0.7265625 0.20601852238178253 0.02604166604578495 0.01944444514811039
2 0.45885416865348816 0.5439814925193787 0.11770833283662796 0.21759259700775146
8 0.703906238079071 0.4407407343387604 0.02447916753590107 0.03703703731298447
7 0.698437511920929 0.20555555820465088 0.01666666753590107 0.018518518656492233
0 0.3252604305744171 0.2171296328306198 0.004687500186264515 0.021296296268701553
0 0.0833333358168602 0.2171296328306198 0.008333333767950535 0.021296296268701553
0 0.4333333373069763 0.2092592567205429 0.0031250000465661287 0.020370369777083397
0 0.32604166865348816 0.21851852536201477 0.004166666883975267 0.014814814552664757
0 0.4296875 0.26527777314186096 0.004166666883975267 0.02500000037252903
0 0.41588541865348816 0.2083333283662796 0.0036458333488553762 0.020370369777083397
0 0.4273437559604645 0.3152777850627899 0.004687500186264515 0.028703704476356506
0 0.34843748807907104 0.637499988079071 0.012500000186264515 0.05092592537403107
0 0.94921875 0.1893518567085266 0.006770833395421505 0.012037036940455437
0 0.7080729007720947 0.19166666269302368 0.004687500186264515 0.011111111380159855
1 0.9260416626930237 0.36759260296821594 0.0572916679084301 0.05370370298624039
1 0.22734375298023224 0.244907408952713 0.03593749925494194 0.023148147389292717
1 0.7671874761581421 0.6555555462837219 0.04062499850988388 0.08518518507480621
1 0.10963542014360428 0.23796296119689941 0.03177083283662796 0.02777777798473835
1 0.5700520873069763 0.29027777910232544 0.04114583507180214 0.032407406717538834
