1 0.9536458253860474 0.3916666805744171 0.06354166567325592 0.05925925821065903
1 0.21640625596046448 0.25555557012557983 0.03802083432674408 0.024074073880910873
1 0.09427083283662796 0.2481481432914734 0.03333333507180214 0.029629629105329514
1 0.7984374761581421 0.7333333492279053 0.04479166492819786 0.10000000149011612
1 0.5739583373069763 0.30509260296821594 0.04374999925494194 0.034259259700775146
6 0.21927084028720856 0.23564815521240234 0.010416666977107525 0.017592592164874077
1 0.4580729305744171 0.20694445073604584 0.02135416679084301 0.01944444514811039
1 0.06093750149011612 0.20879629254341125 0.03229166567325592 0.01944444514811039
1 0.4658854305744171 0.2569444477558136 0.015104166232049465 0.037962961941957474
1 0.44479167461395264 0.4902777671813965 0.02812499925494194 0.0694444477558136
1 0.735156238079071 0.21388888359069824 0.02760416641831398 0.020370369777083397
2 0.45494791865348816 0.6013888716697693 0.13072916865348816 0.24722221493721008
8 0.7197916507720947 0.47546297311782837 0.02708333358168602 0.03981481492519379
7 0.7059895992279053 0.2134259194135666 0.01718750037252903 0.01944444514811039
0 0.3179687559604645 0.22592592239379883 0.004687500186264515 0.02222222276031971
0 0.06692708283662796 0.22592592239379883 0.008854166604578495 0.02222222276031971
0 0.4312500059604645 0.2171296328306198 0.0031250000465661287 0.021296296268701553
0 0.3218750059604645 0.2273148149251938 0.004166666883975267 0.015740741044282913
0 0.42656248807907104 0.2787036895751953 0.004166666883975267 0.025925925001502037
0 0.4138020873069763 0.21574074029922485 0.0036458333488553762 0.020370369777083397
0 0.42395833134651184 0.33194443583488464 0.0052083334885537624 0.03055555559694767
0 0.33125001192092896 0.7138888835906982 0.014583333395421505 0.0555555559694767
0 0.9630208611488342 0.19583334028720856 0.0072916666977107525 0.012037036940455437
0 0.7164062261581421 0.19814814627170563 0.004687500186264515 0.011111111380159855
1 0.9536458253860474 0.3916666805744171 0.06354166567325592 0.05925925821065903
1 0.21640625596046448 0.25555557012557983 0.03802083432674408 0.024074073880910873
1 0.7984374761581421 0.7333333492279053 0.04479166492819786 0.10000000149011612
1 0.09427083283662796 0.2481481432914734 0.03333333507180214 0.029629629105329514
1 0.5739583373069763 0.30509260296821594 0.04374999925494194 0.034259259700775146
