1 0.9742187261581421 0.41898149251937866 0.05156249925494194 0.06574074178934097
1 0.2044270783662796 0.2671296298503876 0.04010416567325592 0.02500000037252903
1 0.07734374701976776 0.2587963044643402 0.03593749925494194 0.03055555559694767
1 0.836718738079071 0.8291666507720947 0.05052083358168602 0.11944444477558136
1 0.5776041746139526 0.32175925374031067 0.04583333432674408 0.03611111268401146
6 0.20807291567325592 0.24537037312984467 0.010937499813735485 0.018518518656492233
1 0.4515624940395355 0.21388888359069824 0.02187499962747097 0.020370369777083397
1 0.0455729179084301 0.21666666865348816 0.0338541679084301 0.020370369777083397
1 0.4638020694255829 0.2717592716217041 0.01614583283662796 0.03981481492519379
1 0.4401041567325592 0.5319444537162781 0.03125 0.07870370149612427
1 0.7434895634651184 0.22175925970077515 0.02864583395421505 0.021296296268701553
2 0.44921875 0.6712962985038757 0.14635416865348816 0.28518518805503845
8 0.7372395992279053 0.5143518447875977 0.02968749962747097 0.043518517166376114
7 0.7130208611488342 0.22175925970077515 0.01770833320915699 0.01944444514811039
0 0.3098958432674408 0.2351851910352707 0.0052083334885537624 0.02222222276031971
0 0.04869791492819786 0.2351851910352707 0.00989583320915699 0.02222222276031971
0 0.42890626192092896 0.22592592239379883 0.0036458333488553762 0.02222222276031971
0 0.4229166805744171 0.29305556416511536 0.004166666883975267 0.026851851493120193
0 0.41067707538604736 0.22361111640930176 0.0036458333488553762 0.021296296268701553
0 0.41979166865348816 0.35046297311782837 0.0052083334885537624 0.032407406717538834
0 0.3088541626930237 0.8087962865829468 0.01770833320915699 0.06018518656492233
0 0.9763020873069763 0.2023148089647293 0.0078125 0.012037036940455437
0 0.7244791388511658 0.20509259402751923 0.0052083334885537624 0.012037036940455437
1 0.9742187261581421 0.41898149251937866 0.05156249925494194 0.06574074178934097
1 0.2044270783662796 0.2671296298503876 0.04010416567325592 0.02500000037252903
1 0.836718738079071 0.8291666507720947 0.05052083358168602 0.11944444477558136
1 0.07734374701976776 0.2587963044643402 0.03593749925494194 0.03055555559694767
1 0.5778645873069763 0.32175925374031067 0.04635416716337204 0.03611111268401146
