1 0.9932291507720947 0.46666666865348816 0.01354166679084301 0.07592592388391495
1 0.16588541865348816 0.2935185134410858 0.04531250149011612 0.02777777798473835
1 0.02526041679084301 0.28611111640930176 0.04218750074505806 0.035185184329748154
1 0.5755208134651184 0.3541666567325592 0.05104166641831398 0.03981481492519379
6 0.17265625298023224 0.26759257912635803 0.013020833022892475 0.020370369777083397
1 0.4281249940395355 0.22962963581085205 0.02395833283662796 0.02222222276031971
1 0.00807291641831398 0.23564815521240234 0.01614583283662796 0.023148147389292717
1 0.4502604305744171 0.302314817905426 0.01822916604578495 0.04722222313284874
1 0.42109376192092896 0.6263889074325562 0.03802083432674408 0.10092592239379883
1 0.7471354007720947 0.2351851910352707 0.03072916716337204 0.02222222276031971
2 0.4268229305744171 0.824999988079071 0.18697915971279144 0.3499999940395355
8 0.765625 0.595370352268219 0.03541666641831398 0.05000000074505806
7 0.715624988079071 0.2351851910352707 0.01875000074505806 0.020370369777083397
0 0.28125 0.25555557012557983 0.0062500000931322575 0.024074073880910873
0 0.41354167461395264 0.2439814805984497 0.004166666883975267 0.023148147389292717
0 0.4049479067325592 0.3231481611728668 0.00572916679084301 0.029629629105329514
0 0.39401042461395264 0.24027778208255768 0.0036458333488553762 0.023148147389292717
0 0.40156251192092896 0.38935184478759766 0.0062500000931322575 0.034259259700775146
0 0.9833333492279053 0.21203704178333282 0.008333333767950535 0.012962962500751019
0 0.7276041507720947 0.21666666865348816 0.0052083334885537624 0.012962962500751019
1 0.9932291507720947 0.46666666865348816 0.01354166679084301 0.07592592388391495
1 0.16588541865348816 0.2935185134410858 0.04531250149011612 0.02777777798473835
1 0.02526041679084301 0.28611111640930176 0.04218750074505806 0.035185184329748154
1 0.5755208134651184 0.3541666567325592 0.05104166641831398 0.03981481492519379
