1 0.8041666746139526 0.4087963104248047 0.0625 0.06574074178934097
1 0.3960937559604645 0.40509259700775146 0.05885416641831398 0.05277777835726738
1 0.18515625596046448 0.2856481373310089 0.03593749925494194 0.032407406717538834
1 0.23619791865348816 0.3861111104488373 0.02760416641831398 0.06666667014360428
1 0.22317709028720856 0.8888888955116272 0.0598958320915699 0.18333333730697632
1 0.5510416626930237 0.2300925999879837 0.02604166604578495 0.02500000037252903
8 0.6276041865348816 0.6356481313705444 0.03229166567325592 0.06203703582286835
7 0.5229166746139526 0.2351851910352707 0.015625 0.02222222276031971
0 0.18203124403953552 0.30694442987442017 0.008854166604578495 0.028703704476356506
0 0.9942708611488342 0.34583333134651184 0.01145833358168602 0.032407406717538834
0 0.17343750596046448 0.4217592477798462 0.012500000186264515 0.037962961941957474
0 0.1536458283662796 0.30416667461395264 0.00937500037252903 0.028703704476356506
0 0.1744791716337204 0.5138888955116272 0.014583333395421505 0.04444444552063942
0 0.7255208492279053 0.17777778208255768 0.0052083334885537624 0.011111111380159855
0 0.8161458373069763 0.26342591643333435 0.0072916666977107525 0.017592592164874077
0 0.5328124761581421 0.21296297013759613 0.004166666883975267 0.012962962500751019
1 0.8041666746139526 0.4087963104248047 0.0625 0.06574074178934097
1 0.39635416865348816 0.40509259700775146 0.05833333358168602 0.05277777835726738
