1 0.985156238079071 0.4634259343147278 0.02968749962747097 0.07500000298023224
1 0.14114584028720856 0.3027777671813965 0.04791666567325592 0.029629629105329514
1 0.5625 0.3583333194255829 0.05104166641831398 0.03888889029622078
6 0.1484375 0.27546295523643494 0.01354166679084301 0.021296296268701553
1 0.41067707538604736 0.23287037014961243 0.02447916753590107 0.023148147389292717
1 0.4348958432674408 0.3083333373069763 0.01875000074505806 0.04814814776182175
1 0.40703123807907104 0.6458333134651184 0.0390625 0.10648148506879807
1 0.7317708134651184 0.23472222685813904 0.03020833246409893 0.023148147389292717
2 0.4127604067325592 0.8365740776062012 0.1953125 0.32685184478759766
8 0.7562500238418579 0.6018518805503845 0.03541666641831398 0.051851850003004074
7 0.7005208134651184 0.2351851910352707 0.01875000074505806 0.020370369777083397
0 0.26119792461395264 0.2611111104488373 0.006770833395421505 0.024074073880910873
0 0.3973958194255829 0.2481481432914734 0.004166666883975267 0.024074073880910873
0 0.38880208134651184 0.3296296298503876 0.00572916679084301 0.029629629105329514
0 0.3776041567325592 0.2439814805984497 0.004166666883975267 0.023148147389292717
0 0.3856770694255829 0.39814814925193787 0.006770833395421505 0.035185184329748154
0 0.9606770873069763 0.2083333283662796 0.0078125 0.012962962500751019
0 0.7124999761581421 0.21574074029922485 0.0052083334885537624 0.012962962500751019
1 0.985156238079071 0.4634259343147278 0.02968749962747097 0.07500000298023224
1 0.14114584028720856 0.3027777671813965 0.04791666567325592 0.029629629105329514
1 0.5625 0.3583333194255829 0.05104166641831398 0.03888889029622078
