1 0.973437488079071 0.4564814865589142 0.05312500149011612 0.07407407462596893
1 0.10833333432674408 0.3152777850627899 0.05104166641831398 0.032407406717538834
1 0.5445312261581421 0.3620370328426361 0.05156249925494194 0.03888889029622078
6 0.11614583432674408 0.28611111640930176 0.014583333395421505 0.02222222276031971
1 0.3877604305744171 0.23657406866550446 0.02552083320915699 0.023148147389292717
1 0.41484373807907104 0.3152777850627899 0.01927083358168602 0.049074072390794754
1 0.38854166865348816 0.6675925850868225 0.04062499850988388 0.11296296119689941
1 0.7106770873069763 0.23287037014961243 0.02968749962747097 0.023148147389292717
2 0.39401042461395264 0.8495370149612427 0.2057291716337204 0.30092594027519226
8 0.7424479126930237 0.6060185432434082 0.03489583358168602 0.05277777835726738
7 0.6802083253860474 0.23425926268100739 0.01770833320915699 0.020370369777083397
0 0.234375 0.2689814865589142 0.0072916666977107525 0.02500000037252903
0 0.3760416805744171 0.2527777850627899 0.004166666883975267 0.024074073880910873
0 0.36770832538604736 0.3375000059604645 0.0062500000931322575 0.03055555559694767
0 0.35546875 0.24861110746860504 0.004687500186264515 0.023148147389292717
0 0.36510416865348816 0.4078703820705414 0.0072916666977107525 0.03611111268401146
0 0.9307291507720947 0.20370370149612427 0.0072916666977107525 0.012962962500751019
0 0.6916666626930237 0.21481481194496155 0.0052083334885537624 0.012962962500751019
1 0.973437488079071 0.4564814865589142 0.05312500149011612 0.07407407462596893
1 0.10833333432674408 0.3152777850627899 0.05104166641831398 0.032407406717538834
1 0.5450521111488342 0.3620370328426361 0.05156249925494194 0.03888889029622078
