1 0.780468761920929 0.4055555462837219 0.06093750149011612 0.06481481343507767
1 0.37161457538604736 0.41620370745658875 0.06093750149011612 0.05648148059844971
1 0.1471354216337204 0.2976851761341095 0.0390625 0.034259259700775146
1 0.20364584028720856 0.4037036895751953 0.03020833246409893 0.07037036865949631
1 0.19140625 0.9212962985038757 0.06614582985639572 0.15740740299224854
1 0.52734375 0.23148147761821747 0.02552083320915699 0.025925925001502037
8 0.6111978888511658 0.6458333134651184 0.03177083283662796 0.06388889253139496
7 0.4989583194255829 0.23749999701976776 0.015625 0.023148147389292717
0 0.14557291567325592 0.3203703761100769 0.00989583320915699 0.029629629105329514
0 0.9622395634651184 0.33703702688217163 0.013020833022892475 0.031481482088565826
0 0.13671875 0.44212964177131653 0.01406249962747097 0.03981481492519379
0 0.11562500149011612 0.317592591047287 0.010416666977107525 0.029629629105329514
0 0.13776041567325592 0.5393518805503845 0.01614583283662796 0.04722222313284874
0 0.6986979246139526 0.17592592537403107 0.004687500186264515 0.011111111380159855
0 0.7888020873069763 0.2597222328186035 0.006770833395421505 0.017592592164874077
0 0.5093749761581421 0.21481481194496155 0.004166666883975267 0.012962962500751019
0 0.984375 0.3541666567325592 0.01145833358168602 0.021296296268701553
1 0.780468761920929 0.4055555462837219 0.06093750149011612 0.06481481343507767
1 0.37187498807907104 0.41620370745658875 0.06145833432674408 0.05648148059844971
