1 0.86328125 0.42129629850387573 0.06718750298023224 0.06851851940155029
1 0.44973957538604736 0.3861111104488373 0.0546875 0.046296294778585434
1 0.26249998807907104 0.2638888955116272 0.03125 0.02777777798473835
1 0.3033854067325592 0.35555556416511536 0.0234375 0.05925925821065903
1 0.2867187559604645 0.7939814925193787 0.05052083358168602 0.1527777761220932
1 0.60546875 0.2291666716337204 0.02656250074505806 0.02500000037252903
2 0.2919270694255829 0.9231481552124023 0.2776041626930237 0.1537037044763565
8 0.667187511920929 0.6217592358589172 0.03333333507180214 0.05833333358168602
7 0.5768229365348816 0.23240740597248077 0.01614583283662796 0.02222222276031971
0 0.07630208134651184 0.3203703761100769 0.01197916641831398 0.029629629105329514
0 0.25598958134651184 0.28333333134651184 0.006770833395421505 0.02777777798473835
0 0.24817708134651184 0.385185182094574 0.00989583320915699 0.035185184329748154
0 0.23125000298023224 0.28009259700775146 0.0072916666977107525 0.026851851493120193
0 0.24791666865348816 0.46759259700775146 0.01145833358168602 0.040740739554166794
0 0.7908853888511658 0.18425926566123962 0.00572916679084301 0.011111111380159855
0 0.8843749761581421 0.2759259343147278 0.008333333767950535 0.018518518656492233
0 0.5874999761581421 0.21203704178333282 0.004166666883975267 0.012962962500751019
1 0.86328125 0.42129629850387573 0.06718750298023224 0.06851851940155029
1 0.44999998807907104 0.3861111104488373 0.05416666716337204 0.046296294778585434
