1 0.7622395753860474 0.40509259700775146 0.0598958320915699 0.06574074178934097
1 0.3505208194255829 0.427314817905426 0.06354166567325592 0.06018518656492233
1 0.11276041716337204 0.31018519401550293 0.04218750074505806 0.03703703731298447
1 0.1744791716337204 0.4208333194255829 0.03229166567325592 0.07500000298023224
1 0.16067709028720856 0.9453703761100769 0.07239583134651184 0.10925926268100739
1 0.5080729126930237 0.23333333432674408 0.02552083320915699 0.025925925001502037
8 0.5981770753860474 0.6583333611488342 0.03177083283662796 0.06666667014360428
7 0.4794270694255829 0.23981481790542603 0.01614583283662796 0.024074073880910873
0 0.11328125 0.3333333432674408 0.010937499813735485 0.031481482088565826
0 0.936718761920929 0.33194443583488464 0.01197916641831398 0.03055555559694767
0 0.10312499850988388 0.46296295523643494 0.015625 0.040740739554166794
0 0.08124999701976776 0.33101850748062134 0.01145833358168602 0.03055555559694767
0 0.10390625149011612 0.5657407641410828 0.01822916604578495 0.04814814776182175
0 0.6773437261581421 0.17499999701976776 0.004687500186264515 0.011111111380159855
0 0.7677083611488342 0.2578703761100769 0.0062500000931322575 0.017592592164874077
0 0.4898437559604645 0.21666666865348816 0.0036458333488553762 0.012962962500751019
0 0.9585937261581421 0.34768518805503845 0.010937499813735485 0.021296296268701553
1 0.7622395753860474 0.4046296179294586 0.0598958320915699 0.06481481343507767
1 0.35078126192092896 0.427314817905426 0.06406249850988388 0.06018518656492233
