1 0.8322916626930237 0.4138889014720917 0.06458333134651184 0.06666667014360428
1 0.42239582538604736 0.39537036418914795 0.05624999850988388 0.05000000074505806
1 0.22421875596046448 0.27453702688217163 0.0338541679084301 0.03055555559694767
1 0.2697916626930237 0.37037035822868347 0.02500000037252903 0.06296296417713165
1 0.2552083432674408 0.8379629850387573 0.05416666716337204 0.1666666716337204
1 0.577343761920929 0.2291666716337204 0.02656250074505806 0.02500000037252903
8 0.6466146111488342 0.6282407641410828 0.03281249850988388 0.06018518656492233
7 0.5489583611488342 0.23333333432674408 0.015625 0.02222222276031971
0 0.02395833283662796 0.33981481194496155 0.01354166679084301 0.031481482088565826
0 0.21901041269302368 0.2944444417953491 0.0078125 0.02777777798473835
0 0.21119791269302368 0.40231481194496155 0.010937499813735485 0.03611111268401146
0 0.19296875596046448 0.2916666567325592 0.0078125 0.02777777798473835
0 0.21171875298023224 0.4893518388271332 0.013020833022892475 0.043518517166376114
0 0.7567708492279053 0.1805555522441864 0.0052083334885537624 0.011111111380159855
0 0.848437488079071 0.2689814865589142 0.0072916666977107525 0.017592592164874077
0 0.559374988079071 0.21203704178333282 0.004166666883975267 0.012962962500751019
1 0.8322916626930237 0.4138889014720917 0.06458333134651184 0.06666667014360428
1 0.4229166805744171 0.39537036418914795 0.05624999850988388 0.05000000074505806
