1 0.9281250238418579 0.43888887763023376 0.07395832985639572 0.07037036865949631
1 0.02604166604578495 0.34861111640930176 0.0520833320915699 0.037962961941957474
1 0.5013020634651184 0.37268519401550293 0.05260416492819786 0.0416666679084301
6 0.03125 0.3152777850627899 0.01770833320915699 0.02500000037252903
1 0.33203125 0.24768517911434174 0.02760416641831398 0.02500000037252903
1 0.3645833432674408 0.3324074149131775 0.02083333395421505 0.05370370298624039
1 0.34296876192092896 0.7217592597007751 0.0442708320915699 0.12870369851589203
1 0.6614583134651184 0.23055554926395416 0.02812499925494194 0.024074073880910873
2 0.3489583432674408 0.8814814686775208 0.234375 0.2370370328426361
8 0.707812488079071 0.6138888597488403 0.03437500074505806 0.0555555559694767
7 0.632031261920929 0.23287037014961243 0.01718750037252903 0.021296296268701553
0 0.16640624403953552 0.2898148000240326 0.008854166604578495 0.02777777798473835
0 0.32239583134651184 0.26527777314186096 0.0052083334885537624 0.02500000037252903
0 0.31458333134651184 0.35740742087364197 0.008333333767950535 0.031481482088565826
0 0.30026042461395264 0.26157405972480774 0.00572916679084301 0.02500000037252903
0 0.31328123807907104 0.43287035822868347 0.008854166604578495 0.037962961941957474
0 0.8630208373069763 0.1935185194015503 0.0062500000931322575 0.011111111380159855
0 0.9611979126930237 0.29212963581085205 0.00989583320915699 0.01944444514811039
0 0.6429687738418579 0.21296297013759613 0.004687500186264515 0.012962962500751019
1 0.9278646111488342 0.43888887763023376 0.07343749701976776 0.07037036865949631
1 0.02604166604578495 0.34861111640930176 0.0520833320915699 0.037962961941957474
1 0.5015624761581421 0.37268519401550293 0.0520833320915699 0.0416666679084301
