1 0.7380208373069763 0.40833333134651184 0.05937499925494194 0.06481481343507767
1 0.3166666626930237 0.45092591643333435 0.06875000149011612 0.06666667014360428
6 0.7846354246139526 0.8671296238899231 0.03802083432674408 0.07129629701375961
1 0.05312500149011612 0.3333333432674408 0.04791666567325592 0.040740739554166794
1 0.12473957985639572 0.45509257912635803 0.03697916492819786 0.0824074074625969
1 0.4789062440395355 0.23842592537403107 0.02656250074505806 0.026851851493120193
8 0.5804687738418579 0.6879629492759705 0.03281249850988388 0.07037036865949631
7 0.44999998807907104 0.24583333730697632 0.01666666753590107 0.02500000037252903
0 0.05807291716337204 0.3578703701496124 0.013020833022892475 0.032407406717538834
0 0.9041666388511658 0.3273148238658905 0.01145833358168602 0.03055555559694767
0 0.04401041567325592 0.5032407641410828 0.01927083358168602 0.043518517166376114
0 0.9932291507720947 0.0902777761220932 0.004166666883975267 0.010185184888541698
0 0.02239583246409893 0.3560185134410858 0.01354166679084301 0.032407406717538834
0 0.04374999925494194 0.6175925731658936 0.02187499962747097 0.051851850003004074
0 0.6468750238418579 0.17499999701976776 0.004166666883975267 0.011111111380159855
0 0.9888020753860474 0.10879629850387573 0.004687500186264515 0.012037036940455437
0 0.7388020753860474 0.2569444477558136 0.00572916679084301 0.017592592164874077
0 0.4609375 0.22083333134651184 0.004166666883975267 0.013888888992369175
0 0.9255208373069763 0.34166666865348816 0.010416666977107525 0.020370369777083397
1 0.7380208373069763 0.4078703820705414 0.05937499925494194 0.06574074178934097
1 0.3166666626930237 0.45092591643333435 0.06875000149011612 0.06666667014360428
