1 0.6192708611488342 0.42824074625968933 0.05833333358168602 0.06759259104728699
1 0.1119791641831398 0.6138888597488403 0.11145833134651184 0.11851851642131805
4 0.9252604246139526 0.1935185194015503 0.05260416492819786 0.0962962955236435
6 0.7421875 0.9856481552124023 0.03333333507180214 0.028703704476356506
7 0.93359375 0.10138888657093048 0.010937499813735485 0.010185184888541698
1 0.32630208134651184 0.2726851999759674 0.03281249850988388 0.034259259700775146
8 0.48880207538604736 0.8606481552124023 0.03697916492819786 0.0972222238779068
7 0.9039062261581421 0.2421296238899231 0.013020833022892475 0.02500000037252903
7 0.2919270694255829 0.28611111640930176 0.02239583246409893 0.029629629105329514
0 0.9252604246139526 0.1180555522441864 0.0036458333488553762 0.008333333767950535
0 0.7549479007720947 0.3097222149372101 0.0078125 0.028703704476356506
0 0.780468761920929 0.0754629597067833 0.0026041667442768812 0.008333333767950535
0 0.5 0.1796296238899231 0.0031250000465661287 0.011111111380159855
0 0.6013020873069763 0.2578703761100769 0.004687500186264515 0.017592592164874077
0 0.952343761920929 0.23287037014961243 0.008854166604578495 0.023148147389292717
0 0.3062500059604645 0.2527777850627899 0.0062500000931322575 0.014814814552664757
0 0.9122396111488342 0.130092591047287 0.004687500186264515 0.013888888992369175
0 0.774218738079071 0.32083332538604736 0.0078125 0.01944444514811039
1 0.6192708611488342 0.42824074625968933 0.05833333358168602 0.06759259104728699
1 0.11223958432674408 0.6134259104728699 0.11093749850988388 0.11759259551763535
4 0.9252604246139526 0.1935185194015503 0.05260416492819786 0.0962962955236435
