1 0.6986979246139526 0.4138889014720917 0.05885416641831398 0.06666667014360428
1 0.2562499940395355 0.49537035822868347 0.07916666567325592 0.07962962985038757
6 0.7710937261581421 0.9194444417953491 0.03697916492819786 0.08148147910833359
1 0.03072916716337204 0.5240740776062012 0.04895833507180214 0.10000000149011612
1 0.43020832538604736 0.24768517911434174 0.02812499925494194 0.028703704476356506
8 0.55078125 0.7402777671813965 0.0338541679084301 0.07870370149612427
7 0.40026041865348816 0.2569444477558136 0.01822916604578495 0.026851851493120193
0 0.8526041507720947 0.31990739703178406 0.00937500037252903 0.03055555559694767
0 0.9143229126930237 0.08425925672054291 0.0036458333488553762 0.009259259328246117
0 0.5973958373069763 0.17546296119689941 0.004166666883975267 0.010185184888541698
0 0.6919270753860474 0.2560185194015503 0.00572916679084301 0.017592592164874077
0 0.4117187559604645 0.2291666716337204 0.004687500186264515 0.013888888992369175
0 0.8729166388511658 0.33379629254341125 0.00937500037252903 0.01944444514811039
1 0.6986979246139526 0.4138889014720917 0.05885416641831398 0.06666667014360428
1 0.2562499940395355 0.49444442987442017 0.07916666567325592 0.07962962985038757
