1 0.6638020873069763 0.4175925850868225 0.05781250074505806 0.06666667014360428
1 0.2005208283662796 0.5370370149612427 0.08958332985639572 0.09259258955717087
4 0.987500011920929 0.20601852238178253 0.02500000037252903 0.10092592239379883
6 0.7567708492279053 0.9550926089286804 0.03541666641831398 0.08981481194496155
1 0.38723957538604736 0.25648146867752075 0.02968749962747097 0.031481482088565826
8 0.5244791507720947 0.7833333611488342 0.03437500074505806 0.08518518507480621
7 0.979687511920929 0.25555557012557983 0.015625 0.025925925001502037
7 0.3557291626930237 0.26759257912635803 0.01979166641831398 0.02777777798473835
0 0.8088541626930237 0.31388887763023376 0.008333333767950535 0.029629629105329514
0 0.555468738079071 0.17638888955116272 0.0036458333488553762 0.010185184888541698
0 0.65234375 0.2560185194015503 0.004687500186264515 0.017592592164874077
0 0.3682291805744171 0.23796296119689941 0.0052083334885537624 0.014814814552664757
0 0.9979166388511658 0.1398148089647293 0.004166666883975267 0.014814814552664757
0 0.8286458253860474 0.3263888955116272 0.008333333767950535 0.01944444514811039
1 0.6638020873069763 0.4175925850868225 0.05781250074505806 0.06666667014360428
1 0.20078125596046448 0.5370370149612427 0.09010417014360428 0.09259258955717087
4 0.987500011920929 0.20601852238178253 0.02500000037252903 0.10092592239379883
