1 0.7270833253860474 0.4106481373310089 0.05937499925494194 0.06574074178934097
1 0.2992187440395355 0.46388888359069824 0.07135416567325592 0.07037036865949631
6 0.7815104126930237 0.885185182094574 0.03802083432674408 0.07407407462596893
1 0.0234375 0.34675925970077515 0.046875 0.043518517166376114
1 0.09817708283662796 0.47453704476356506 0.04010416567325592 0.08796296268701553
1 0.46484375 0.24120371043682098 0.02656250074505806 0.028703704476356506
8 0.5721353888511658 0.7041666507720947 0.03281249850988388 0.07314814627170563
7 0.43567708134651184 0.24861110746860504 0.01718750037252903 0.02500000037252903
0 0.02942708320915699 0.3717592656612396 0.01406249962747097 0.034259259700775146
0 0.8893229365348816 0.3254629671573639 0.010937499813735485 0.03055555559694767
0 0.01197916641831398 0.5259259343147278 0.02083333395421505 0.046296294778585434
0 0.9692708253860474 0.08796296268701553 0.004166666883975267 0.009259259328246117
0 0.01171875 0.6472222208976746 0.0234375 0.05370370298624039
0 0.6322916746139526 0.17499999701976776 0.004166666883975267 0.011111111380159855
0 0.7252604365348816 0.2569444477558136 0.00572916679084301 0.017592592164874077
0 0.4466145932674408 0.22361111640930176 0.004687500186264515 0.013888888992369175
0 0.9106770753860474 0.33981481194496155 0.00989583320915699 0.020370369777083397
1 0.7270833253860474 0.4106481373310089 0.05937499925494194 0.06574074178934097
1 0.2994791567325592 0.46388888359069824 0.07187499850988388 0.07037036865949631
