1 0.6486979126930237 0.4203703701496124 0.05781250074505806 0.06666667014360428
1 0.17265625298023224 0.5601851940155029 0.0963541641831398 0.10000000149011612
4 0.9739583134651184 0.2013888955116272 0.0520833320915699 0.09907407313585281
6 0.7513020634651184 0.9643518328666687 0.03489583358168602 0.07129629701375961
1 0.3674479126930237 0.26157405972480774 0.03072916716337204 0.032407406717538834
8 0.5127604007720947 0.8069444298744202 0.03489583358168602 0.08981481194496155
7 0.953125 0.25046294927597046 0.014583333395421505 0.02500000037252903
7 0.3348958194255829 0.27314814925193787 0.02083333395421505 0.02777777798473835
0 0.9830729365348816 0.1240740716457367 0.0036458333488553762 0.009259259328246117
0 0.7901041507720947 0.31203705072402954 0.008333333767950535 0.029629629105329514
0 0.5367187261581421 0.17685185372829437 0.0036458333488553762 0.011111111380159855
0 0.6348958611488342 0.2560185194015503 0.0052083334885537624 0.017592592164874077
0 0.3479166626930237 0.24259258806705475 0.0052083334885537624 0.014814814552664757
0 0.967968761920929 0.13611111044883728 0.00572916679084301 0.014814814552664757
0 0.8098958134651184 0.32407405972480774 0.008333333767950535 0.018518518656492233
1 0.6486979126930237 0.4203703701496124 0.05781250074505806 0.06666667014360428
1 0.17291666567325592 0.5601851940155029 0.09583333134651184 0.10000000149011612
4 0.9739583134651184 0.2013888955116272 0.0520833320915699 0.09907407313585281
