1 0.5346354246139526 0.49351853132247925 0.06406249850988388 0.07777778059244156
1 0.866406261920929 0.16712963581085205 0.02864583395421505 0.017592592164874077
4 0.7963541746139526 0.18333333730697632 0.03541666641831398 0.09444444626569748
7 0.7802083492279053 0.09074074029922485 0.008333333767950535 0.009259259328246117
1 0.17343750596046448 0.3351851999759674 0.04583333432674408 0.04444444552063942
7 0.7846354246139526 0.23101851344108582 0.00989583320915699 0.023148147389292717
7 0.12604166567325592 0.3592592477798462 0.03333333507180214 0.040740739554166794
0 0.782031238079071 0.10740740597248077 0.0026041667442768812 0.007407407276332378
0 0.9476562738418579 0.1101851835846901 0.0036458333488553762 0.007407407276332378
0 0.6651041507720947 0.3231481611728668 0.0062500000931322575 0.029629629105329514
0 0.9419270753860474 0.10000000149011612 0.0036458333488553762 0.011111111380159855
0 0.3830729126930237 0.19861111044883728 0.004687500186264515 0.012037036940455437
0 0.5023437738418579 0.28101852536201477 0.0036458333488553762 0.01944444514811039
0 0.8231770992279053 0.22083333134651184 0.006770833395421505 0.021296296268701553
0 0.15156249701976776 0.3092592656612396 0.00937500037252903 0.018518518656492233
0 0.7734375 0.12037037312984467 0.0031250000465661287 0.012962962500751019
0 0.6841145753860474 0.3333333432674408 0.006770833395421505 0.018518518656492233
1 0.5346354246139526 0.49351853132247925 0.06406249850988388 0.07777778059244156
1 0.8666666746139526 0.16712963581085205 0.02812499925494194 0.017592592164874077
4 0.7963541746139526 0.18333333730697632 0.03541666641831398 0.09444444626569748
