1 0.5869791507720947 0.43796294927597046 0.05833333358168602 0.06851851940155029
1 0.9541666507720947 0.17499999701976776 0.03229166567325592 0.018518518656492233
1 0.05104166641831398 0.6861110925674438 0.10208333283662796 0.14444445073604584
4 0.871874988079071 0.1865740716457367 0.04583333432674408 0.09351851791143417
7 0.8729166388511658 0.0962962955236435 0.00937500037252903 0.009259259328246117
1 0.27942708134651184 0.28703704476356506 0.03593749925494194 0.03703703731298447
8 0.4622395932674408 0.9282407164573669 0.04010416567325592 0.10833333432674408
7 0.2421875 0.30324074625968933 0.02500000037252903 0.032407406717538834
0 0.8674479126930237 0.11249999701976776 0.0026041667442768812 0.008333333767950535
0 0.7177083492279053 0.30787035822868347 0.0072916666977107525 0.028703704476356506
0 0.7317708134651184 0.07268518209457397 0.0020833334419876337 0.008333333767950535
0 0.4596354067325592 0.18333333730697632 0.0036458333488553762 0.011111111380159855
0 0.5645833611488342 0.2606481611728668 0.004166666883975267 0.017592592164874077
0 0.8979166746139526 0.2240740805864334 0.0072916666977107525 0.02222222276031971
0 0.2580729126930237 0.26620370149612427 0.006770833395421505 0.015740741044282913
0 0.856249988079071 0.125 0.004166666883975267 0.012962962500751019
0 0.7367187738418579 0.3185185194015503 0.0078125 0.018518518656492233
1 0.5869791507720947 0.43796294927597046 0.05833333358168602 0.06851851940155029
1 0.9544270634651184 0.17499999701976776 0.03177083283662796 0.018518518656492233
1 0.05130208283662796 0.6856481432914734 0.10260416567325592 0.14351852238178253
4 0.871874988079071 0.1865740716457367 0.04583333432674408 0.09351851791143417
