1 0.5562499761581421 0.45879629254341125 0.06041666492819786 0.07129629701375961
1 0.8999999761581421 0.16898147761821747 0.02916666679084301 0.017592592164874077
1 0.00598958320915699 0.8055555820465088 0.01197916641831398 0.19074073433876038
4 0.8255208134651184 0.182407408952713 0.03958333283662796 0.09259258955717087
7 0.8182291388511658 0.09259258955717087 0.008333333767950535 0.009259259328246117
1 0.2252604216337204 0.3083333373069763 0.04010416567325592 0.040740739554166794
7 0.8109375238418579 0.2300925999879837 0.010416666977107525 0.023148147389292717
7 0.18359375 0.3282407522201538 0.02864583395421505 0.03611111268401146
0 0.81640625 0.10879629850387573 0.0026041667442768812 0.008333333767950535
0 0.6846354007720947 0.3115740716457367 0.006770833395421505 0.028703704476356506
0 0.9854166507720947 0.10370370000600815 0.004166666883975267 0.011111111380159855
0 0.4177083373069763 0.18981482088565826 0.004166666883975267 0.011111111380159855
0 0.5289062261581421 0.26851850748062134 0.0036458333488553762 0.018518518656492233
0 0.8513020873069763 0.21944443881511688 0.006770833395421505 0.02222222276031971
0 0.203125 0.2856481373310089 0.008333333767950535 0.017592592164874077
0 0.8065103888511658 0.12129629403352737 0.0036458333488553762 0.012962962500751019
0 0.703125 0.3222222328186035 0.0072916666977107525 0.018518518656492233
1 0.5562499761581421 0.45879629254341125 0.06041666492819786 0.07129629701375961
1 0.9002603888511658 0.16898147761821747 0.02968749962747097 0.017592592164874077
1 0.0062500000931322575 0.8050925731658936 0.012500000186264515 0.18981482088565826
4 0.8255208134651184 0.182407408952713 0.03958333283662796 0.09259258955717087
