1 0.5276041626930237 0.5027777552604675 0.06562499701976776 0.07962962985038757
1 0.85546875 0.1666666716337204 0.02760416641831398 0.01666666753590107
4 0.7867187261581421 0.18333333730697632 0.0338541679084301 0.09444444626569748
7 0.768750011920929 0.09074074029922485 0.008333333767950535 0.009259259328246117
1 0.15677084028720856 0.34351852536201477 0.04791666567325592 0.046296294778585434
7 0.7760416865348816 0.23101851344108582 0.00937500037252903 0.023148147389292717
7 0.10755208134651184 0.369907408952713 0.03489583358168602 0.0416666679084301
0 0.7713541388511658 0.10694444179534912 0.0020833334419876337 0.008333333767950535
0 0.9341145753860474 0.10925926268100739 0.0036458333488553762 0.007407407276332378
0 0.6580728888511658 0.32592591643333435 0.006770833395421505 0.029629629105329514
0 0.9283854365348816 0.09907407313585281 0.0036458333488553762 0.011111111380159855
0 0.37161457538604736 0.2013888955116272 0.004687500186264515 0.012037036940455437
0 0.4937500059604645 0.2847222089767456 0.004166666883975267 0.01944444514811039
0 0.8135416507720947 0.2203703671693802 0.0062500000931322575 0.02222222276031971
0 0.13463541865348816 0.3166666626930237 0.00989583320915699 0.018518518656492233
0 0.7630208134651184 0.11990740895271301 0.0031250000465661287 0.012037036940455437
0 0.6776041388511658 0.3361110985279083 0.0072916666977107525 0.020370369777083397
1 0.52734375 0.5027777552604675 0.0651041641831398 0.07962962985038757
1 0.8557291626930237 0.1666666716337204 0.02812499925494194 0.01666666753590107
4 0.7867187261581421 0.18333333730697632 0.0338541679084301 0.09444444626569748
