1 0.5739583373069763 0.44398146867752075 0.05937499925494194 0.0694444477558136
1 0.03489583358168602 0.7259259223937988 0.06979166716337204 0.15925925970077515
4 0.8510416746139526 0.18425926566123962 0.04270833358168602 0.09259258955717087
7 0.8492187261581421 0.09444444626569748 0.008854166604578495 0.009259259328246117
1 0.2578125 0.2944444417953491 0.03750000149011612 0.03703703731298447
8 0.4507812559604645 0.9550926089286804 0.04218750074505806 0.08981481194496155
7 0.21927084028720856 0.31203705072402954 0.02604166604578495 0.03333333507180214
0 0.8450520634651184 0.11064814776182175 0.0026041667442768812 0.008333333767950535
0 0.7028645873069763 0.30787035822868347 0.006770833395421505 0.028703704476356506
0 0.7119791507720947 0.07175926119089127 0.0020833334419876337 0.008333333767950535
0 0.44218748807907104 0.18518517911434174 0.004166666883975267 0.011111111380159855
0 0.5494791865348816 0.26342591643333435 0.004166666883975267 0.017592592164874077
0 0.8770833611488342 0.2212962955236435 0.0072916666977107525 0.02222222276031971
0 0.23645833134651184 0.27314814925193787 0.0072916666977107525 0.01666666753590107
0 0.8346354365348816 0.12314815074205399 0.0036458333488553762 0.012962962500751019
0 0.721875011920929 0.3185185194015503 0.0072916666977107525 0.018518518656492233
1 0.5739583373069763 0.44398146867752075 0.05937499925494194 0.0694444477558136
1 0.03515625 0.7259259223937988 0.0703125 0.15925925970077515
4 0.8510416746139526 0.18425926566123962 0.04270833358168602 0.09259258955717087
