1 0.5638020634651184 0.45092591643333435 0.0598958320915699 0.07037036865949631
1 0.01953125 0.7662037014961243 0.0390625 0.17499999701976776
4 0.8359375 0.18333333730697632 0.04062499850988388 0.09259258955717087
7 0.8309895992279053 0.09351851791143417 0.008854166604578495 0.009259259328246117
1 0.23984375596046448 0.3018518388271332 0.0390625 0.03888889029622078
8 0.4411458373069763 0.9740740656852722 0.04479166492819786 0.051851850003004074
7 0.19973959028720856 0.3203703761100769 0.02760416641831398 0.035185184329748154
0 0.8283854126930237 0.10972221940755844 0.0026041667442768812 0.008333333767950535
0 0.692187488079071 0.3097222149372101 0.0062500000931322575 0.028703704476356506
0 0.6971353888511658 0.07175926119089127 0.0015625000232830644 0.008333333767950535
0 0.4281249940395355 0.1875 0.004166666883975267 0.012037036940455437
0 0.5375000238418579 0.2657407522201538 0.004166666883975267 0.018518518656492233
0 0.8617187738418579 0.21990740299224854 0.006770833395421505 0.021296296268701553
0 0.21796874701976776 0.2796296179294586 0.0078125 0.01666666753590107
0 0.8179687261581421 0.12175925821065903 0.0036458333488553762 0.012037036940455437
0 0.7109375 0.31990739703178406 0.0072916666977107525 0.01944444514811039
1 0.5638020634651184 0.45092591643333435 0.0598958320915699 0.07037036865949631
1 0.01979166641831398 0.7662037014961243 0.03958333283662796 0.17499999701976776
4 0.8359375 0.18333333730697632 0.04062499850988388 0.09259258955717087
