1 0.5192708373069763 0.5129629373550415 0.06666667014360428 0.08148147910833359
1 0.8434895873069763 0.1657407432794571 0.02760416641831398 0.01666666753590107
4 0.7760416865348816 0.18333333730697632 0.03333333507180214 0.09444444626569748
7 0.7559896111488342 0.08981481194496155 0.0078125 0.009259259328246117
1 0.13854166865348816 0.35277777910232544 0.05000000074505806 0.04814814776182175
7 0.7661458253860474 0.23101851344108582 0.00937500037252903 0.023148147389292717
7 0.08697916567325592 0.38055557012557983 0.0364583320915699 0.04259259253740311
0 0.7593749761581421 0.10648148506879807 0.0020833334419876337 0.007407407276332378
0 0.9195312261581421 0.10787037014961243 0.0036458333488553762 0.006481481250375509
0 0.6505208611488342 0.32870370149612427 0.0062500000931322575 0.029629629105329514
0 0.9138020873069763 0.09814814478158951 0.0036458333488553762 0.011111111380159855
0 0.3596354126930237 0.20462962985038757 0.004687500186264515 0.012962962500751019
0 0.484375 0.28842592239379883 0.004166666883975267 0.01944444514811039
0 0.8031250238418579 0.2203703671693802 0.0062500000931322575 0.02222222276031971
0 0.11614583432674408 0.3254629671573639 0.010416666977107525 0.01944444514811039
0 0.7515624761581421 0.11944444477558136 0.0031250000465661287 0.012962962500751019
0 0.6700521111488342 0.3384259343147278 0.006770833395421505 0.01944444514811039
1 0.5192708373069763 0.5129629373550415 0.06666667014360428 0.08148147910833359
1 0.8434895873069763 0.1657407432794571 0.02760416641831398 0.01666666753590107
4 0.7760416865348816 0.18333333730697632 0.03333333507180214 0.09444444626569748
