1 0.4033854305744171 0.6259258985519409 0.08385416865348816 0.09259258955717087
1 0.6895833611488342 0.15416666865348816 0.02291666716337204 0.013888888992369175
1 0.784375011920929 0.2143518477678299 0.02916666679084301 0.021296296268701553
4 0.6364583373069763 0.17824074625968933 0.02291666716337204 0.09351851791143417
7 0.6005208492279053 0.08472222089767456 0.0062500000931322575 0.008333333767950535
7 0.6315104365348816 0.22592592239379883 0.006770833395421505 0.02222222276031971
1 0.9783853888511658 0.10138888657093048 0.02239583246409893 0.010185184888541698
0 0.610156238079071 0.10092592239379883 0.0015625000232830644 0.007407407276332378
0 0.742968738079071 0.09537036716938019 0.0026041667442768812 0.0055555556900799274
0 0.6479166746139526 0.09166666865348816 0.0020833334419876337 0.0055555556900799274
0 0.5372396111488342 0.35277777910232544 0.004687500186264515 0.031481482088565826
0 0.9489583373069763 0.25 0.010416666977107525 0.024074073880910873
0 0.7369791865348816 0.08657407760620117 0.0020833334419876337 0.010185184888541698
0 0.18645833432674408 0.24629630148410797 0.0072916666977107525 0.014814814552664757
0 0.3499999940395355 0.3324074149131775 0.0062500000931322575 0.02222222276031971
0 0.663281261920929 0.21388888359069824 0.0036458333488553762 0.020370369777083397
0 0.604687511920929 0.11435185372829437 0.0020833334419876337 0.012037036940455437
0 0.5583333373069763 0.3601851761341095 0.0062500000931322575 0.020370369777083397
1 0.4033854305744171 0.6259258985519409 0.08385416865348816 0.09259258955717087
1 0.6895833611488342 0.15416666865348816 0.02291666716337204 0.013888888992369175
1 0.784375011920929 0.2143518477678299 0.02916666679084301 0.021296296268701553
4 0.6364583373069763 0.17824074625968933 0.02291666716337204 0.09351851791143417
