1 0.44479167461395264 0.574999988079071 0.07604166865348816 0.08703703433275223
1 0.737500011920929 0.15648147463798523 0.02395833283662796 0.014814814552664757
1 0.8343750238418579 0.21898147463798523 0.03125 0.023148147389292717
4 0.680468738079071 0.17777778208255768 0.02447916753590107 0.09259258955717087
7 0.6502603888511658 0.08564814925193787 0.006770833395421505 0.008333333767950535
7 0.6747395992279053 0.22499999403953552 0.0078125 0.02222222276031971
0 0.6580728888511658 0.10185185074806213 0.0015625000232830644 0.007407407276332378
0 0.6976562738418579 0.09305555373430252 0.0026041667442768812 0.006481481250375509
0 0.5747395753860474 0.3402777910232544 0.00572916679084301 0.03055555559694767
0 0.7908853888511658 0.08935185521841049 0.0026041667442768812 0.010185184888541698
0 0.2510416805744171 0.2282407432794571 0.0062500000931322575 0.013888888992369175
0 0.39791667461395264 0.31296294927597046 0.0052083334885537624 0.020370369777083397
0 0.7075520753860474 0.2134259194135666 0.004687500186264515 0.021296296268701553
0 0.9750000238418579 0.2578703761100769 0.010416666977107525 0.02500000037252903
0 0.6518229246139526 0.11527777463197708 0.0026041667442768812 0.012037036940455437
0 0.9947916865348816 0.25833332538604736 0.010416666977107525 0.024074073880910873
0 0.5950520634651184 0.3490740656852722 0.006770833395421505 0.020370369777083397
1 0.44479167461395264 0.574999988079071 0.07604166865348816 0.08703703433275223
1 0.7377604246139526 0.15648147463798523 0.02447916753590107 0.014814814552664757
1 0.8343750238418579 0.21898147463798523 0.03125 0.023148147389292717
4 0.680468738079071 0.17777778208255768 0.02447916753590107 0.09259258955717087
