1 0.4273437559604645 0.5916666388511658 0.07864583283662796 0.08888889104127884
1 0.7153645753860474 0.15509259700775146 0.0234375 0.013888888992369175
1 0.8104166388511658 0.21574074029922485 0.03020833246409893 0.02222222276031971
4 0.66015625 0.17731481790542603 0.0234375 0.09351851791143417
7 0.6278645992279053 0.08472222089767456 0.006770833395421505 0.008333333767950535
7 0.6549479365348816 0.2240740805864334 0.006770833395421505 0.02222222276031971
0 0.6361979246139526 0.10092592239379883 0.0015625000232830644 0.007407407276332378
0 0.7716146111488342 0.09675925970077515 0.0026041667442768812 0.006481481250375509
0 0.675000011920929 0.09212963283061981 0.0020833334419876337 0.006481481250375509
0 0.5575520992279053 0.34351852536201477 0.004687500186264515 0.031481482088565826
0 0.9848958253860474 0.17638888955116272 0.0062500000931322575 0.012037036940455437
0 0.9809895753860474 0.25462964177131653 0.010937499813735485 0.024074073880910873
0 0.7658854126930237 0.08796296268701553 0.0026041667442768812 0.009259259328246117
0 0.22421875596046448 0.23472222685813904 0.006770833395421505 0.013888888992369175
0 0.9895833134651184 0.1736111044883728 0.0072916666977107525 0.017592592164874077
0 0.3773437440395355 0.3194444477558136 0.00572916679084301 0.020370369777083397
0 0.6869791746139526 0.21296297013759613 0.004166666883975267 0.020370369777083397
0 0.6302083134651184 0.11435185372829437 0.0020833334419876337 0.012037036940455437
0 0.9976562261581421 0.15046297013759613 0.004687500186264515 0.015740741044282913
0 0.9661458134651184 0.2527777850627899 0.010416666977107525 0.024074073880910873
0 0.578125 0.35185185074806213 0.0062500000931322575 0.020370369777083397
1 0.4273437559604645 0.5916666388511658 0.07864583283662796 0.08888889104127884
1 0.7153645753860474 0.15509259700775146 0.0234375 0.013888888992369175
1 0.8104166388511658 0.21574074029922485 0.03020833246409893 0.02222222276031971
4 0.66015625 0.17731481790542603 0.0234375 0.09351851791143417
