1 0.46406251192092896 0.5597222447395325 0.0729166641831398 0.08611111342906952
1 0.7638021111488342 0.15833333134651184 0.02447916753590107 0.014814814552664757
1 0.862500011920929 0.22268518805503845 0.03229166567325592 0.02500000037252903
4 0.7044270634651184 0.17916665971279144 0.02656250074505806 0.09351851791143417
7 0.6763020753860474 0.08657407760620117 0.006770833395421505 0.008333333767950535
1 0.02369791641831398 0.41342592239379883 0.04739583283662796 0.06018518656492233
7 0.6976562738418579 0.22638888657093048 0.0078125 0.023148147389292717
0 0.6830729246139526 0.10277777910232544 0.0015625000232830644 0.007407407276332378
0 0.7242187261581421 0.09444444626569748 0.0026041667442768812 0.0055555556900799274
0 0.594531238079071 0.3375000059604645 0.00572916679084301 0.03055555559694767
0 0.2799479067325592 0.22175925970077515 0.00572916679084301 0.013888888992369175
0 0.4203124940395355 0.3064814805984497 0.0052083334885537624 0.020370369777083397
0 0.7317708134651184 0.2152777761220932 0.0052083334885537624 0.021296296268701553
0 0.6768229007720947 0.11620370298624039 0.0026041667442768812 0.012037036940455437
0 0.6145833134651184 0.34675925970077515 0.0062500000931322575 0.01944444514811039
1 0.46406251192092896 0.5597222447395325 0.0729166641831398 0.08611111342906952
1 0.7640625238418579 0.15833333134651184 0.02500000037252903 0.014814814552664757
1 0.862500011920929 0.22268518805503845 0.03229166567325592 0.02500000037252903
4 0.7044270634651184 0.17916665971279144 0.02656250074505806 0.09351851791143417
