1 0.4820312559604645 0.5462962985038757 0.07135416567325592 0.08518518507480621
1 0.7888020873069763 0.1606481522321701 0.02552083320915699 0.015740741044282913
1 0.889843761920929 0.22638888657093048 0.0338541679084301 0.02500000037252903
4 0.7270833253860474 0.1805555522441864 0.02812499925494194 0.09444444626569748
1 0.05572916567325592 0.39351850748062134 0.06041666492819786 0.0555555559694767
7 0.7197916507720947 0.2282407432794571 0.008333333767950535 0.023148147389292717
7 0.00807291641831398 0.42916667461395264 0.01614583283662796 0.05092592537403107
0 0.7072916626930237 0.10370370000600815 0.0020833334419876337 0.007407407276332378
0 0.8552083373069763 0.10231481492519379 0.0031250000465661287 0.006481481250375509
0 0.7497395873069763 0.09583333134651184 0.0026041667442768812 0.006481481250375509
0 0.6127604246139526 0.33564814925193787 0.00572916679084301 0.03055555559694767
0 0.8494791388511658 0.09305555373430252 0.0031250000465661287 0.010185184888541698
0 0.3059895932674408 0.21574074029922485 0.00572916679084301 0.012962962500751019
0 0.44140625 0.30092594027519226 0.004687500186264515 0.020370369777083397
0 0.03151041641831398 0.36157408356666565 0.013020833022892475 0.021296296268701553
0 0.7002604007720947 0.11712963134050369 0.0026041667442768812 0.012037036940455437
0 0.6330729126930237 0.34490740299224854 0.006770833395421505 0.01944444514811039
1 0.4820312559604645 0.5462962985038757 0.07135416567325592 0.08518518507480621
1 0.7888020873069763 0.1606481522321701 0.02552083320915699 0.015740741044282913
1 0.889843761920929 0.22638888657093048 0.0338541679084301 0.02500000037252903
4 0.7270833253860474 0.1805555522441864 0.02812499925494194 0.09444444626569748
