1 0.5093749761581421 0.5236111283302307 0.0677083358168602 0.0824074074625969
1 0.8286458253860474 0.16435185074806213 0.02708333358168602 0.015740741044282913
1 0.9333333373069763 0.23333333432674408 0.0364583320915699 0.025925925001502037
4 0.7632812261581421 0.182407408952713 0.03177083283662796 0.09444444626569748
1 0.11692707985639572 0.3638888895511627 0.05260416492819786 0.05000000074505806
7 0.75390625 0.2300925999879837 0.008854166604578495 0.023148147389292717
7 0.06223958358168602 0.39351850748062134 0.0390625 0.04444444552063942
0 0.745312511920929 0.10601852089166641 0.0020833334419876337 0.008333333767950535
0 0.9018229246139526 0.10648148506879807 0.0036458333488553762 0.007407407276332378
0 0.7906249761581421 0.09814814478158951 0.0031250000465661287 0.0055555556900799274
0 0.640625 0.33101850748062134 0.0062500000931322575 0.03055555559694767
0 0.8960937261581421 0.09675925970077515 0.0036458333488553762 0.010185184888541698
0 0.3453125059604645 0.2074074000120163 0.0052083334885537624 0.012962962500751019
0 0.4729166626930237 0.29212963581085205 0.004166666883975267 0.01944444514811039
0 0.7903645634651184 0.21990740299224854 0.00572916679084301 0.021296296268701553
0 0.09401042014360428 0.33472222089767456 0.010937499813735485 0.01944444514811039
0 0.7377604246139526 0.11898148059844971 0.0026041667442768812 0.012037036940455437
0 0.6606770753860474 0.3412036895751953 0.006770833395421505 0.01944444514811039
1 0.5093749761581421 0.5236111283302307 0.0677083358168602 0.0824074074625969
1 0.8291666507720947 0.16435185074806213 0.02708333358168602 0.015740741044282913
1 0.9333333373069763 0.23333333432674408 0.0364583320915699 0.025925925001502037
4 0.7632812261581421 0.182407408952713 0.03177083283662796 0.09444444626569748
