1 0.2958333194255829 0.8018518686294556 0.11562500149011612 0.1111111119389534
1 0.5903645753860474 0.1546296328306198 0.02135416679084301 0.012962962500751019
1 0.6848958134651184 0.21111111342906952 0.02708333358168602 0.020370369777083397
1 0.5692708492279053 0.09398148208856583 0.01354166679084301 0.010185184888541698
4 0.542187511920929 0.18379630148410797 0.02083333395421505 0.0972222238779068
2 0.984375 0.08379629999399185 0.03125 0.026851851493120193
7 0.539843738079071 0.23472222685813904 0.00572916679084301 0.023148147389292717
0 0.5088541507720947 0.10185185074806213 0.0010416667209938169 0.007407407276332378
0 0.6348958611488342 0.09166666865348816 0.0020833334419876337 0.0055555556900799274
0 0.5442708134651184 0.09166666865348816 0.0020833334419876337 0.0055555556900799274
0 0.45234376192092896 0.39351850748062134 0.00572916679084301 0.035185184329748154
0 0.83203125 0.23564815521240234 0.0078125 0.023148147389292717
0 0.62890625 0.0833333358168602 0.0015625000232830644 0.009259259328246117
0 0.00807291641831398 0.30787035822868347 0.01197916641831398 0.017592592164874077
0 0.2291666716337204 0.3958333432674408 0.00937500037252903 0.02500000037252903
0 0.5703125 0.21990740299224854 0.0031250000465661287 0.021296296268701553
0 0.801562488079071 0.23657406866550446 0.0072916666977107525 0.023148147389292717
0 0.5044270753860474 0.11712963134050369 0.0015625000232830644 0.012037036940455437
0 0.8244791626930237 0.2351851910352707 0.0072916666977107525 0.02222222276031971
0 0.4763020873069763 0.3986110985279083 0.006770833395421505 0.023148147389292717
1 0.5692708492279053 0.09398148208856583 0.01354166679084301 0.010185184888541698
1 0.2958333194255829 0.8018518686294556 0.11562500149011612 0.1111111119389534
1 0.5903645753860474 0.1546296328306198 0.02135416679084301 0.012962962500751019
1 0.6848958134651184 0.21111111342906952 0.02708333358168602 0.020370369777083397
4 0.542187511920929 0.18379630148410797 0.02083333395421505 0.0972222238779068
