1 0.3203125 0.7652778029441833 0.10833333432674408 0.10833333432674408
1 0.6130208373069763 0.1546296328306198 0.02187499962747097 0.012962962500751019
1 0.707812488079071 0.21250000596046448 0.02708333358168602 0.021296296268701553
1 0.5927083492279053 0.09444444626569748 0.01354166679084301 0.011111111380159855
4 0.5643228888511658 0.18287037312984467 0.02135416679084301 0.0972222238779068
7 0.5609375238418579 0.23287037014961243 0.0062500000931322575 0.023148147389292717
0 0.532031238079071 0.10185185074806213 0.0015625000232830644 0.007407407276332378
0 0.659375011920929 0.09259258955717087 0.0020833334419876337 0.0055555556900799274
0 0.5677083134651184 0.09166666865348816 0.0020833334419876337 0.0055555556900799274
0 0.8669270873069763 0.1657407432794571 0.00572916679084301 0.01666666753590107
0 0.4723958373069763 0.3856481611728668 0.0052083334885537624 0.034259259700775146
0 0.8481770753860474 0.16111111640930176 0.004687500186264515 0.011111111380159855
0 0.98046875 0.0962962955236435 0.004687500186264515 0.011111111380159855
0 0.653124988079071 0.08425925672054291 0.0020833334419876337 0.009259259328246117
0 0.05156249925494194 0.29305556416511536 0.010416666977107525 0.017592592164874077
0 0.8518229126930237 0.1578703671693802 0.00572916679084301 0.015740741044282913
0 0.2575520873069763 0.3819444477558136 0.008854166604578495 0.02500000037252903
0 0.5916666388511658 0.21898147463798523 0.0031250000465661287 0.021296296268701553
0 0.827343761920929 0.23981481790542603 0.0078125 0.02222222276031971
0 0.52734375 0.11666666716337204 0.0015625000232830644 0.012962962500751019
0 0.85546875 0.13564814627170563 0.004687500186264515 0.013888888992369175
0 0.8502604365348816 0.23888888955116272 0.0078125 0.02222222276031971
0 0.4958333373069763 0.3921296298503876 0.0062500000931322575 0.023148147389292717
1 0.5927083492279053 0.09444444626569748 0.01354166679084301 0.011111111380159855
1 0.3203125 0.7652778029441833 0.10833333432674408 0.10833333432674408
1 0.6130208373069763 0.1546296328306198 0.02187499962747097 0.012962962500751019
1 0.707812488079071 0.21250000596046448 0.02708333358168602 0.021296296268701553
4 0.5643228888511658 0.18287037312984467 0.02135416679084301 0.0972222238779068
