1 0.3505208194255829 0.7106481194496155 0.0989583358168602 0.10277777910232544
1 0.6385416388511658 0.15416666865348816 0.02187499962747097 0.013888888992369175
1 0.7330729365348816 0.21250000596046448 0.02760416641831398 0.021296296268701553
4 0.5888020992279053 0.1805555522441864 0.02135416679084301 0.0962962955236435
8 0.80078125 0.10787037014961243 0.004687500186264515 0.012037036940455437
7 0.5458333492279053 0.08472222089767456 0.0062500000931322575 0.008333333767950535
7 0.5848958492279053 0.2300925999879837 0.0062500000931322575 0.023148147389292717
1 0.9013020992279053 0.09537036716938019 0.01927083358168602 0.009259259328246117
0 0.5583333373069763 0.10092592239379883 0.0010416667209938169 0.007407407276332378
0 0.6869791746139526 0.09305555373430252 0.0020833334419876337 0.006481481250375509
0 0.9348958134651184 0.09490741044282913 0.0031250000465661287 0.006481481250375509
0 0.5942708253860474 0.0912037044763565 0.0020833334419876337 0.006481481250375509
0 0.4945312440395355 0.3731481432914734 0.004687500186264515 0.03333333507180214
0 0.6807291507720947 0.08425925672054291 0.0020833334419876337 0.009259259328246117
0 0.1015625 0.2750000059604645 0.00937500037252903 0.01666666753590107
0 0.8846353888511658 0.16111111640930176 0.00572916679084301 0.01666666753590107
0 0.29088541865348816 0.3629629611968994 0.0078125 0.024074073880910873
0 0.6158854365348816 0.2171296328306198 0.0036458333488553762 0.021296296268701553
0 0.5533854365348816 0.11574073880910873 0.0015625000232830644 0.012962962500751019
0 0.8890625238418579 0.13842593133449554 0.0052083334885537624 0.013888888992369175
0 0.7015625238418579 0.0912037044763565 0.0020833334419876337 0.010185184888541698
0 0.5171874761581421 0.37962964177131653 0.0062500000931322575 0.02222222276031971
1 0.3505208194255829 0.7106481194496155 0.0989583358168602 0.10277777910232544
1 0.6385416388511658 0.15416666865348816 0.02187499962747097 0.013888888992369175
1 0.7330729365348816 0.21250000596046448 0.02760416641831398 0.021296296268701553
4 0.5888020992279053 0.1805555522441864 0.02135416679084301 0.0962962955236435
