1 0.33802083134651184 0.7356481552124023 0.10312499850988388 0.10648148506879807
1 0.6286458373069763 0.1546296328306198 0.02187499962747097 0.012962962500751019
1 0.7236979007720947 0.21250000596046448 0.02760416641831398 0.021296296268701553
1 0.6091145873069763 0.09444444626569748 0.01406249962747097 0.011111111380159855
4 0.5794270634651184 0.18194444477558136 0.02135416679084301 0.0972222238779068
7 0.5348958373069763 0.08472222089767456 0.0062500000931322575 0.008333333767950535
7 0.5760416388511658 0.23194444179534912 0.0062500000931322575 0.023148147389292717
1 0.8872395753860474 0.09444444626569748 0.01927083358168602 0.009259259328246117
0 0.5481770634651184 0.10185185074806213 0.0015625000232830644 0.007407407276332378
0 0.6760416626930237 0.09305555373430252 0.0020833334419876337 0.006481481250375509
0 0.5838541388511658 0.09166666865348816 0.0020833334419876337 0.0055555556900799274
0 0.48619791865348816 0.3791666626930237 0.004687500186264515 0.034259259700775146
0 0.8682291507720947 0.16296295821666718 0.0052083334885537624 0.011111111380159855
0 0.6700521111488342 0.08425925672054291 0.0015625000232830644 0.009259259328246117
0 0.08151041716337204 0.28240740299224854 0.00989583320915699 0.01666666753590107
0 0.8721354007720947 0.16018518805503845 0.00572916679084301 0.01666666753590107
0 0.2776041626930237 0.3712962865829468 0.008333333767950535 0.024074073880910873
0 0.6067708134651184 0.21805556118488312 0.0031250000465661287 0.021296296268701553
0 0.8453124761581421 0.2421296238899231 0.008333333767950535 0.023148147389292717
0 0.5434895753860474 0.11620370298624039 0.0015625000232830644 0.012037036940455437
0 0.8760416507720947 0.13750000298023224 0.0052083334885537624 0.013888888992369175
0 0.5091145634651184 0.3856481611728668 0.006770833395421505 0.023148147389292717
1 0.6091145873069763 0.09444444626569748 0.01406249962747097 0.011111111380159855
1 0.33802083134651184 0.7356481552124023 0.10312499850988388 0.10648148506879807
1 0.62890625 0.15416666865348816 0.02239583246409893 0.013888888992369175
1 0.7236979007720947 0.21250000596046448 0.02760416641831398 0.021296296268701553
4 0.5794270634651184 0.18194444477558136 0.02135416679084301 0.0972222238779068
