1 0.36250001192092896 0.6879629492759705 0.09479166567325592 0.10000000149011612
1 0.6486979126930237 0.15416666865348816 0.02239583246409893 0.013888888992369175
1 0.7427083253860474 0.21250000596046448 0.02812499925494194 0.021296296268701553
4 0.5981770753860474 0.18009258806705475 0.02135416679084301 0.09537036716938019
7 0.5567708611488342 0.08472222089767456 0.0062500000931322575 0.008333333767950535
7 0.5942708253860474 0.22870370745658875 0.0062500000931322575 0.02222222276031971
1 0.9158853888511658 0.0962962955236435 0.02031249925494194 0.009259259328246117
0 0.5687500238418579 0.10092592239379883 0.0010416667209938169 0.007407407276332378
0 0.6979166865348816 0.09351851791143417 0.0020833334419876337 0.0055555556900799274
0 0.9502604007720947 0.09583333134651184 0.0036458333488553762 0.006481481250375509
0 0.6052083373069763 0.0912037044763565 0.0020833334419876337 0.006481481250375509
0 0.5033854246139526 0.36759260296821594 0.004687500186264515 0.03333333507180214
0 0.8932291865348816 0.16527777910232544 0.0052083334885537624 0.012037036940455437
0 0.6916666626930237 0.08518518507480621 0.0020833334419876337 0.009259259328246117
0 0.12057291716337204 0.2680555582046509 0.008854166604578495 0.015740741044282913
0 0.8973958492279053 0.16249999403953552 0.0062500000931322575 0.015740741044282913
0 0.3036458194255829 0.3550925850868225 0.0072916666977107525 0.023148147389292717
0 0.6252604126930237 0.21574074029922485 0.0036458333488553762 0.020370369777083397
0 0.5638020634651184 0.11527777463197708 0.0015625000232830644 0.012037036940455437
0 0.9026041626930237 0.1398148089647293 0.0052083334885537624 0.014814814552664757
0 0.9611979126930237 0.09351851791143417 0.0036458333488553762 0.007407407276332378
0 0.7130208611488342 0.09166666865348816 0.0020833334419876337 0.009259259328246117
0 0.5255208611488342 0.37453705072402954 0.0062500000931322575 0.021296296268701553
1 0.36250001192092896 0.6879629492759705 0.09479166567325592 0.10000000149011612
1 0.6486979126930237 0.15416666865348816 0.02239583246409893 0.013888888992369175
1 0.7427083253860474 0.21250000596046448 0.02812499925494194 0.021296296268701553
4 0.5981770753860474 0.18009258806705475 0.02135416679084301 0.09537036716938019
