1 0.2708333432674408 0.8425925970077515 0.12395833432674408 0.11296296119689941
1 0.5682291388511658 0.1546296328306198 0.02187499962747097 0.012962962500751019
1 0.6627604365348816 0.2101851850748062 0.02656250074505806 0.020370369777083397
1 0.546875 0.09398148208856583 0.01354166679084301 0.010185184888541698
4 0.5205729007720947 0.18518517911434174 0.02135416679084301 0.09814814478158951
4 0.992968738079071 0.17129629850387573 0.01406249962747097 0.035185184329748154
2 0.9486979246139526 0.08101851493120193 0.03072916716337204 0.02500000037252903
7 0.518750011920929 0.23657406866550446 0.0062500000931322575 0.023148147389292717
0 0.922656238079071 0.09861110895872116 0.0036458333488553762 0.010185184888541698
0 0.48619791865348816 0.10277777910232544 0.0015625000232830644 0.007407407276332378
0 0.6117187738418579 0.0912037044763565 0.0015625000232830644 0.006481481250375509
0 0.9223958253860474 0.10185185074806213 0.004166666883975267 0.011111111380159855
0 0.5213541388511658 0.09166666865348816 0.0020833334419876337 0.0055555556900799274
0 0.8109375238418579 0.1597222238779068 0.0052083334885537624 0.015740741044282913
0 0.4325520694255829 0.40138888359069824 0.006770833395421505 0.03611111268401146
0 0.8062499761581421 0.23240740597248077 0.0072916666977107525 0.02222222276031971
0 0.60546875 0.08287037163972855 0.0015625000232830644 0.008333333767950535
0 0.796093761920929 0.15231481194496155 0.004687500186264515 0.015740741044282913
0 0.20000000298023224 0.41111111640930176 0.010416666977107525 0.025925925001502037
0 0.5492187738418579 0.22175925970077515 0.0026041667442768812 0.021296296268701553
0 0.4820312559604645 0.1180555522441864 0.0015625000232830644 0.012037036940455437
0 0.7984374761581421 0.130092591047287 0.004166666883975267 0.013888888992369175
0 0.7994791865348816 0.23240740597248077 0.0072916666977107525 0.02222222276031971
0 0.45703125 0.40648147463798523 0.006770833395421505 0.024074073880910873
1 0.546875 0.09398148208856583 0.01354166679084301 0.010185184888541698
1 0.2708333432674408 0.8425925970077515 0.12395833432674408 0.11296296119689941
1 0.5684896111488342 0.1546296328306198 0.02135416679084301 0.012962962500751019
1 0.6627604365348816 0.2101851850748062 0.02656250074505806 0.020370369777083397
4 0.5205729007720947 0.18518517911434174 0.02135416679084301 0.09814814478158951
4 0.992968738079071 0.17129629850387573 0.01406249962747097 0.035185184329748154
