1 0.234375 0.9203703999519348 0.13958333432674408 0.12037037312984467
1 0.5453125238418579 0.15601852536201477 0.02187499962747097 0.013888888992369175
1 0.6408854126930237 0.21157407760620117 0.02656250074505806 0.01944444514811039
4 0.4973958432674408 0.1884259283542633 0.02187499962747097 0.10092592239379883
4 0.9765625 0.1666666716337204 0.046875 0.035185184329748154
7 0.49661457538604736 0.24074074625968933 0.00572916679084301 0.024074073880910873
1 0.7768229246139526 0.08703703433275223 0.01614583283662796 0.009259259328246117
0 0.46171873807907104 0.10370370000600815 0.0015625000232830644 0.007407407276332378
0 0.5877603888511658 0.0912037044763565 0.0015625000232830644 0.006481481250375509
0 0.49661457538604736 0.09259258955717087 0.0015625000232830644 0.0055555556900799274
0 0.4104166626930237 0.4175925850868225 0.0072916666977107525 0.03703703731298447
0 0.7666666507720947 0.1537037044763565 0.004166666883975267 0.011111111380159855
0 0.8763020634651184 0.08796296268701553 0.0036458333488553762 0.009259259328246117
0 0.9833333492279053 0.11898148059844971 0.0052083334885537624 0.012037036940455437
0 0.8705729246139526 0.08796296268701553 0.0036458333488553762 0.009259259328246117
0 0.5815104246139526 0.0833333358168602 0.0015625000232830644 0.009259259328246117
0 0.7697916626930237 0.15046297013759613 0.004166666883975267 0.015740741044282913
0 0.16249999403953552 0.4365740716457367 0.01145833358168602 0.026851851493120193
0 0.52734375 0.22546295821666718 0.0026041667442768812 0.021296296268701553
0 0.45755207538604736 0.11990740895271301 0.0015625000232830644 0.012037036940455437
0 0.7710937261581421 0.12824073433876038 0.0036458333488553762 0.013888888992369175
0 0.8755208253860474 0.08842592686414719 0.0031250000465661287 0.006481481250375509
0 0.6002604365348816 0.08935185521841049 0.0015625000232830644 0.010185184888541698
0 0.4361979067325592 0.4217592477798462 0.0078125 0.02500000037252903
1 0.23411458730697632 0.9203703999519348 0.13906249403953552 0.12037037312984467
1 0.5453125238418579 0.15601852536201477 0.02187499962747097 0.013888888992369175
1 0.6408854126930237 0.21157407760620117 0.02656250074505806 0.01944444514811039
4 0.4973958432674408 0.1884259283542633 0.02187499962747097 0.10092592239379883
4 0.9765625 0.1666666716337204 0.046875 0.035185184329748154
