1 0.539843738079071 0.16435185074806213 0.02239583246409893 0.013888888992369175
1 0.6424478888511658 0.22592592239379883 0.02760416641831398 0.02222222276031971
4 0.4898437559604645 0.20185184478759766 0.0234375 0.1111111119389534
4 0.9825521111488342 0.17407406866550446 0.03489583358168602 0.03703703731298447
8 0.6901041865348816 0.1050925925374031 0.004166666883975267 0.012037036940455437
2 0.9169270992279053 0.08009259402751923 0.02968749962747097 0.02500000037252903
7 0.48880207538604736 0.2597222328186035 0.006770833395421505 0.026851851493120193
1 0.7755208611488342 0.08935185521841049 0.01666666753590107 0.008333333767950535
0 0.4528645873069763 0.10787037014961243 0.0015625000232830644 0.008333333767950535
0 0.5830729007720947 0.09398148208856583 0.0015625000232830644 0.006481481250375509
0 0.8372395634651184 0.19120369851589203 0.006770833395421505 0.01944444514811039
0 0.4880208373069763 0.09583333134651184 0.0020833334419876337 0.006481481250375509
0 0.8927083611488342 0.08842592686414719 0.0031250000465661287 0.010185184888541698
0 0.39531248807907104 0.47685185074806213 0.008333333767950535 0.04259259253740311
0 0.31979167461395264 0.07962962985038757 0.0020833334419876337 0.009259259328246117
0 0.8765624761581421 0.08981481194496155 0.0031250000465661287 0.009259259328246117
0 0.8807291388511658 0.09166666865348816 0.0031250000465661287 0.0055555556900799274
0 0.5765625238418579 0.08518518507480621 0.0010416667209938169 0.009259259328246117
0 0.3200520873069763 0.10185185074806213 0.0026041667442768812 0.011111111380159855
0 0.1080729141831398 0.5055555701255798 0.015104166232049465 0.031481482088565826
0 0.5218750238418579 0.24351851642131805 0.0031250000465661287 0.024074073880910873
0 0.7606770992279053 0.25046294927597046 0.006770833395421505 0.023148147389292717
0 0.4481770694255829 0.1259259283542633 0.0015625000232830644 0.012962962500751019
0 0.42500001192092896 0.48055556416511536 0.008333333767950535 0.02777777798473835
1 0.5401041507720947 0.16435185074806213 0.02291666716337204 0.013888888992369175
1 0.6424478888511658 0.22592592239379883 0.02760416641831398 0.02222222276031971
4 0.4898437559604645 0.20185184478759766 0.0234375 0.1111111119389534
4 0.9825521111488342 0.17407406866550446 0.03489583358168602 0.03703703731298447
