1 0.5390625 0.1615740805864334 0.02187499962747097 0.013888888992369175
1 0.6395833492279053 0.22175925970077515 0.02708333358168602 0.021296296268701553
1 0.5151041746139526 0.0972222238779068 0.01354166679084301 0.011111111380159855
4 0.4895833432674408 0.19814814627170563 0.02291666716337204 0.10740740597248077
4 0.9789062738418579 0.17129629850387573 0.04218750074505806 0.03703703731298447
8 0.6880208253860474 0.1041666641831398 0.004166666883975267 0.012037036940455437
7 0.852343738079071 0.0962962955236435 0.0078125 0.009259259328246117
7 0.8661458492279053 0.09953703731298447 0.008333333767950535 0.010185184888541698
7 0.48880207538604736 0.25462964177131653 0.006770833395421505 0.025925925001502037
1 0.7729166746139526 0.08842592686414719 0.01666666753590107 0.008333333767950535
0 0.8869791626930237 0.09768518805503845 0.004166666883975267 0.010185184888541698
0 0.4528645873069763 0.10648148506879807 0.0015625000232830644 0.007407407276332378
0 0.58203125 0.09351851791143417 0.0015625000232830644 0.0055555556900799274
0 0.8309895992279053 0.18796296417713165 0.006770833395421505 0.018518518656492233
0 0.8861979246139526 0.10092592239379883 0.0036458333488553762 0.011111111380159855
0 0.4880208373069763 0.09490741044282913 0.0020833334419876337 0.006481481250375509
0 0.8888021111488342 0.08796296268701553 0.0036458333488553762 0.009259259328246117
0 0.39765626192092896 0.4592592716217041 0.0078125 0.040740739554166794
0 0.7880208492279053 0.2430555522441864 0.0072916666977107525 0.023148147389292717
0 0.8729166388511658 0.08888889104127884 0.0031250000465661287 0.009259259328246117
0 0.8677083253860474 0.08888889104127884 0.0031250000465661287 0.009259259328246117
0 0.5752604007720947 0.08425925672054291 0.0015625000232830644 0.009259259328246117
0 0.3213541805744171 0.10092592239379883 0.0020833334419876337 0.011111111380159855
0 0.12161458283662796 0.4861111044883728 0.01406249962747097 0.029629629105329514
0 0.5210937261581421 0.23842592537403107 0.0026041667442768812 0.023148147389292717
0 0.44869792461395264 0.1240740716457367 0.0015625000232830644 0.012962962500751019
0 0.7828124761581421 0.2421296238899231 0.0072916666977107525 0.023148147389292717
0 0.5934895873069763 0.0912037044763565 0.0015625000232830644 0.010185184888541698
0 0.4260416626930237 0.46296295523643494 0.008333333767950535 0.02777777798473835
1 0.5151041746139526 0.0972222238779068 0.01354166679084301 0.011111111380159855
1 0.5393229126930237 0.1615740805864334 0.02239583246409893 0.013888888992369175
1 0.6395833492279053 0.22175925970077515 0.02708333358168602 0.021296296268701553
4 0.4895833432674408 0.19814814627170563 0.02291666716337204 0.10740740597248077
4 0.9789062738418579 0.17129629850387573 0.04218750074505806 0.03703703731298447
