1 0.5401041507720947 0.16712963581085205 0.02291666716337204 0.013888888992369175
1 0.6450520753860474 0.23101851344108582 0.02864583395421505 0.023148147389292717
1 0.5838541388511658 0.10370370000600815 0.0062500000931322575 0.009259259328246117
4 0.48906248807907104 0.20694445073604584 0.02395833283662796 0.11388888955116272
8 0.6916666626930237 0.10648148506879807 0.004166666883975267 0.011111111380159855
7 0.8591145873069763 0.09814814478158951 0.0078125 0.009259259328246117
2 0.9205729365348816 0.08101851493120193 0.02968749962747097 0.02500000037252903
7 0.48828125 0.26620370149612427 0.006770833395421505 0.026851851493120193
1 0.7770833373069763 0.0902777761220932 0.01666666753590107 0.008333333767950535
0 0.4518229067325592 0.10879629850387573 0.0015625000232830644 0.008333333767950535
0 0.5835937261581421 0.09490741044282913 0.0015625000232830644 0.006481481250375509
0 0.805468738079071 0.08888889104127884 0.0026041667442768812 0.0055555556900799274
0 0.4869791567325592 0.09675925970077515 0.0020833334419876337 0.006481481250375509
0 0.39140623807907104 0.49768519401550293 0.008854166604578495 0.043518517166376114
0 0.3177083432674408 0.08009259402751923 0.0020833334419876337 0.008333333767950535
0 0.8005208373069763 0.2541666626930237 0.0072916666977107525 0.02500000037252903
0 0.5768229365348816 0.08611111342906952 0.0015625000232830644 0.009259259328246117
0 0.8869791626930237 0.10694444179534912 0.004166666883975267 0.012037036940455437
0 0.3174479305744171 0.10324074327945709 0.0026041667442768812 0.010185184888541698
0 0.09036458283662796 0.5300925970077515 0.01614583283662796 0.032407406717538834
0 0.5218750238418579 0.24953703582286835 0.0031250000465661287 0.023148147389292717
0 0.8856770992279053 0.10601852089166641 0.0036458333488553762 0.006481481250375509
0 0.7653645873069763 0.25648146867752075 0.0078125 0.024074073880910873
0 0.44713541865348816 0.12731482088565826 0.0015625000232830644 0.013888888992369175
0 0.7752603888511658 0.13472221791744232 0.0036458333488553762 0.013888888992369175
0 0.8125 0.08564814925193787 0.0020833334419876337 0.006481481250375509
0 0.7955729365348816 0.2537037134170532 0.0078125 0.024074073880910873
0 0.421875 0.5018518567085266 0.00937500037252903 0.029629629105329514
1 0.5401041507720947 0.16712963581085205 0.02291666716337204 0.013888888992369175
1 0.6450520753860474 0.23101851344108582 0.02864583395421505 0.023148147389292717
1 0.5838541388511658 0.10370370000600815 0.0062500000931322575 0.009259259328246117
4 0.48906248807907104 0.20694445073604584 0.02395833283662796 0.11388888955116272
