1 0.5411458611488342 0.16851851344108582 0.02291666716337204 0.014814814552664757
1 0.6473958492279053 0.23379629850387573 0.02916666679084301 0.023148147389292717
1 0.585156261920929 0.10462962836027145 0.00572916679084301 0.009259259328246117
1 0.5161458253860474 0.10000000149011612 0.01354166679084301 0.011111111380159855
4 0.4895833432674408 0.20879629254341125 0.02395833283662796 0.11574073880910873
8 0.6932291388511658 0.10694444179534912 0.004166666883975267 0.012037036940455437
7 0.8622395992279053 0.09861110895872116 0.0078125 0.010185184888541698
2 0.9239583611488342 0.08148147910833359 0.03020833246409893 0.025925925001502037
7 0.8752604126930237 0.10231481492519379 0.008854166604578495 0.010185184888541698
7 0.48880207538604736 0.26944443583488464 0.006770833395421505 0.02777777798473835
1 0.7794271111488342 0.09074074029922485 0.01718750037252903 0.009259259328246117
8 0.8799479007720947 0.09953703731298447 0.006770833395421505 0.010185184888541698
0 0.8973958492279053 0.10046296566724777 0.004166666883975267 0.010185184888541698
0 0.45234376192092896 0.10972221940755844 0.0015625000232830644 0.008333333767950535
0 0.5848958492279053 0.09583333134651184 0.0020833334419876337 0.006481481250375509
0 0.8080729246139526 0.08935185521841049 0.0026041667442768812 0.006481481250375509
0 0.84765625 0.19675925374031067 0.006770833395421505 0.01944444514811039
0 0.8963541388511658 0.10370370000600815 0.004166666883975267 0.011111111380159855
0 0.48750001192092896 0.09768518805503845 0.0020833334419876337 0.006481481250375509
0 0.8986979126930237 0.08981481194496155 0.0036458333488553762 0.009259259328246117
0 0.39010417461395264 0.5092592835426331 0.00937500037252903 0.04444444552063942
0 0.3177083432674408 0.08055555820465088 0.0020833334419876337 0.009259259328246117
0 0.8049479126930237 0.2578703761100769 0.0078125 0.02500000037252903
0 0.8825520873069763 0.0912037044763565 0.0036458333488553762 0.010185184888541698
0 0.8856770992279053 0.09305555373430252 0.0026041667442768812 0.006481481250375509
0 0.7679687738418579 0.15509259700775146 0.004687500186264515 0.015740741044282913
0 0.8773437738418579 0.0912037044763565 0.0036458333488553762 0.010185184888541698
0 0.5778645873069763 0.08703703433275223 0.0015625000232830644 0.009259259328246117
0 0.8903645873069763 0.10740740597248077 0.0036458333488553762 0.011111111380159855
0 0.7783854007720947 0.1606481522321701 0.004687500186264515 0.015740741044282913
0 0.3174479305744171 0.10370370000600815 0.0026041667442768812 0.011111111380159855
0 0.08177082985639572 0.5425925850868225 0.01666666753590107 0.03333333507180214
0 0.5229166746139526 0.2527777850627899 0.0031250000465661287 0.024074073880910873
0 0.8882812261581421 0.10694444179534912 0.0036458333488553762 0.006481481250375509
0 0.7690104246139526 0.260185182094574 0.0078125 0.024074073880910873
0 0.4476562440395355 0.12824073433876038 0.0015625000232830644 0.013888888992369175
0 0.7778645753860474 0.13564814627170563 0.0036458333488553762 0.013888888992369175
0 0.8148437738418579 0.08657407760620117 0.0026041667442768812 0.006481481250375509
0 0.7997395992279053 0.2569444477558136 0.0078125 0.02500000037252903
0 0.8786458373069763 0.09166666865348816 0.0031250000465661287 0.0055555556900799274
0 0.5955728888511658 0.09305555373430252 0.0015625000232830644 0.010185184888541698
0 0.4216145873069763 0.5129629373550415 0.00989583320915699 0.029629629105329514
1 0.5161458253860474 0.10000000149011612 0.01354166679084301 0.011111111380159855
1 0.5411458611488342 0.16851851344108582 0.02291666716337204 0.014814814552664757
1 0.6473958492279053 0.23379629850387573 0.02916666679084301 0.023148147389292717
1 0.585156261920929 0.10462962836027145 0.00572916679084301 0.009259259328246117
4 0.4895833432674408 0.20879629254341125 0.02395833283662796 0.11574073880910873
