1 0.6486979126930237 0.1814814805984497 0.02656250074505806 0.01666666753590107
1 0.7697916626930237 0.26620370149612427 0.0364583320915699 0.026851851493120193
1 0.699999988079071 0.11342592537403107 0.0072916666977107525 0.010185184888541698
1 0.6244791746139526 0.1050925925374031 0.015625 0.012037036940455437
4 0.5908854007720947 0.2240740805864334 0.02656250074505806 0.12777778506278992
8 0.8268229365348816 0.12129629403352737 0.00572916679084301 0.012962962500751019
7 0.5861979126930237 0.2898148000240326 0.0078125 0.029629629105329514
1 0.9351562261581421 0.10648148506879807 0.02239583246409893 0.011111111380159855
0 0.5570312738418579 0.11249999701976776 0.0015625000232830644 0.008333333767950535
0 0.7005208134651184 0.10370370000600815 0.0020833334419876337 0.007407407276332378
0 0.9729166626930237 0.10601852089166641 0.004166666883975267 0.006481481250375509
0 0.5940104126930237 0.10138888657093048 0.0026041667442768812 0.006481481250375509
0 0.4674479067325592 0.5569444298744202 0.0078125 0.04722222313284874
0 0.4273437559604645 0.07824073731899261 0.0015625000232830644 0.008333333767950535
0 0.9739583134651184 0.31481480598449707 0.012500000186264515 0.029629629105329514
0 0.9221354126930237 0.18333333730697632 0.006770833395421505 0.018518518656492233
0 0.6932291388511658 0.09398148208856583 0.0020833334419876337 0.010185184888541698
0 0.1692708283662796 0.5361111164093018 0.014583333395421505 0.03333333507180214
0 0.6247395873069763 0.2768518626689911 0.004687500186264515 0.025925925001502037
0 0.9221354126930237 0.3125 0.01197916641831398 0.028703704476356506
0 0.5510416626930237 0.1328703761100769 0.0020833334419876337 0.013888888992369175
0 0.9809895753860474 0.10277777910232544 0.0036458333488553762 0.007407407276332378
0 0.9674479365348816 0.3125 0.013020833022892475 0.028703704476356506
0 0.7119791507720947 0.10185185074806213 0.0020833334419876337 0.011111111380159855
0 0.5018228888511658 0.5666666626930237 0.008854166604578495 0.03333333507180214
1 0.6244791746139526 0.1050925925374031 0.015625 0.012037036940455437
1 0.6489583253860474 0.1814814805984497 0.02604166604578495 0.01666666753590107
1 0.7697916626930237 0.26620370149612427 0.0364583320915699 0.026851851493120193
1 0.699999988079071 0.11342592537403107 0.0072916666977107525 0.010185184888541698
4 0.5908854007720947 0.2240740805864334 0.02656250074505806 0.12777778506278992
