1 0.699999988079071 0.1884259283542633 0.02812499925494194 0.017592592164874077
1 0.8296874761581421 0.2828703820705414 0.04062499850988388 0.03055555559694767
1 0.7559896111488342 0.11851851642131805 0.0078125 0.011111111380159855
1 0.67578125 0.10879629850387573 0.01614583283662796 0.012037036940455437
4 0.6377604007720947 0.23101851344108582 0.02968749962747097 0.13240741193294525
8 0.8950520753860474 0.12962962687015533 0.006770833395421505 0.014814814552664757
7 0.6317708492279053 0.2986111044883728 0.008333333767950535 0.03055555559694767
0 0.6052083373069763 0.11527777463197708 0.0020833334419876337 0.008333333767950535
0 0.7565104365348816 0.10833333432674408 0.0026041667442768812 0.007407407276332378
0 0.6434895992279053 0.1041666641831398 0.0026041667442768812 0.006481481250375509
0 0.50390625 0.5699074268341064 0.006770833395421505 0.04722222313284874
0 0.4752604067325592 0.07824073731899261 0.0015625000232830644 0.008333333767950535
0 0.749218761920929 0.09768518805503845 0.0026041667442768812 0.010185184888541698
0 0.00937500037252903 0.35092592239379883 0.01354166679084301 0.020370369777083397
0 0.21328124403953552 0.5236111283302307 0.013020833022892475 0.032407406717538834
0 0.672656238079071 0.28703704476356506 0.00572916679084301 0.02777777798473835
0 0.9971354007720947 0.34074074029922485 0.00572916679084301 0.031481482088565826
0 0.598437488079071 0.13564814627170563 0.0020833334419876337 0.013888888992369175
0 0.768750011920929 0.10648148506879807 0.0031250000465661287 0.011111111380159855
0 0.5385416746139526 0.5833333134651184 0.00937500037252903 0.03333333507180214
1 0.67578125 0.10879629850387573 0.01614583283662796 0.012037036940455437
1 0.699999988079071 0.1884259283542633 0.02812499925494194 0.017592592164874077
1 0.8296874761581421 0.2828703820705414 0.04062499850988388 0.03055555559694767
1 0.7559896111488342 0.11851851642131805 0.0078125 0.011111111380159855
4 0.6377604007720947 0.23101851344108582 0.02968749962747097 0.13240741193294525
