1 0.8510416746139526 0.21805556118488312 0.0364583320915699 0.023148147389292717
1 0.9981771111488342 0.3513889014720917 0.0036458333488553762 0.043518517166376114
1 0.9247395992279053 0.1398148089647293 0.010937499813735485 0.012962962500751019
4 0.7729166746139526 0.2629629671573639 0.0416666679084301 0.1537037044763565
7 0.7630208134651184 0.3393518626689911 0.012500000186264515 0.03611111268401146
0 0.73828125 0.1259259283542633 0.0026041667442768812 0.009259259328246117
0 0.9255208373069763 0.12731482088565826 0.004166666883975267 0.008333333767950535
0 0.7833333611488342 0.11666666716337204 0.0031250000465661287 0.007407407276332378
0 0.6015625 0.6402778029441833 0.010416666977107525 0.05092592537403107
0 0.15651041269302368 0.3162037134170532 0.00989583320915699 0.01944444514811039
0 0.5921875238418579 0.1050925925374031 0.0020833334419876337 0.012037036940455437
0 0.31197917461395264 0.5199074149131775 0.010416666977107525 0.032407406717538834
0 0.8140624761581421 0.3333333432674408 0.00937500037252903 0.031481482088565826
0 0.7299479246139526 0.14861111342906952 0.0036458333488553762 0.015740741044282913
0 0.9408854246139526 0.1259259283542633 0.004687500186264515 0.012962962500751019
0 0.6424478888511658 0.667129635810852 0.013020833022892475 0.03611111268401146
1 0.8510416746139526 0.21805556118488312 0.0364583320915699 0.023148147389292717
1 0.9981771111488342 0.3513889014720917 0.0036458333488553762 0.043518517166376114
1 0.9247395992279053 0.1398148089647293 0.010937499813735485 0.012962962500751019
4 0.7729166746139526 0.2629629671573639 0.0416666679084301 0.1537037044763565
