1 0.8333333134651184 0.21296297013759613 0.03541666641831398 0.02222222276031971
1 0.9856770634651184 0.3402777910232544 0.02864583395421505 0.0416666679084301
1 0.9052083492279053 0.13657407462596893 0.010416666977107525 0.012037036940455437
4 0.757031261920929 0.25740739703178406 0.04010416567325592 0.15000000596046448
7 0.7471354007720947 0.3314814865589142 0.01197916641831398 0.035185184329748154
0 0.7242187261581421 0.1240740716457367 0.0026041667442768812 0.009259259328246117
0 0.90625 0.125 0.004166666883975267 0.007407407276332378
0 0.7684895992279053 0.11481481790542603 0.0036458333488553762 0.007407407276332378
0 0.58984375 0.6217592358589172 0.00989583320915699 0.049074072390794754
0 0.585156261920929 0.07962962985038757 0.0015625000232830644 0.009259259328246117
0 0.1471354216337204 0.3157407343387604 0.00989583320915699 0.018518518656492233
0 0.5802083611488342 0.10462962836027145 0.0020833334419876337 0.011111111380159855
0 0.30520832538604736 0.512499988079071 0.010416666977107525 0.032407406717538834
0 0.796875 0.3245370388031006 0.008333333767950535 0.03055555559694767
0 0.715624988079071 0.14629629254341125 0.0031250000465661287 0.014814814552664757
0 0.921093761920929 0.12314815074205399 0.004687500186264515 0.012962962500751019
0 0.62890625 0.6467592716217041 0.01197916641831398 0.03611111268401146
1 0.8333333134651184 0.21296297013759613 0.03541666641831398 0.02222222276031971
1 0.9856770634651184 0.3402777910232544 0.02864583395421505 0.0416666679084301
1 0.9052083492279053 0.13657407462596893 0.010416666977107525 0.012037036940455437
4 0.757031261920929 0.25740739703178406 0.04010416567325592 0.15000000596046448
