1 0.8031250238418579 0.20648148655891418 0.03333333507180214 0.020370369777083397
1 0.9591146111488342 0.32407405972480774 0.05260416492819786 0.03888889029622078
1 0.8716145753860474 0.1319444477558136 0.00989583320915699 0.012037036940455437
4 0.7302083373069763 0.25 0.03750000149011612 0.14444445073604584
7 0.7216145992279053 0.32175925374031067 0.010937499813735485 0.034259259700775146
0 0.6986979246139526 0.12175925821065903 0.0026041667442768812 0.008333333767950535
0 0.8726562261581421 0.12037037312984467 0.0036458333488553762 0.007407407276332378
0 0.7416666746139526 0.1120370402932167 0.0031250000465661287 0.007407407276332378
0 0.5705729126930237 0.6032407283782959 0.008854166604578495 0.049074072390794754
0 0.5630208253860474 0.07916666567325592 0.0010416667209938169 0.008333333767950535
0 0.864062488079071 0.10833333432674408 0.004166666883975267 0.011111111380159855
0 0.12395833432674408 0.3194444477558136 0.010416666977107525 0.018518518656492233
0 0.5580729246139526 0.10277777910232544 0.0015625000232830644 0.011111111380159855
0 0.2888020873069763 0.5087962746620178 0.010937499813735485 0.032407406717538834
0 0.7684895992279053 0.31388887763023376 0.0078125 0.029629629105329514
0 0.690625011920929 0.14351852238178253 0.0031250000465661287 0.014814814552664757
0 0.88671875 0.11898148059844971 0.0036458333488553762 0.012037036940455437
0 0.608593761920929 0.6254629492759705 0.010937499813735485 0.034259259700775146
1 0.8033854365348816 0.20648148655891418 0.03281249850988388 0.020370369777083397
1 0.9591146111488342 0.32407405972480774 0.05260416492819786 0.03888889029622078
1 0.8716145753860474 0.1319444477558136 0.00989583320915699 0.012037036940455437
4 0.7302083373069763 0.25 0.03750000149011612 0.14444445073604584
