1 0.555468738079071 0.17129629850387573 0.0234375 0.014814814552664757
1 0.6645833253860474 0.24027778208255768 0.03020833246409893 0.023148147389292717
1 0.6005208492279053 0.10648148506879807 0.0062500000931322575 0.009259259328246117
1 0.530468761920929 0.10092592239379883 0.01406249962747097 0.011111111380159855
4 0.503125011920929 0.2134259194135666 0.02395833283662796 0.11944444477558136
8 0.7109375 0.10972221940755844 0.004166666883975267 0.012037036940455437
7 0.8861979246139526 0.10185185074806213 0.008854166604578495 0.009259259328246117
2 0.9513021111488342 0.08425925672054291 0.03177083283662796 0.025925925001502037
7 0.8994791507720947 0.1050925925374031 0.00937500037252903 0.010185184888541698
7 0.5013020634651184 0.27546295523643494 0.006770833395421505 0.028703704476356506
1 0.7994791865348816 0.09259258955717087 0.01770833320915699 0.009259259328246117
8 0.9044271111488342 0.10277777910232544 0.006770833395421505 0.011111111380159855
0 0.9229166507720947 0.10370370000600815 0.004166666883975267 0.011111111380159855
0 0.4658854305744171 0.11064814776182175 0.0015625000232830644 0.008333333767950535
0 0.6000000238418579 0.0972222238779068 0.0020833334419876337 0.0055555556900799274
0 0.8291666507720947 0.09166666865348816 0.0031250000465661287 0.0055555556900799274
0 0.8734375238418579 0.20462962985038757 0.0072916666977107525 0.020370369777083397
0 0.9213541746139526 0.10694444179534912 0.004166666883975267 0.012037036940455437
0 0.5015624761581421 0.09861110895872116 0.0020833334419876337 0.006481481250375509
0 0.9236978888511658 0.09305555373430252 0.0036458333488553762 0.010185184888541698
0 0.8205729126930237 0.17638888955116272 0.00572916679084301 0.017592592164874077
0 0.3984375 0.5291666388511658 0.00937500037252903 0.04537037014961243
0 0.3317708373069763 0.08055555820465088 0.0020833334419876337 0.009259259328246117
0 0.8291666507720947 0.26759257912635803 0.008333333767950535 0.025925925001502037
0 0.907031238079071 0.09398148208856583 0.0036458333488553762 0.010185184888541698
0 0.909375011920929 0.09583333134651184 0.0031250000465661287 0.006481481250375509
0 0.7888020873069763 0.16018518805503845 0.004687500186264515 0.01666666753590107
0 0.901562511920929 0.09398148208856583 0.004166666883975267 0.010185184888541698
0 0.5934895873069763 0.08796296268701553 0.0015625000232830644 0.009259259328246117
0 0.9156249761581421 0.1111111119389534 0.004166666883975267 0.011111111380159855
0 0.08307291567325592 0.5574073791503906 0.01718750037252903 0.03333333507180214
0 0.5364583134651184 0.25925925374031067 0.0031250000465661287 0.024074073880910873
0 0.9130208492279053 0.1101851835846901 0.004166666883975267 0.007407407276332378
0 0.7906249761581421 0.2699074149131775 0.008333333767950535 0.02500000037252903
0 0.4606770873069763 0.12962962687015533 0.0015625000232830644 0.012962962500751019
0 0.7984374761581421 0.13935184478759766 0.004166666883975267 0.013888888992369175
0 0.8359375 0.08842592686414719 0.0031250000465661287 0.006481481250375509
0 0.8239583373069763 0.2666666805744171 0.008333333767950535 0.025925925001502037
0 0.9020833373069763 0.09444444626569748 0.0031250000465661287 0.0055555556900799274
0 0.6106770634651184 0.09490741044282913 0.0015625000232830644 0.010185184888541698
0 0.4309895932674408 0.5333333611488342 0.00989583320915699 0.031481482088565826
1 0.530468761920929 0.10092592239379883 0.01406249962747097 0.011111111380159855
1 0.555468738079071 0.17129629850387573 0.0234375 0.014814814552664757
1 0.6645833253860474 0.24027778208255768 0.03020833246409893 0.023148147389292717
1 0.6005208492279053 0.10648148506879807 0.0062500000931322575 0.009259259328246117
4 0.503125011920929 0.2134259194135666 0.02395833283662796 0.11944444477558136
