4 0.9661458134651184 0.3296296298503876 0.0677083358168602 0.19814814627170563
7 0.9486979246139526 0.4236111044883728 0.02031249925494194 0.04537037014961243
0 0.9768229126930237 0.14212962985038757 0.00572916679084301 0.008333333767950535
0 0.7268229126930237 0.789814829826355 0.01822916604578495 0.06111111119389534
0 0.2825520932674408 0.3004629611968994 0.0078125 0.017592592164874077
0 0.7338541746139526 0.11620370298624039 0.0031250000465661287 0.012037036940455437
0 0.40625 0.5467592477798462 0.00937500037252903 0.034259259700775146
0 0.9046875238418579 0.17731481790542603 0.0062500000931322575 0.017592592164874077
0 0.7796875238418579 0.8425925970077515 0.01979166641831398 0.04814814776182175
4 0.9661458134651184 0.3296296298503876 0.0677083358168602 0.19814814627170563
