1 0.9080728888511658 0.23287037014961243 0.04114583507180214 0.02500000037252903
1 0.9893229007720947 0.14953704178333282 0.013020833022892475 0.013888888992369175
1 0.8760416507720947 0.130092591047287 0.02291666716337204 0.015740741044282913
4 0.8236979246139526 0.28009259700775146 0.04843749850988388 0.1657407432794571
7 0.811718761920929 0.3611111044883728 0.01406249962747097 0.03888889029622078
0 0.7846354246139526 0.1319444477558136 0.0026041667442768812 0.010185184888541698
0 0.9906250238418579 0.13657407462596893 0.0052083334885537624 0.008333333767950535
0 0.832812488079071 0.12268518656492233 0.004166666883975267 0.008333333767950535
0 0.6369791626930237 0.6847222447395325 0.012500000186264515 0.05462963134050369
0 0.19166666269302368 0.3125 0.00937500037252903 0.01944444514811039
0 0.856249988079071 0.12083332985639572 0.004166666883975267 0.012037036940455437
0 0.6302083134651184 0.10787037014961243 0.0020833334419876337 0.012037036940455437
0 0.3372395932674408 0.5314815044403076 0.010937499813735485 0.03333333507180214
0 0.8684895634651184 0.35740742087364197 0.010937499813735485 0.03333333507180214
0 0.7755208611488342 0.15601852536201477 0.004166666883975267 0.015740741044282913
0 0.6807291507720947 0.7180555462837219 0.014583333395421505 0.03981481492519379
1 0.8760416507720947 0.130092591047287 0.02291666716337204 0.015740741044282913
1 0.9085937738418579 0.23287037014961243 0.04114583507180214 0.02500000037252903
1 0.9893229007720947 0.14953704178333282 0.013020833022892475 0.013888888992369175
4 0.8236979246139526 0.28009259700775146 0.04843749850988388 0.1657407432794571
