1 0.9388020634651184 0.23194444179534912 0.0442708320915699 0.02500000037252903
8 0.7171875238418579 0.19768518209457397 0.01145833358168602 0.01944444514811039
7 0.48229166865348816 0.12962962687015533 0.0052083334885537624 0.012962962500751019
7 0.5921875238418579 0.19120369851589203 0.01354166679084301 0.017592592164874077
1 0.8098958134651184 0.19907407462596893 0.02708333358168602 0.018518518656492233
7 0.47838541865348816 0.15000000596046448 0.0036458333488553762 0.014814814552664757
0 0.8205729126930237 0.25 0.006770833395421505 0.01666666753590107
0 0.514843761920929 0.1319444477558136 0.0015625000232830644 0.013888888992369175
0 0.3388020694255829 0.7490741014480591 0.015104166232049465 0.05740740895271301
0 0.4609375 0.14351852238178253 0.0020833334419876337 0.014814814552664757
0 0.8447916507720947 0.2134259194135666 0.0072916666977107525 0.021296296268701553
0 0.5341145992279053 0.47592592239379883 0.00572916679084301 0.040740739554166794
0 0.28854167461395264 0.9319444298744202 0.02187499962747097 0.06574074178934097
0 0.522656261920929 0.2805555462837219 0.0036458333488553762 0.025925925001502037
0 0.8473958373069763 0.18101851642131805 0.0062500000931322575 0.017592592164874077
0 0.5960937738418579 0.20601852238178253 0.0036458333488553762 0.01944444514811039
0 0.5872395634651184 0.9236111044883728 0.01406249962747097 0.06574074178934097
1 0.9388020634651184 0.23194444179534912 0.0442708320915699 0.02500000037252903
