1 0.9200521111488342 0.2171296328306198 0.04114583507180214 0.023148147389292717
8 0.7059895992279053 0.1856481432914734 0.010937499813735485 0.017592592164874077
7 0.49270832538604736 0.12222222238779068 0.0062500000931322575 0.011111111380159855
7 0.594531238079071 0.1796296238899231 0.013020833022892475 0.01666666753590107
1 0.7919270992279053 0.1875 0.02552083320915699 0.017592592164874077
7 0.48776042461395264 0.14027777314186096 0.0036458333488553762 0.013888888992369175
0 0.807812511920929 0.23287037014961243 0.0062500000931322575 0.015740741044282913
0 0.5223958492279053 0.1259259283542633 0.0010416667209938169 0.012962962500751019
0 0.37708333134651184 0.5962963104248047 0.010416666977107525 0.04814814776182175
0 0.47083333134651184 0.13657407462596893 0.0020833334419876337 0.013888888992369175
0 0.9947916865348816 0.17037037014961243 0.0072916666977107525 0.01666666753590107
0 0.8343750238418579 0.20000000298023224 0.0062500000931322575 0.020370369777083397
0 0.5367187261581421 0.4166666567325592 0.004687500186264515 0.03703703731298447
0 0.3414062559604645 0.720370352268219 0.01406249962747097 0.0555555559694767
0 0.528124988079071 0.25462964177131653 0.0031250000465661287 0.024074073880910873
0 0.83984375 0.17175926268100739 0.00572916679084301 0.017592592164874077
0 0.5950520634651184 0.192592591047287 0.0036458333488553762 0.018518518656492233
0 0.57421875 0.7259259223937988 0.010937499813735485 0.0555555559694767
1 0.9200521111488342 0.2171296328306198 0.04114583507180214 0.023148147389292717
