1 0.9153645634651184 0.21851852536201477 0.04114583507180214 0.024074073880910873
8 0.702343761920929 0.18796296417713165 0.010937499813735485 0.018518518656492233
7 0.4841145873069763 0.12361110746860504 0.00572916679084301 0.012037036940455437
7 0.5882812738418579 0.18194444477558136 0.013020833022892475 0.015740741044282913
1 0.7888020873069763 0.1893518567085266 0.02552083320915699 0.017592592164874077
7 0.47968751192092896 0.14259259402751923 0.0031250000465661287 0.014814814552664757
0 0.8036458492279053 0.23564815521240234 0.0062500000931322575 0.015740741044282913
0 0.514843761920929 0.12777778506278992 0.0015625000232830644 0.012962962500751019
0 0.36406248807907104 0.6305555701255798 0.01145833358168602 0.05000000074505806
0 0.4625000059604645 0.13842593133449554 0.0020833334419876337 0.013888888992369175
0 0.98828125 0.17083333432674408 0.0078125 0.017592592164874077
0 0.8291666507720947 0.20185184478759766 0.0062500000931322575 0.020370369777083397
0 0.53125 0.43009260296821594 0.0052083334885537624 0.037962961941957474
0 0.3257812559604645 0.7671296000480652 0.01614583283662796 0.05833333358168602
0 0.5213541388511658 0.260185182094574 0.0031250000465661287 0.024074073880910873
0 0.8338541388511658 0.1726851910352707 0.0052083334885537624 0.017592592164874077
0 0.5895833373069763 0.19583334028720856 0.0031250000465661287 0.01944444514811039
0 0.5729166865348816 0.7662037014961243 0.01145833358168602 0.05833333358168602
1 0.9153645634651184 0.21851852536201477 0.04114583507180214 0.024074073880910873
