1 0.926562488079071 0.22499999403953552 0.04270833358168602 0.024074073880910873
8 0.7093750238418579 0.192592591047287 0.01145833358168602 0.018518518656492233
7 0.4833333194255829 0.1268518567085266 0.0052083334885537624 0.012962962500751019
7 0.5901041626930237 0.1865740716457367 0.01354166679084301 0.015740741044282913
1 0.7992187738418579 0.19398148357868195 0.02656250074505806 0.017592592164874077
7 0.4791666567325592 0.14629629254341125 0.0031250000465661287 0.014814814552664757
0 0.8114583492279053 0.24259258806705475 0.0062500000931322575 0.01666666753590107
0 0.514843761920929 0.130092591047287 0.0015625000232830644 0.013888888992369175
0 0.3528645932674408 0.6833333373069763 0.013020833022892475 0.05370370298624039
0 0.46145832538604736 0.14074073731899261 0.0020833334419876337 0.014814814552664757
0 0.836718738079071 0.2074074000120163 0.006770833395421505 0.020370369777083397
0 0.5325520634651184 0.45092591643333435 0.00572916679084301 0.03888889029622078
0 0.30937498807907104 0.8398148417472839 0.01875000074505806 0.06111111119389534
0 0.5218750238418579 0.2699074149131775 0.0031250000465661287 0.02500000037252903
0 0.8403645753860474 0.17731481790542603 0.00572916679084301 0.017592592164874077
0 0.5927083492279053 0.2004629671573639 0.0031250000465661287 0.01944444514811039
0 0.5791666507720947 0.8361111283302307 0.012500000186264515 0.06111111119389534
1 0.926562488079071 0.22499999403953552 0.04270833358168602 0.024074073880910873
