1 0.930468738079071 0.2273148149251938 0.04322916641831398 0.02500000037252903
8 0.7119791507720947 0.1944444477558136 0.01145833358168602 0.018518518656492233
7 0.4828124940395355 0.12777778506278992 0.0052083334885537624 0.012962962500751019
7 0.590624988079071 0.18796296417713165 0.01354166679084301 0.01666666753590107
1 0.8026041388511658 0.1953703761100769 0.02708333358168602 0.018518518656492233
7 0.4789062440395355 0.14722222089767456 0.0036458333488553762 0.014814814552664757
0 0.8145833611488342 0.244907408952713 0.0062500000931322575 0.015740741044282913
0 0.514843761920929 0.13055555522441864 0.0015625000232830644 0.012962962500751019
0 0.34843748807907104 0.7041666507720947 0.01354166679084301 0.05462963134050369
0 0.46145832538604736 0.14166666567325592 0.0020833334419876337 0.014814814552664757
0 0.8393229246139526 0.20972222089767456 0.006770833395421505 0.021296296268701553
0 0.5330728888511658 0.4592592716217041 0.00572916679084301 0.03888889029622078
0 0.30286458134651184 0.8685185313224792 0.01927083358168602 0.06296296417713165
0 0.5221354365348816 0.27314814925193787 0.0036458333488553762 0.025925925001502037
0 0.8424479365348816 0.17824074625968933 0.00572916679084301 0.017592592164874077
0 0.59375 0.2023148089647293 0.0031250000465661287 0.01944444514811039
0 0.5817708373069763 0.8634259104728699 0.01354166679084301 0.06203703582286835
1 0.930468738079071 0.2273148149251938 0.04322916641831398 0.02500000037252903
