1 0.9184895753860474 0.2203703671693802 0.04218750074505806 0.024074073880910873
8 0.703906238079071 0.1893518567085266 0.010937499813735485 0.017592592164874077
7 0.48359376192092896 0.12453703582286835 0.00572916679084301 0.012037036940455437
7 0.5882812738418579 0.18333333730697632 0.013020833022892475 0.01666666753590107
1 0.7916666865348816 0.19027778506278992 0.02604166604578495 0.017592592164874077
7 0.4789062440395355 0.14351852238178253 0.0036458333488553762 0.014814814552664757
0 0.8057291507720947 0.23749999701976776 0.0062500000931322575 0.015740741044282913
0 0.5143229365348816 0.12824073433876038 0.0015625000232830644 0.013888888992369175
0 0.36015623807907104 0.6472222208976746 0.01197916641831398 0.051851850003004074
0 0.4619791805744171 0.13935184478759766 0.0020833334419876337 0.013888888992369175
0 0.991406261920929 0.17222222685813904 0.0078125 0.01666666753590107
0 0.8309895992279053 0.20370370149612427 0.006770833395421505 0.020370369777083397
0 0.53125 0.4365740716457367 0.0052083334885537624 0.037962961941957474
0 0.3205729126930237 0.7893518805503845 0.01718750037252903 0.05833333358168602
0 0.5210937261581421 0.26342591643333435 0.0026041667442768812 0.02500000037252903
0 0.835156261920929 0.17407406866550446 0.00572916679084301 0.01666666753590107
0 0.5901041626930237 0.19675925374031067 0.0031250000465661287 0.01944444514811039
0 0.5744791626930237 0.7875000238418579 0.01145833358168602 0.05833333358168602
1 0.9184895753860474 0.2203703671693802 0.04218750074505806 0.024074073880910873
