1 0.922656238079071 0.22268518805503845 0.04218750074505806 0.023148147389292717
8 0.70703125 0.19120369851589203 0.010937499813735485 0.017592592164874077
7 0.48359376192092896 0.12546296417713165 0.00572916679084301 0.012037036940455437
7 0.5893229246139526 0.18518517911434174 0.013020833022892475 0.01666666753590107
1 0.7955729365348816 0.19212962687015533 0.02656250074505806 0.017592592164874077
7 0.4791666567325592 0.14537036418914795 0.0031250000465661287 0.014814814552664757
0 0.8088541626930237 0.24027778208255768 0.0062500000931322575 0.015740741044282913
0 0.514843761920929 0.12916666269302368 0.0015625000232830644 0.013888888992369175
0 0.3567708432674408 0.6643518805503845 0.012500000186264515 0.05277777835726738
0 0.4619791805744171 0.14027777314186096 0.0020833334419876337 0.013888888992369175
0 0.8341146111488342 0.20555555820465088 0.006770833395421505 0.020370369777083397
0 0.532031238079071 0.4435185194015503 0.00572916679084301 0.03888889029622078
0 0.3153645694255829 0.8134258985519409 0.01718750037252903 0.06018518656492233
0 0.5218750238418579 0.26620370149612427 0.0031250000465661287 0.02500000037252903
0 0.8377603888511658 0.17546296119689941 0.00572916679084301 0.017592592164874077
0 0.5914062261581421 0.19861111044883728 0.0036458333488553762 0.01944444514811039
0 0.5768229365348816 0.8106481432914734 0.01197916641831398 0.06018518656492233
1 0.922656238079071 0.22268518805503845 0.04218750074505806 0.023148147389292717
