1 0.9752604365348816 0.2518518567085266 0.0494791679084301 0.02777777798473835
8 0.7411458492279053 0.21250000596046448 0.012500000186264515 0.01944444514811039
7 0.48046875 0.1379629671573639 0.004687500186264515 0.012962962500751019
7 0.598437488079071 0.20509259402751923 0.014583333395421505 0.017592592164874077
1 0.8419271111488342 0.21388888359069824 0.02968749962747097 0.020370369777083397
7 0.47708332538604736 0.16111111640930176 0.004166666883975267 0.01666666753590107
0 0.5158854126930237 0.1388888955116272 0.0015625000232830644 0.014814814552664757
0 0.2861979305744171 0.9833333492279053 0.0234375 0.03333333507180214
0 0.45885416865348816 0.15138888359069824 0.0020833334419876337 0.015740741044282913
0 0.8682291507720947 0.23148147761821747 0.008333333767950535 0.02222222276031971
0 0.539843738079071 0.5546296238899231 0.006770833395421505 0.046296294778585434
0 0.5252603888511658 0.3125 0.0036458333488553762 0.028703704476356506
0 0.606249988079071 0.22175925970077515 0.004166666883975267 0.021296296268701553
1 0.9752604365348816 0.2518518567085266 0.0494791679084301 0.02777777798473835
