1 0.9700520634651184 0.2490740716457367 0.04843749850988388 0.02777777798473835
8 0.7377604246139526 0.21064814925193787 0.013020833022892475 0.01944444514811039
7 0.48046875 0.13657407462596893 0.004687500186264515 0.013888888992369175
7 0.5973958373069763 0.20324073731899261 0.014583333395421505 0.017592592164874077
1 0.8377603888511658 0.21157407760620117 0.02968749962747097 0.01944444514811039
7 0.47734373807907104 0.15925925970077515 0.0036458333488553762 0.01666666753590107
0 0.8434895873069763 0.2689814865589142 0.0078125 0.017592592164874077
0 0.5153645873069763 0.1379629671573639 0.0015625000232830644 0.014814814552664757
0 0.29479166865348816 0.9592592716217041 0.02187499962747097 0.06666667014360428
0 0.45911458134651184 0.15046297013759613 0.0015625000232830644 0.015740741044282913
0 0.8651041388511658 0.22870370745658875 0.008333333767950535 0.02222222276031971
0 0.5390625 0.543055534362793 0.0062500000931322575 0.04537037014961243
0 0.5247395634651184 0.3083333373069763 0.0036458333488553762 0.02777777798473835
0 0.8651041388511658 0.19166666269302368 0.0062500000931322575 0.018518518656492233
0 0.604687511920929 0.21990740299224854 0.004166666883975267 0.021296296268701553
1 0.9700520634651184 0.2490740716457367 0.04843749850988388 0.02777777798473835
