1 0.9606770873069763 0.2439814805984497 0.04739583283662796 0.026851851493120193
8 0.7317708134651184 0.20694445073604584 0.012500000186264515 0.01944444514811039
7 0.48098957538604736 0.13472221791744232 0.004687500186264515 0.013888888992369175
7 0.5958333611488342 0.19953703880310059 0.014583333395421505 0.017592592164874077
1 0.8294270634651184 0.20787036418914795 0.02864583395421505 0.01944444514811039
7 0.4778645932674408 0.15694443881511688 0.0036458333488553762 0.015740741044282913
0 0.8364583253860474 0.26342591643333435 0.0072916666977107525 0.017592592164874077
0 0.5153645873069763 0.13657407462596893 0.0015625000232830644 0.013888888992369175
0 0.3101562559604645 0.8884259462356567 0.01927083358168602 0.06388889253139496
0 0.4596354067325592 0.14814814925193787 0.0015625000232830644 0.014814814552664757
0 0.8591145873069763 0.2240740805864334 0.0078125 0.02222222276031971
0 0.5375000238418579 0.5217592716217041 0.0062500000931322575 0.043518517166376114
0 0.524218738079071 0.30000001192092896 0.0036458333488553762 0.02777777798473835
0 0.602343738079071 0.21574074029922485 0.0036458333488553762 0.020370369777083397
1 0.9606770873069763 0.2439814805984497 0.04739583283662796 0.026851851493120193
