1 0.9822916388511658 0.2606481611728668 0.03541666641831398 0.028703704476356506
8 0.7510416507720947 0.21851852536201477 0.01354166679084301 0.020370369777083397
7 0.4794270694255829 0.14120370149612427 0.004687500186264515 0.013888888992369175
7 0.600781261920929 0.2101851850748062 0.015104166232049465 0.018518518656492233
1 0.854687511920929 0.21944443881511688 0.03125 0.020370369777083397
7 0.4763020873069763 0.1657407432794571 0.0036458333488553762 0.01666666753590107
0 0.5158854126930237 0.14166666567325592 0.0015625000232830644 0.014814814552664757
0 0.45781248807907104 0.15416666865348816 0.0020833334419876337 0.015740741044282913
0 0.8778645992279053 0.23842592537403107 0.008854166604578495 0.023148147389292717
0 0.5424479246139526 0.5916666388511658 0.0078125 0.04814814776182175
0 0.5260416865348816 0.32685184478759766 0.004166666883975267 0.029629629105329514
0 0.8763020634651184 0.19861111044883728 0.006770833395421505 0.01944444514811039
0 0.6104166507720947 0.22870370745658875 0.004166666883975267 0.02222222276031971
1 0.9822916388511658 0.2606481611728668 0.03541666641831398 0.028703704476356506
