1 0.956250011920929 0.24166665971279144 0.046875 0.025925925001502037
8 0.7289062738418579 0.20509259402751923 0.01197916641831398 0.01944444514811039
7 0.48124998807907104 0.13333334028720856 0.0052083334885537624 0.012962962500751019
7 0.5950520634651184 0.19768518209457397 0.01406249962747097 0.017592592164874077
1 0.8252604007720947 0.20601852238178253 0.02864583395421505 0.01944444514811039
7 0.4778645932674408 0.15509259700775146 0.0036458333488553762 0.015740741044282913
0 0.8333333134651184 0.2606481611728668 0.0072916666977107525 0.017592592164874077
0 0.5153645873069763 0.13564814627170563 0.0015625000232830644 0.013888888992369175
0 0.31640625 0.8574073910713196 0.01822916604578495 0.06296296417713165
0 0.4598958194255829 0.14722222089767456 0.0020833334419876337 0.014814814552664757
0 0.8565104007720947 0.2222222238779068 0.0078125 0.02222222276031971
0 0.5369791388511658 0.5120370388031006 0.0062500000931322575 0.04259259253740311
0 0.5239583253860474 0.2958333194255829 0.0031250000465661287 0.026851851493120193
0 0.8572916388511658 0.18703703582286835 0.0062500000931322575 0.018518518656492233
0 0.6010416746139526 0.21388888359069824 0.004166666883975267 0.020370369777083397
1 0.956250011920929 0.24166665971279144 0.046875 0.025925925001502037
