1 0.9802083373069763 0.2578703761100769 0.03958333283662796 0.028703704476356506
8 0.7481771111488342 0.21666666865348816 0.013020833022892475 0.020370369777083397
7 0.4802083373069763 0.14027777314186096 0.004166666883975267 0.013888888992369175
7 0.6002604365348816 0.20879629254341125 0.015104166232049465 0.017592592164874077
1 0.8510416746139526 0.21759259700775146 0.03125 0.020370369777083397
7 0.47708332538604736 0.16388888657093048 0.004166666883975267 0.01666666753590107
0 0.5161458253860474 0.14074073731899261 0.0020833334419876337 0.014814814552664757
0 0.45885416865348816 0.15324074029922485 0.0020833334419876337 0.015740741044282913
0 0.8752604126930237 0.2361111044883728 0.008854166604578495 0.02222222276031971
0 0.5416666865348816 0.5791666507720947 0.0072916666977107525 0.04722222313284874
0 0.5260416865348816 0.3222222328186035 0.004166666883975267 0.029629629105329514
0 0.874218761920929 0.19675925374031067 0.006770833395421505 0.01944444514811039
0 0.609375 0.22638888657093048 0.004166666883975267 0.021296296268701553
1 0.9802083373069763 0.2578703761100769 0.03958333283662796 0.028703704476356506
