8 0.7815104126930237 0.23379629850387573 0.015104166232049465 0.021296296268701553
7 0.48828125 0.14814814925193787 0.004687500186264515 0.014814814552664757
7 0.616406261920929 0.22361111640930176 0.01614583283662796 0.01944444514811039
1 0.8981770873069763 0.2361111044883728 0.03489583358168602 0.02222222276031971
7 0.48489582538604736 0.17546296119689941 0.004166666883975267 0.017592592164874077
0 0.526562511920929 0.14814814925193787 0.0020833334419876337 0.014814814552664757
0 0.46666666865348816 0.16111111640930176 0.0020833334419876337 0.01666666753590107
0 0.9143229126930237 0.25925925374031067 0.00989583320915699 0.024074073880910873
0 0.5567708611488342 0.6824073791503906 0.00937500037252903 0.05370370298624039
0 0.5377604365348816 0.35972222685813904 0.004687500186264515 0.032407406717538834
0 0.629687488079071 0.2439814805984497 0.0052083334885537624 0.023148147389292717
