1 0.9919270873069763 0.27037036418914795 0.01614583283662796 0.029629629105329514
8 0.7638021111488342 0.22546295821666718 0.01406249962747097 0.021296296268701553
7 0.4815104305744171 0.1449074000120163 0.004687500186264515 0.013888888992369175
7 0.6057291626930237 0.21666666865348816 0.015625 0.018518518656492233
1 0.8723958134651184 0.2273148149251938 0.03229166567325592 0.021296296268701553
7 0.4781250059604645 0.17037037014961243 0.004166666883975267 0.01666666753590107
0 0.518750011920929 0.14537036418914795 0.0020833334419876337 0.014814814552664757
0 0.4598958194255829 0.1578703671693802 0.0020833334419876337 0.015740741044282913
0 0.8919270634651184 0.2481481432914734 0.008854166604578495 0.024074073880910873
0 0.5473958253860474 0.6337962746620178 0.008333333767950535 0.05092592537403107
0 0.5296875238418579 0.34259259700775146 0.004166666883975267 0.031481482088565826
0 0.6174479126930237 0.23564815521240234 0.004687500186264515 0.023148147389292717
1 0.9919270873069763 0.27037036418914795 0.01614583283662796 0.029629629105329514
