8 0.778124988079071 0.23148147761821747 0.014583333395421505 0.02222222276031971
7 0.4880208373069763 0.14722222089767456 0.004166666883975267 0.014814814552664757
7 0.6148437261581421 0.22175925970077515 0.01614583283662796 0.01944444514811039
1 0.8921874761581421 0.23333333432674408 0.03437500074505806 0.02222222276031971
7 0.48489582538604736 0.1736111044883728 0.004166666883975267 0.017592592164874077
0 0.5260416865348816 0.14722222089767456 0.0020833334419876337 0.014814814552664757
0 0.4661458432674408 0.1597222238779068 0.0020833334419876337 0.015740741044282913
0 0.9096354246139526 0.25648146867752075 0.00989583320915699 0.024074073880910873
0 0.5549479126930237 0.6652777791023254 0.008854166604578495 0.05277777835726738
0 0.5369791388511658 0.35370370745658875 0.004166666883975267 0.031481482088565826
0 0.6278645992279053 0.24120371043682098 0.004687500186264515 0.023148147389292717
