8 0.7908853888511658 0.24074074625968933 0.015104166232049465 0.02222222276031971
7 0.48776042461395264 0.1518518477678299 0.004687500186264515 0.014814814552664757
7 0.6192708611488342 0.23055554926395416 0.01666666753590107 0.020370369777083397
1 0.9140625 0.24351851642131805 0.0364583320915699 0.02222222276031971
7 0.484375 0.1805555522441864 0.004166666883975267 0.018518518656492233
0 0.5268229246139526 0.1509259194135666 0.0015625000232830644 0.014814814552664757
0 0.4658854305744171 0.1648148149251938 0.0026041667442768812 0.01666666753590107
0 0.926562488079071 0.2680555582046509 0.010416666977107525 0.02500000037252903
0 0.5611979365348816 0.7388888597488403 0.00989583320915699 0.05740740895271301
0 0.5393229126930237 0.3782407343387604 0.004687500186264515 0.034259259700775146
0 0.6348958611488342 0.2518518567085266 0.0052083334885537624 0.024074073880910873
