8 0.7953125238418579 0.24351851642131805 0.015625 0.02222222276031971
7 0.48828125 0.1537037044763565 0.004687500186264515 0.014814814552664757
7 0.62109375 0.23240740597248077 0.01718750037252903 0.020370369777083397
1 0.9205729365348816 0.24629630148410797 0.03697916492819786 0.024074073880910873
7 0.48489582538604736 0.182407408952713 0.004166666883975267 0.018518518656492233
0 0.5276041626930237 0.1518518477678299 0.0020833334419876337 0.014814814552664757
0 0.4661458432674408 0.1657407432794571 0.0031250000465661287 0.01666666753590107
0 0.9315103888511658 0.27129629254341125 0.010937499813735485 0.025925925001502037
0 0.5635416507720947 0.7592592835426331 0.010416666977107525 0.05740740895271301
0 0.5403645634651184 0.3847222328186035 0.004687500186264515 0.034259259700775146
0 0.9244791865348816 0.22083333134651184 0.008333333767950535 0.021296296268701553
0 0.637499988079071 0.25462964177131653 0.0052083334885537624 0.024074073880910873
