8 0.7989583611488342 0.24629630148410797 0.015625 0.02222222276031971
7 0.48828125 0.1546296328306198 0.004687500186264515 0.014814814552664757
7 0.6223958134651184 0.2351851910352707 0.01666666753590107 0.020370369777083397
1 0.926562488079071 0.24861110746860504 0.03750000149011612 0.023148147389292717
7 0.48489582538604736 0.18425926566123962 0.004166666883975267 0.018518518656492233
0 0.5278645753860474 0.1527777761220932 0.0015625000232830644 0.014814814552664757
0 0.4658854305744171 0.16712963581085205 0.0026041667442768812 0.017592592164874077
0 0.9361979365348816 0.27453702688217163 0.010937499813735485 0.02500000037252903
0 0.5653645992279053 0.7805555462837219 0.010937499813735485 0.05925925821065903
0 0.5414062738418579 0.3916666805744171 0.004687500186264515 0.035185184329748154
0 0.9281250238418579 0.22268518805503845 0.008333333767950535 0.021296296268701553
0 0.6395833492279053 0.25740739703178406 0.0052083334885537624 0.024074073880910873
