8 0.8096354007720947 0.2541666626930237 0.01614583283662796 0.023148147389292717
7 0.48750001192092896 0.1587962955236435 0.004166666883975267 0.015740741044282913
7 0.625781238079071 0.2421296238899231 0.01718750037252903 0.021296296268701553
1 0.9440104365348816 0.2569444477558136 0.0390625 0.02500000037252903
7 0.4841145873069763 0.19027778506278992 0.004687500186264515 0.01944444514811039
0 0.9388020634651184 0.33796295523643494 0.010937499813735485 0.02222222276031971
0 0.528124988079071 0.15601852536201477 0.0020833334419876337 0.015740741044282913
0 0.4651041626930237 0.17129629850387573 0.0031250000465661287 0.01666666753590107
0 0.9494791626930237 0.28425925970077515 0.01145833358168602 0.025925925001502037
0 0.5713541507720947 0.8532407283782959 0.012500000186264515 0.06203703582286835
0 0.5432291626930237 0.41342592239379883 0.0052083334885537624 0.03611111268401146
0 0.9390624761581421 0.22870370745658875 0.00937500037252903 0.02222222276031971
0 0.6450520753860474 0.26620370149612427 0.00572916679084301 0.02500000037252903
