8 0.8020833134651184 0.24861110746860504 0.015625 0.023148147389292717
7 0.4880208373069763 0.15648147463798523 0.004166666883975267 0.014814814552664757
7 0.6234375238418579 0.2370370328426361 0.01770833320915699 0.020370369777083397
1 0.9320312738418579 0.25138887763023376 0.03802083432674408 0.023148147389292717
7 0.4846354126930237 0.18611110746860504 0.004687500186264515 0.018518518656492233
0 0.5278645753860474 0.15416666865348816 0.0015625000232830644 0.015740741044282913
0 0.46562498807907104 0.16851851344108582 0.0020833334419876337 0.01666666753590107
0 0.9403645992279053 0.2777777910232544 0.010937499813735485 0.025925925001502037
0 0.567187488079071 0.8027777671813965 0.01145833358168602 0.05925925821065903
0 0.5419270992279053 0.39814814925193787 0.004687500186264515 0.035185184329748154
0 0.9315103888511658 0.22453702986240387 0.008854166604578495 0.021296296268701553
0 0.6411458253860474 0.260185182094574 0.0052083334885537624 0.024074073880910873
