8 0.8442708253860474 0.2787036895751953 0.01875000074505806 0.025925925001502037
7 0.4867187440395355 0.17129629850387573 0.004687500186264515 0.01666666753590107
7 0.63671875 0.2638888955116272 0.01927083358168602 0.02222222276031971
1 0.9877604246139526 0.28101852536201477 0.02447916753590107 0.026851851493120193
7 0.48255208134651184 0.20694445073604584 0.004687500186264515 0.021296296268701553
0 0.9080728888511658 0.3125 0.008854166604578495 0.01944444514811039
0 0.5296875238418579 0.1648148149251938 0.0020833334419876337 0.01666666753590107
0 0.46276041865348816 0.18333333730697632 0.0026041667442768812 0.018518518656492233
0 0.9916666746139526 0.3143518567085266 0.01354166679084301 0.028703704476356506
0 0.5505208373069763 0.48472222685813904 0.0062500000931322575 0.0416666679084301
0 0.9723958373069763 0.24768517911434174 0.010416666977107525 0.023148147389292717
0 0.6630208492279053 0.2925925850868225 0.0062500000931322575 0.02777777798473835
