8 0.8489583134651184 0.2819444537162781 0.01875000074505806 0.02500000037252903
7 0.48645833134651184 0.17314815521240234 0.004166666883975267 0.01666666753590107
7 0.6380208134651184 0.2671296298503876 0.01979166641831398 0.023148147389292717
1 0.9911458492279053 0.2847222089767456 0.01770833320915699 0.026851851493120193
7 0.48229166865348816 0.20972222089767456 0.0052083334885537624 0.021296296268701553
0 0.9127604365348816 0.3166666626930237 0.008854166604578495 0.018518518656492233
0 0.5299479365348816 0.1657407432794571 0.0015625000232830644 0.01666666753590107
0 0.4625000059604645 0.18472221493721008 0.0020833334419876337 0.017592592164874077
0 0.995312511920929 0.31898146867752075 0.00937500037252903 0.028703704476356506
0 0.551562488079071 0.4958333373069763 0.0062500000931322575 0.0416666679084301
0 0.9770833253860474 0.25 0.010416666977107525 0.024074073880910873
0 0.6656249761581421 0.29629629850387573 0.0062500000931322575 0.02777777798473835
