8 0.8393229246139526 0.27546295523643494 0.01822916604578495 0.02500000037252903
7 0.4867187440395355 0.16944444179534912 0.004687500186264515 0.01666666753590107
7 0.6351562738418579 0.2611111104488373 0.01927083358168602 0.02222222276031971
1 0.984375 0.27824074029922485 0.03125 0.026851851493120193
7 0.4828124940395355 0.20509259402751923 0.0052083334885537624 0.021296296268701553
0 0.9039062261581421 0.3083333373069763 0.008854166604578495 0.018518518656492233
0 0.5296875238418579 0.16388888657093048 0.0020833334419876337 0.01666666753590107
0 0.4632812440395355 0.1814814805984497 0.0026041667442768812 0.018518518656492233
0 0.9856770634651184 0.31018519401550293 0.013020833022892475 0.02777777798473835
0 0.5494791865348816 0.4740740656852722 0.0062500000931322575 0.040740739554166794
0 0.967968761920929 0.24537037312984467 0.00989583320915699 0.024074073880910873
0 0.6606770753860474 0.28842592239379883 0.00572916679084301 0.026851851493120193
