8 0.885937511920929 0.44212964177131653 0.03125 0.03981481492519379
7 0.11536458134651184 0.4462963044643402 0.01927083358168602 0.05000000074505806
7 0.5299479365348816 0.592129647731781 0.03697916492819786 0.06574074178934097
1 0.9710937738418579 0.3263888955116272 0.03802083432674408 0.03981481492519379
7 0.11276041716337204 0.542129635810852 0.02239583246409893 0.06574074178934097
0 0.8838541507720947 0.4967592656612396 0.01666666753590107 0.028703704476356506
0 0.20989583432674408 0.3134259283542633 0.008333333767950535 0.028703704476356506
0 0.04218750074505806 0.4592592716217041 0.01770833320915699 0.040740739554166794
0 0.9744791388511658 0.23333333432674408 0.00937500037252903 0.02222222276031971
0 0.9861978888511658 0.47083333134651184 0.01822916604578495 0.0416666679084301
0 0.8414062261581421 0.3143518567085266 0.010937499813735485 0.03055555559694767
0 0.6966145634651184 0.6657407283782959 0.01614583283662796 0.0555555559694767
