8 0.8182291388511658 0.46574074029922485 0.03020833246409893 0.040740739554166794
7 0.975781261920929 0.0972222238779068 0.00572916679084301 0.009259259328246117
7 0.4424479305744171 0.7805555462837219 0.04843749850988388 0.10185185074806213
2 0.98828125 0.09675925970077515 0.02135416679084301 0.03055555559694767
1 0.856249988079071 0.3092592656612396 0.02916666679084301 0.03888889029622078
0 0.9947916865348816 0.125 0.0052083334885537624 0.012962962500751019
0 0.8101562261581421 0.5375000238418579 0.015104166232049465 0.032407406717538834
0 0.9255208373069763 0.28935185074806213 0.010416666977107525 0.026851851493120193
0 0.8364583253860474 0.21759259700775146 0.0072916666977107525 0.02222222276031971
0 0.8979166746139526 0.4842592477798462 0.015625 0.04259259253740311
0 0.8598958253860474 0.19398148357868195 0.0062500000931322575 0.01944444514811039
0 0.7380208373069763 0.322685182094574 0.008333333767950535 0.03055555559694767
0 0.6651041507720947 0.8222222328186035 0.01770833320915699 0.06481481343507767
0 0.9440104365348816 0.14120370149612427 0.004687500186264515 0.010185184888541698
0 0.9361979365348816 0.1310185194015503 0.004687500186264515 0.008333333767950535
0 0.9072916507720947 0.2907407283782959 0.010416666977107525 0.02777777798473835
