8 0.864062488079071 0.4680555462837219 0.03229166567325592 0.0416666679084301
7 0.4854166805744171 0.7083333134651184 0.04270833358168602 0.08703703433275223
1 0.9203125238418579 0.3222222328186035 0.03333333507180214 0.040740739554166794
0 0.8559895753860474 0.5347222089767456 0.01614583283662796 0.032407406717538834
0 0.09869791567325592 0.369907408952713 0.013020833022892475 0.034259259700775146
0 0.9067708253860474 0.22777777910232544 0.008333333767950535 0.02222222276031971
0 0.9536458253860474 0.4930555522441864 0.01770833320915699 0.043518517166376114
0 0.9348958134651184 0.20416666567325592 0.0072916666977107525 0.01944444514811039
0 0.79296875 0.32499998807907104 0.00989583320915699 0.031481482088565826
0 0.6893228888511658 0.7754629850387573 0.01822916604578495 0.06203703582286835
0 0.9807291626930237 0.30509260296821594 0.012500000186264515 0.028703704476356506
