8 0.8815104365348816 0.4652777910232544 0.03281249850988388 0.0416666679084301
7 0.02395833283662796 0.522685170173645 0.02708333358168602 0.06018518656492233
7 0.5049479007720947 0.6703703999519348 0.04114583507180214 0.07962962985038757
1 0.9486979246139526 0.32777777314186096 0.03593749925494194 0.040740739554166794
7 0.014843749813735485 0.6416666507720947 0.02968749962747097 0.08148147910833359
0 0.8744791746139526 0.5287036895751953 0.01666666753590107 0.031481482088565826
0 0.14557291567325592 0.34768518805503845 0.010937499813735485 0.032407406717538834
0 0.9395833611488342 0.23194444179534912 0.008333333767950535 0.023148147389292717
0 0.9763020873069763 0.4930555522441864 0.01822916604578495 0.043518517166376114
0 0.9708333611488342 0.2092592567205429 0.008333333767950535 0.020370369777083397
0 0.8177083134651184 0.3245370388031006 0.010416666977107525 0.03055555559694767
0 0.6976562738418579 0.7449073791503906 0.01822916604578495 0.06018518656492233
