8 0.8763020634651184 0.4680555462837219 0.03281249850988388 0.0416666679084301
7 0.00572916679084301 0.5444444417953491 0.01145833358168602 0.06296296417713165
7 0.4971354305744171 0.6884258985519409 0.04218750074505806 0.0824074074625969
1 0.9385416507720947 0.32592591643333435 0.03541666641831398 0.040740739554166794
0 0.8687499761581421 0.5333333611488342 0.01666666753590107 0.031481482088565826
0 0.12604166567325592 0.35740742087364197 0.01145833358168602 0.03333333507180214
0 0.9270833134651184 0.23055554926395416 0.008333333767950535 0.02222222276031971
0 0.9567708373069763 0.2074074000120163 0.008333333767950535 0.020370369777083397
0 0.80859375 0.3254629671573639 0.00989583320915699 0.03055555559694767
0 0.6955729126930237 0.7611111402511597 0.01822916604578495 0.06111111119389534
0 0.9976562261581421 0.3087962865829468 0.004687500186264515 0.028703704476356506
