8 0.8776041865348816 0.4583333432674408 0.03229166567325592 0.040740739554166794
7 0.0390625 0.5074074268341064 0.02500000037252903 0.05740740895271301
7 0.5075520873069763 0.6523148417472839 0.04010416567325592 0.07685185223817825
1 0.9476562738418579 0.32592591643333435 0.03593749925494194 0.040740739554166794
7 0.03098958358168602 0.6217592358589172 0.03072916716337204 0.07870370149612427
0 0.8716145753860474 0.5189814567565918 0.01614583283662796 0.03055555559694767
0 0.1549479216337204 0.34166666865348816 0.010937499813735485 0.031481482088565826
0 0.9408854246139526 0.23101851344108582 0.008854166604578495 0.023148147389292717
0 0.9723958373069763 0.4851851761341095 0.01770833320915699 0.04259259253740311
0 0.9723958373069763 0.2083333283662796 0.008333333767950535 0.020370369777083397
0 0.8179687261581421 0.32083332538604736 0.00989583320915699 0.03055555559694767
0 0.6940104365348816 0.7250000238418579 0.01718750037252903 0.05925925821065903
