1 0.9164062738418579 0.29212963581085205 0.02656250074505806 0.028703704476356506
1 0.860156238079071 0.37361112236976624 0.03489583358168602 0.06203703582286835
8 0.7013021111488342 0.45509257912635803 0.02552083320915699 0.037962961941957474
7 0.874218761920929 0.12916666269302368 0.01197916641831398 0.012037036940455437
8 0.7822916507720947 0.07777778059244156 0.0020833334419876337 0.009259259328246117
7 0.7799479365348816 0.08287037163972855 0.0036458333488553762 0.008333333767950535
7 0.33385416865348816 0.9509259462356567 0.06458333134651184 0.09814814478158951
2 0.7895833253860474 0.08101851493120193 0.01354166679084301 0.026851851493120193
1 0.714062511920929 0.2847222089767456 0.02187499962747097 0.03611111268401146
1 0.8153645992279053 0.12268518656492233 0.02135416679084301 0.013888888992369175
0 0.8848958611488342 0.5689814686775208 0.014583333395421505 0.03611111268401146
0 0.6994791626930237 0.5375000238418579 0.01145833358168602 0.032407406717538834
0 0.793749988079071 0.09861110895872116 0.0031250000465661287 0.010185184888541698
0 0.7697916626930237 0.07592592388391495 0.0020833334419876337 0.009259259328246117
0 0.7927083373069763 0.10046296566724777 0.0031250000465661287 0.010185184888541698
0 0.76171875 0.08935185521841049 0.0026041667442768812 0.010185184888541698
0 0.6861979365348816 0.2013888955116272 0.004687500186264515 0.01944444514811039
0 0.7677083611488342 0.46203702688217163 0.01145833358168602 0.040740739554166794
0 0.7026041746139526 0.17638888955116272 0.004166666883975267 0.017592592164874077
0 0.6119791865348816 0.32083332538604736 0.0062500000931322575 0.03055555559694767
0 0.5994791388511658 0.9134259223937988 0.015625 0.0694444477558136
0 0.7622395753860474 0.12314815074205399 0.0026041667442768812 0.009259259328246117
0 0.7541666626930237 0.11481481790542603 0.0031250000465661287 0.007407407276332378
1 0.8598958253860474 0.37361112236976624 0.03437500074505806 0.06203703582286835
1 0.9164062738418579 0.29212963581085205 0.02656250074505806 0.028703704476356506
