1 0.8453124761581421 0.28240740299224854 0.02500000037252903 0.025925925001502037
1 0.8013020753860474 0.37037035822868347 0.0338541679084301 0.06111111119389534
8 0.6546875238418579 0.4731481373310089 0.02500000037252903 0.040740739554166794
8 0.70703125 0.07453703880310059 0.0015625000232830644 0.008333333767950535
8 0.8812500238418579 0.1259259283542633 0.00937500037252903 0.011111111380159855
7 0.7052083611488342 0.08009259402751923 0.0031250000465661287 0.008333333767950535
2 0.7145833373069763 0.0773148164153099 0.01145833358168602 0.02500000037252903
1 0.6572916507720947 0.28425925970077515 0.01979166641831398 0.035185184329748154
1 0.9377604126930237 0.13055555522441864 0.02031249925494194 0.012962962500751019
0 0.725781261920929 0.07083333283662796 0.0015625000232830644 0.008333333767950535
0 0.8382812738418579 0.5777778029441833 0.01406249962747097 0.035185184329748154
0 0.7263020873069763 0.1050925925374031 0.0026041667442768812 0.012037036940455437
0 0.7231770753860474 0.10185185074806213 0.0026041667442768812 0.011111111380159855
0 0.94921875 0.21990740299224854 0.008854166604578495 0.021296296268701553
0 0.6575520634651184 0.5694444179534912 0.010937499813735485 0.03333333507180214
0 0.7192708253860474 0.09444444626569748 0.0020833334419876337 0.011111111380159855
0 0.6958333253860474 0.07268518209457397 0.0020833334419876337 0.008333333767950535
0 0.7231770753860474 0.0833333358168602 0.0026041667442768812 0.009259259328246117
0 0.71875 0.09675925970077515 0.0020833334419876337 0.010185184888541698
0 0.725781261920929 0.10185185074806213 0.0026041667442768812 0.011111111380159855
0 0.6890624761581421 0.08611111342906952 0.0020833334419876337 0.009259259328246117
0 0.7049478888511658 0.2587963044643402 0.00572916679084301 0.02500000037252903
0 0.6247395873069763 0.2013888955116272 0.0036458333488553762 0.01944444514811039
0 0.7247396111488342 0.0833333358168602 0.0026041667442768812 0.009259259328246117
0 0.7208333611488342 0.47592592239379883 0.010416666977107525 0.040740739554166794
0 0.6390625238418579 0.17546296119689941 0.0031250000465661287 0.017592592164874077
0 0.5567708611488342 0.3351851999759674 0.0052083334885537624 0.031481482088565826
0 0.7255208492279053 0.0754629597067833 0.0020833334419876337 0.008333333767950535
0 0.6924479007720947 0.11944444477558136 0.0026041667442768812 0.009259259328246117
0 0.68359375 0.11157407611608505 0.0026041667442768812 0.006481481250375509
0 0.69140625 0.2666666805744171 0.00572916679084301 0.025925925001502037
1 0.8013020753860474 0.37037035822868347 0.0338541679084301 0.06111111119389534
1 0.8453124761581421 0.28240740299224854 0.02500000037252903 0.025925925001502037
