1 0.8893229365348816 0.28703704476356506 0.02552083320915699 0.02777777798473835
1 0.8372395634651184 0.369907408952713 0.0338541679084301 0.06018518656492233
8 0.6838541626930237 0.4574074149131775 0.02500000037252903 0.03888889029622078
7 0.8450520634651184 0.12638889253139496 0.010937499813735485 0.012037036940455437
8 0.7552083134651184 0.0763888880610466 0.0020833334419876337 0.008333333767950535
8 0.94140625 0.1319444477558136 0.00989583320915699 0.012037036940455437
7 0.753125011920929 0.08101851493120193 0.0031250000465661287 0.008333333767950535
7 0.3125 0.9750000238418579 0.06875000149011612 0.05000000074505806
2 0.762499988079071 0.07962962985038757 0.012500000186264515 0.025925925001502037
1 0.6932291388511658 0.28333333134651184 0.02083333395421505 0.035185184329748154
1 0.7885416746139526 0.12037037312984467 0.02083333395421505 0.012962962500751019
0 0.7749999761581421 0.07268518209457397 0.0020833334419876337 0.008333333767950535
0 0.8656250238418579 0.5666666626930237 0.014583333395421505 0.035185184329748154
0 0.6833333373069763 0.543055534362793 0.01145833358168602 0.032407406717538834
0 0.7669270634651184 0.09675925970077515 0.0026041667442768812 0.010185184888541698
0 0.7432291507720947 0.07453703880310059 0.0020833334419876337 0.008333333767950535
0 0.7658854126930237 0.09861110895872116 0.0026041667442768812 0.010185184888541698
0 0.828125 0.19675925374031067 0.0052083334885537624 0.01944444514811039
0 0.7354166507720947 0.08796296268701553 0.0020833334419876337 0.009259259328246117
0 0.6640625 0.2004629671573639 0.004166666883975267 0.01944444514811039
0 0.9877604246139526 0.14259259402751923 0.00572916679084301 0.014814814552664757
0 0.7494791746139526 0.46203702688217163 0.010416666977107525 0.040740739554166794
0 0.6796875 0.17546296119689941 0.004166666883975267 0.017592592164874077
0 0.5924479365348816 0.3236111104488373 0.00572916679084301 0.03055555559694767
0 0.5901041626930237 0.9398148059844971 0.015625 0.07037036865949631
0 0.7369791865348816 0.12129629403352737 0.0031250000465661287 0.009259259328246117
0 0.7289062738418579 0.11296296119689941 0.0026041667442768812 0.007407407276332378
1 0.8372395634651184 0.369907408952713 0.0338541679084301 0.06018518656492233
1 0.8893229365348816 0.28703704476356506 0.02552083320915699 0.02777777798473835
