1 0.9916666746139526 0.41435185074806213 0.01666666753590107 0.0694444477558136
8 0.8044270873069763 0.46574074029922485 0.02968749962747097 0.040740739554166794
7 0.9463541507720947 0.09490741044282913 0.0052083334885537624 0.010185184888541698
7 0.4283854067325592 0.8078703880310059 0.05052083358168602 0.10833333432674408
2 0.9583333134651184 0.09351851791143417 0.01979166641831398 0.029629629105329514
1 0.8372395634651184 0.3055555522441864 0.02760416641831398 0.03888889029622078
1 0.9848958253860474 0.14166666567325592 0.02812499925494194 0.01666666753590107
0 0.7963541746139526 0.5402777791023254 0.014583333395421505 0.032407406717538834
0 0.9614583253860474 0.11342592537403107 0.004166666883975267 0.012037036940455437
0 0.960156261920929 0.11574073880910873 0.004687500186264515 0.012962962500751019
0 0.9744791388511658 0.10787037014961243 0.004166666883975267 0.012037036940455437
0 0.9216145873069763 0.10092592239379883 0.0036458333488553762 0.011111111380159855
0 0.9033854007720947 0.28518518805503845 0.00989583320915699 0.02777777798473835
0 0.8153645992279053 0.2152777761220932 0.006770833395421505 0.021296296268701553
0 0.9721354246139526 0.10138888657093048 0.004687500186264515 0.010185184888541698
0 0.8809896111488342 0.48240742087364197 0.015104166232049465 0.04259259253740311
0 0.8374999761581421 0.19074073433876038 0.0062500000931322575 0.018518518656492233
0 0.7213541865348816 0.322685182094574 0.008333333767950535 0.03055555559694767
0 0.6578124761581421 0.8402777910232544 0.01770833320915699 0.06574074178934097
0 0.909375011920929 0.12824073433876038 0.004166666883975267 0.008333333767950535
0 0.8856770992279053 0.2874999940395355 0.00989583320915699 0.026851851493120193
1 0.9916666746139526 0.41435185074806213 0.01666666753590107 0.0694444477558136
