1 0.8372395634651184 0.2828703820705414 0.02447916753590107 0.026851851493120193
1 0.7953125238418579 0.3731481432914734 0.03437500074505806 0.06111111119389534
8 0.649218738079071 0.48055556416511536 0.02447916753590107 0.04259259253740311
8 0.6971353888511658 0.07453703880310059 0.0015625000232830644 0.008333333767950535
7 0.6953125 0.07916666567325592 0.0031250000465661287 0.008333333767950535
2 0.7046874761581421 0.0773148164153099 0.01145833358168602 0.02500000037252903
1 0.6499999761581421 0.28518518805503845 0.01979166641831398 0.035185184329748154
7 0.8018229007720947 0.12268518656492233 0.010937499813735485 0.012037036940455437
1 0.9247395992279053 0.12962962687015533 0.02031249925494194 0.012962962500751019
0 0.7153645753860474 0.07037036865949631 0.0015625000232830644 0.007407407276332378
0 0.835156261920929 0.5847222208976746 0.01406249962747097 0.03611111268401146
0 0.7164062261581421 0.10462962836027145 0.0026041667442768812 0.011111111380159855
0 0.7132812738418579 0.10185185074806213 0.0026041667442768812 0.011111111380159855
0 0.9390624761581421 0.21898147463798523 0.008333333767950535 0.021296296268701553
0 0.653124988079071 0.5810185074806213 0.01145833358168602 0.034259259700775146
0 0.7093750238418579 0.09398148208856583 0.0020833334419876337 0.010185184888541698
0 0.6856771111488342 0.07268518209457397 0.0015625000232830644 0.008333333767950535
0 0.7130208611488342 0.0833333358168602 0.0020833334419876337 0.009259259328246117
0 0.7088541388511658 0.0962962955236435 0.0020833334419876337 0.011111111380159855
0 0.7171875238418579 0.08935185521841049 0.0020833334419876337 0.010185184888541698
0 0.7158854007720947 0.10185185074806213 0.0026041667442768812 0.011111111380159855
0 0.6791666746139526 0.08611111342906952 0.0020833334419876337 0.009259259328246117
0 0.6971353888511658 0.2597222328186035 0.00572916679084301 0.02500000037252903
0 0.616406261920929 0.2023148089647293 0.0036458333488553762 0.01944444514811039
0 0.7145833373069763 0.0833333358168602 0.0020833334419876337 0.009259259328246117
0 0.9153645634651184 0.13518518209457397 0.004687500186264515 0.014814814552664757
0 0.7158854007720947 0.4828703701496124 0.00989583320915699 0.0416666679084301
0 0.6304687261581421 0.17546296119689941 0.0036458333488553762 0.017592592164874077
0 0.5492187738418579 0.33981481194496155 0.004687500186264515 0.031481482088565826
0 0.7153645753860474 0.0754629597067833 0.0015625000232830644 0.008333333767950535
0 0.6830729246139526 0.11944444477558136 0.0026041667442768812 0.009259259328246117
0 0.6742187738418579 0.1111111119389534 0.0026041667442768812 0.007407407276332378
0 0.6838541626930237 0.2680555582046509 0.0052083334885537624 0.02500000037252903
1 0.7953125238418579 0.3731481432914734 0.03437500074505806 0.06111111119389534
1 0.8372395634651184 0.2828703820705414 0.02447916753590107 0.026851851493120193
