1 0.828906238079071 0.2935185134410858 0.02552083320915699 0.02777777798473835
1 0.7932291626930237 0.39629629254341125 0.03854166716337204 0.06666667014360428
8 0.6450520753860474 0.5273148417472839 0.02656250074505806 0.04722222313284874
8 0.6752604246139526 0.0754629597067833 0.0015625000232830644 0.008333333767950535
7 0.6736978888511658 0.08009259402751923 0.0026041667442768812 0.008333333767950535
2 0.6830729246139526 0.07685185223817825 0.010937499813735485 0.02777777798473835
1 0.6380208134651184 0.2958333194255829 0.01979166641831398 0.037962961941957474
1 0.71484375 0.11898148059844971 0.01927083358168602 0.012037036940455437
0 0.6934896111488342 0.07083333283662796 0.0015625000232830644 0.008333333767950535
0 0.8486979007720947 0.6449074149131775 0.01614583283662796 0.03981481492519379
0 0.6966145634651184 0.10648148506879807 0.0026041667442768812 0.011111111380159855
0 0.6877604126930237 0.22361111640930176 0.004687500186264515 0.013888888992369175
0 0.6929687261581421 0.10277777910232544 0.0026041667442768812 0.011111111380159855
0 0.7104166746139526 0.07962962985038757 0.0020833334419876337 0.009259259328246117
0 0.8033854365348816 0.1259259283542633 0.0036458333488553762 0.012962962500751019
0 0.653124988079071 0.6569444537162781 0.012500000186264515 0.037962961941957474
0 0.6885416507720947 0.09490741044282913 0.0020833334419876337 0.010185184888541698
0 0.6638020873069763 0.07361111044883728 0.0015625000232830644 0.008333333767950535
0 0.6916666626930237 0.0833333358168602 0.0020833334419876337 0.009259259328246117
0 0.6880208253860474 0.09675925970077515 0.0020833334419876337 0.010185184888541698
0 0.8247395753860474 0.11759259551763535 0.0036458333488553762 0.012962962500751019
0 0.7122395634651184 0.1101851835846901 0.0026041667442768812 0.007407407276332378
0 0.6958333253860474 0.08981481194496155 0.0020833334419876337 0.009259259328246117
0 0.6955729126930237 0.10277777910232544 0.0026041667442768812 0.011111111380159855
0 0.6580728888511658 0.08703703433275223 0.0015625000232830644 0.009259259328246117
0 0.6851562261581421 0.27037036418914795 0.00572916679084301 0.025925925001502037
0 0.5997396111488342 0.2092592567205429 0.0036458333488553762 0.020370369777083397
0 0.6929687261581421 0.08425925672054291 0.0026041667442768812 0.009259259328246117
0 0.7171875238418579 0.5310184955596924 0.01145833358168602 0.04537037014961243
0 0.6130208373069763 0.18101851642131805 0.0031250000465661287 0.017592592164874077
0 0.5322916507720947 0.36759260296821594 0.0052083334885537624 0.03333333507180214
0 0.6934896111488342 0.0754629597067833 0.0015625000232830644 0.008333333767950535
0 0.6640625 0.12129629403352737 0.0020833334419876337 0.009259259328246117
0 0.6539062261581421 0.11296296119689941 0.0026041667442768812 0.007407407276332378
0 0.6721354126930237 0.2819444537162781 0.00572916679084301 0.026851851493120193
1 0.7932291626930237 0.39629629254341125 0.03854166716337204 0.06666667014360428
1 0.828906238079071 0.2935185134410858 0.02552083320915699 0.02777777798473835
