1 0.831250011920929 0.30787035822868347 0.02708333358168602 0.028703704476356506
1 0.8020833134651184 0.42592594027519226 0.04374999925494194 0.07407407462596893
8 0.649218738079071 0.5865740776062012 0.02968749962747097 0.05277777835726738
7 0.7554687261581421 0.125 0.00989583320915699 0.011111111380159855
8 0.6622396111488342 0.0763888880610466 0.0015625000232830644 0.008333333767950535
7 0.660937488079071 0.08194444328546524 0.0031250000465661287 0.008333333767950535
2 0.671093761920929 0.07685185223817825 0.010937499813735485 0.031481482088565826
1 0.633593738079071 0.3083333373069763 0.01927083358168602 0.03888889029622078
7 0.7749999761581421 0.12546296417713165 0.01145833358168602 0.012037036940455437
1 0.7067708373069763 0.12129629403352737 0.01979166641831398 0.012962962500751019
0 0.7552083134651184 0.21111111342906952 0.0052083334885537624 0.020370369777083397
0 0.680468738079071 0.07129629701375961 0.0015625000232830644 0.007407407276332378
0 0.7997395992279053 0.12824073433876038 0.0036458333488553762 0.013888888992369175
0 0.8773437738418579 0.7254629731178284 0.01822916604578495 0.043518517166376114
0 0.6861979365348816 0.10787037014961243 0.0026041667442768812 0.012037036940455437
0 0.6815103888511658 0.23194444179534912 0.004687500186264515 0.013888888992369175
0 0.7049478888511658 0.12777778506278992 0.0026041667442768812 0.007407407276332378
0 0.6817708611488342 0.10462962836027145 0.0020833334419876337 0.011111111380159855
0 0.6979166865348816 0.08055555820465088 0.0020833334419876337 0.009259259328246117
0 0.9291666746139526 0.22962963581085205 0.008333333767950535 0.02222222276031971
0 0.663281261920929 0.7583333253860474 0.01406249962747097 0.04444444552063942
0 0.676562488079071 0.0962962955236435 0.0020833334419876337 0.011111111380159855
0 0.6507812738418579 0.07453703880310059 0.0015625000232830644 0.008333333767950535
0 0.6796875 0.08425925672054291 0.0020833334419876337 0.009259259328246117
0 0.746874988079071 0.21203704178333282 0.004166666883975267 0.014814814552664757
0 0.676562488079071 0.09814814478158951 0.0020833334419876337 0.011111111380159855
0 0.7018229365348816 0.1120370402932167 0.0026041667442768812 0.007407407276332378
0 0.6838541626930237 0.0912037044763565 0.0020833334419876337 0.010185184888541698
0 0.7473958134651184 0.20416666567325592 0.0052083334885537624 0.01944444514811039
0 0.684374988079071 0.10462962836027145 0.0020833334419876337 0.011111111380159855
0 0.6458333134651184 0.08842592686414719 0.0020833334419876337 0.010185184888541698
0 0.6815103888511658 0.2837963104248047 0.00572916679084301 0.026851851493120193
0 0.5903645753860474 0.21805556118488312 0.0036458333488553762 0.021296296268701553
0 0.6807291507720947 0.08518518507480621 0.0020833334419876337 0.009259259328246117
0 0.7291666865348816 0.5930555462837219 0.01354166679084301 0.049074072390794754
0 0.6031249761581421 0.18703703582286835 0.0031250000465661287 0.018518518656492233
0 0.5213541388511658 0.40046295523643494 0.0052083334885537624 0.03611111268401146
0 0.6807291507720947 0.0763888880610466 0.0020833334419876337 0.008333333767950535
0 0.8325520753860474 0.13657407462596893 0.0036458333488553762 0.008333333767950535
0 0.6539062261581421 0.1240740716457367 0.0026041667442768812 0.009259259328246117
0 0.6424478888511658 0.11574073880910873 0.0026041667442768812 0.007407407276332378
0 0.6684895753860474 0.2986111044883728 0.006770833395421505 0.026851851493120193
1 0.8020833134651184 0.42592594027519226 0.04374999925494194 0.07407407462596893
1 0.831250011920929 0.30787035822868347 0.02708333358168602 0.028703704476356506
