1 0.8265625238418579 0.30092594027519226 0.02604166604578495 0.02777777798473835
1 0.7947916388511658 0.41203704476356506 0.0416666679084301 0.07037036865949631
8 0.6447916626930237 0.5601851940155029 0.02812499925494194 0.05000000074505806
7 0.7549479007720947 0.12361110746860504 0.00989583320915699 0.012037036940455437
8 0.6640625 0.07592592388391495 0.0020833334419876337 0.009259259328246117
7 0.6627604365348816 0.08101851493120193 0.0026041667442768812 0.008333333767950535
2 0.672656238079071 0.07685185223817825 0.010937499813735485 0.029629629105329514
1 0.6325520873069763 0.3027777671813965 0.01927083358168602 0.03888889029622078
1 0.7065104246139526 0.12037037312984467 0.01927083358168602 0.012962962500751019
8 0.7359374761581421 0.1180555522441864 0.008333333767950535 0.012037036940455437
0 0.6820312738418579 0.07083333283662796 0.0015625000232830644 0.008333333767950535
0 0.8611978888511658 0.6884258985519409 0.01718750037252903 0.0416666679084301
0 0.6869791746139526 0.10694444179534912 0.0031250000465661287 0.012037036940455437
0 0.6807291507720947 0.2282407432794571 0.004166666883975267 0.013888888992369175
0 0.7052083611488342 0.12638889253139496 0.0031250000465661287 0.008333333767950535
0 0.682812511920929 0.10370370000600815 0.0020833334419876337 0.011111111380159855
0 0.69921875 0.08009259402751923 0.0015625000232830644 0.008333333767950535
0 0.65625 0.7129629850387573 0.01354166679084301 0.040740739554166794
0 0.6781250238418579 0.09583333134651184 0.0020833334419876337 0.010185184888541698
0 0.6528645753860474 0.07361111044883728 0.0015625000232830644 0.008333333767950535
0 0.6812499761581421 0.08425925672054291 0.0020833334419876337 0.009259259328246117
0 0.74609375 0.20879629254341125 0.004687500186264515 0.013888888992369175
0 0.6776041388511658 0.09768518805503845 0.0020833334419876337 0.010185184888541698
0 0.8140624761581421 0.1180555522441864 0.0031250000465661287 0.012037036940455437
0 0.702343761920929 0.1111111119389534 0.0026041667442768812 0.007407407276332378
0 0.6854166388511658 0.0902777761220932 0.0020833334419876337 0.010185184888541698
0 0.746874988079071 0.2013888955116272 0.0052083334885537624 0.01944444514811039
0 0.6854166388511658 0.10370370000600815 0.0020833334419876337 0.011111111380159855
0 0.647656261920929 0.08749999850988388 0.0015625000232830644 0.010185184888541698
0 0.6799479126930237 0.2777777910232544 0.00572916679084301 0.025925925001502037
0 0.5908854007720947 0.2143518477678299 0.0036458333488553762 0.021296296268701553
0 0.6822916865348816 0.08425925672054291 0.0020833334419876337 0.009259259328246117
0 0.7208333611488342 0.5652777552604675 0.012500000186264515 0.04722222313284874
0 0.6041666865348816 0.18425926566123962 0.0031250000465661287 0.018518518656492233
0 0.5234375 0.3861111104488373 0.0052083334885537624 0.035185184329748154
0 0.6825520992279053 0.07592592388391495 0.0015625000232830644 0.009259259328246117
0 0.6546875238418579 0.12268518656492233 0.0020833334419876337 0.008333333767950535
0 0.643750011920929 0.11481481790542603 0.0020833334419876337 0.007407407276332378
0 0.6666666865348816 0.29120370745658875 0.0062500000931322575 0.026851851493120193
1 0.7947916388511658 0.41203704476356506 0.0416666679084301 0.07037036865949631
1 0.8265625238418579 0.30092594027519226 0.02604166604578495 0.02777777798473835
