1 0.7919270992279053 0.3810185194015503 0.03593749925494194 0.06388889253139496
8 0.6455729007720947 0.4972222149372101 0.02552083320915699 0.04444444552063942
8 0.6859375238418579 0.07453703880310059 0.0020833334419876337 0.008333333767950535
7 0.684374988079071 0.08009259402751923 0.0031250000465661287 0.008333333767950535
2 0.6940104365348816 0.07685185223817825 0.010937499813735485 0.025925925001502037
1 0.6434895992279053 0.28935185074806213 0.01927083358168602 0.03611111268401146
7 0.7919270992279053 0.12268518656492233 0.010937499813735485 0.012037036940455437
1 0.910937488079071 0.12870369851589203 0.01979166641831398 0.012962962500751019
1 0.7231770753860474 0.1180555522441864 0.01927083358168602 0.012037036940455437
0 0.7044270634651184 0.07037036865949631 0.0015625000232830644 0.007407407276332378
0 0.8169270753860474 0.125 0.0036458333488553762 0.012962962500751019
0 0.8374999761581421 0.6060185432434082 0.014583333395421505 0.037962961941957474
0 0.7065104246139526 0.10555555671453476 0.0026041667442768812 0.011111111380159855
0 0.7028645873069763 0.10185185074806213 0.0026041667442768812 0.011111111380159855
0 0.7210937738418579 0.07962962985038757 0.0015625000232830644 0.009259259328246117
0 0.9315103888511658 0.21990740299224854 0.008854166604578495 0.021296296268701553
0 0.8125 0.12546296417713165 0.004166666883975267 0.013888888992369175
0 0.6513020992279053 0.6083333492279053 0.01197916641831398 0.035185184329748154
0 0.6989583373069763 0.09398148208856583 0.0020833334419876337 0.010185184888541698
0 0.6747395992279053 0.07268518209457397 0.0015625000232830644 0.008333333767950535
0 0.7020833492279053 0.0833333358168602 0.0020833334419876337 0.009259259328246117
0 0.6981770992279053 0.0962962955236435 0.0026041667442768812 0.011111111380159855
0 0.706250011920929 0.08935185521841049 0.0020833334419876337 0.010185184888541698
0 0.7057291865348816 0.10185185074806213 0.0020833334419876337 0.011111111380159855
0 0.668749988079071 0.08611111342906952 0.0020833334419876337 0.009259259328246117
0 0.6903645992279053 0.2638888955116272 0.00572916679084301 0.025925925001502037
0 0.6080729365348816 0.20462962985038757 0.0036458333488553762 0.020370369777083397
0 0.7036458253860474 0.0833333358168602 0.0020833334419876337 0.009259259328246117
0 0.9044271111488342 0.13472221791744232 0.004687500186264515 0.013888888992369175
0 0.7143229246139526 0.5 0.010937499813735485 0.04259259253740311
0 0.6213541626930237 0.17731481790542603 0.0031250000465661287 0.017592592164874077
0 0.5408853888511658 0.35046297311782837 0.004687500186264515 0.032407406717538834
0 0.7041666507720947 0.0754629597067833 0.0020833334419876337 0.008333333767950535
0 0.6734374761581421 0.11990740895271301 0.0020833334419876337 0.008333333767950535
0 0.6638020873069763 0.1120370402932167 0.0026041667442768812 0.007407407276332378
0 0.6770833134651184 0.27314814925193787 0.0052083334885537624 0.025925925001502037
1 0.7919270992279053 0.3810185194015503 0.03593749925494194 0.06388889253139496
