1 0.8059895634651184 0.3291666805744171 0.02864583395421505 0.03055555559694767
1 0.7950521111488342 0.4791666567325592 0.05364583432674408 0.08611111342906952
8 0.6442708373069763 0.7250000238418579 0.03541666641831398 0.06666667014360428
7 0.7098958492279053 0.12638889253139496 0.00937500037252903 0.012037036940455437
8 0.6109374761581421 0.07824073731899261 0.0010416667209938169 0.008333333767950535
8 0.7739583253860474 0.1259259283542633 0.008333333767950535 0.011111111380159855
7 0.610156238079071 0.08379629999399185 0.0026041667442768812 0.008333333767950535
2 0.620312511920929 0.0773148164153099 0.010416666977107525 0.034259259700775146
1 0.600781261920929 0.3305555582046509 0.01927083358168602 0.04259259253740311
7 0.7283853888511658 0.12731482088565826 0.010937499813735485 0.012037036940455437
1 0.8236979246139526 0.12870369851589203 0.01822916604578495 0.012962962500751019
1 0.6638020873069763 0.1240740716457367 0.01927083358168602 0.012962962500751019
8 0.686718761920929 0.12083332985639572 0.0078125 0.012037036940455437
0 0.7132812738418579 0.22083333134651184 0.004687500186264515 0.021296296268701553
0 0.6283854246139526 0.07175926119089127 0.0015625000232830644 0.008333333767950535
0 0.926562488079071 0.8995370268821716 0.02500000037252903 0.05277777835726738
0 0.6388021111488342 0.1101851835846901 0.0026041667442768812 0.011111111380159855
0 0.6434895992279053 0.24537037312984467 0.004687500186264515 0.014814814552664757
0 0.6596354246139526 0.1310185194015503 0.0026041667442768812 0.008333333767950535
0 0.6330729126930237 0.10740740597248077 0.0026041667442768812 0.011111111380159855
0 0.6460937261581421 0.08148147910833359 0.0015625000232830644 0.009259259328246117
0 0.7463541626930237 0.12916666269302368 0.0031250000465661287 0.013888888992369175
0 0.6268228888511658 0.09768518805503845 0.0015625000232830644 0.010185184888541698
0 0.5997396111488342 0.0754629597067833 0.0015625000232830644 0.008333333767950535
0 0.6502603888511658 0.07962962985038757 0.0015625000232830644 0.0055555556900799274
0 0.6291666626930237 0.08518518507480621 0.0020833334419876337 0.009259259328246117
0 0.9468749761581421 0.14629629254341125 0.0052083334885537624 0.009259259328246117
0 0.6268228888511658 0.09953703731298447 0.0015625000232830644 0.010185184888541698
0 0.6546875238418579 0.11388888955116272 0.0020833334419876337 0.007407407276332378
0 0.6333333253860474 0.09305555373430252 0.0020833334419876337 0.010185184888541698
0 0.7049478888511658 0.21296297013759613 0.004687500186264515 0.020370369777083397
0 0.6354166865348816 0.10555555671453476 0.0020833334419876337 0.011111111380159855
0 0.5955728888511658 0.0902777761220932 0.0015625000232830644 0.010185184888541698
0 0.6489583253860474 0.30694442987442017 0.0052083334885537624 0.028703704476356506
0 0.547656238079071 0.23472222685813904 0.0036458333488553762 0.023148147389292717
0 0.629687488079071 0.08611111342906952 0.0020833334419876337 0.009259259328246117
0 0.7419270873069763 0.7356481552124023 0.01822916604578495 0.05648148059844971
0 0.5591145753860474 0.19861111044883728 0.0026041667442768812 0.01944444514811039
0 0.4789062440395355 0.4763889014720917 0.00572916679084301 0.0416666679084301
0 0.6294270753860474 0.0773148164153099 0.0015625000232830644 0.008333333767950535
0 0.6078125238418579 0.12777778506278992 0.0020833334419876337 0.009259259328246117
0 0.59375 0.11944444477558136 0.0020833334419876337 0.007407407276332378
0 0.6380208134651184 0.33009257912635803 0.0062500000931322575 0.03055555559694767
1 0.7950521111488342 0.4791666567325592 0.05364583432674408 0.08611111342906952
1 0.8059895634651184 0.3291666805744171 0.02864583395421505 0.03055555559694767
