1 0.8354166746139526 0.31203705072402954 0.02708333358168602 0.029629629105329514
1 0.8072916865348816 0.4333333373069763 0.04479166492819786 0.07592592388391495
8 0.6526041626930237 0.6009259223937988 0.03020833246409893 0.05370370298624039
7 0.757031261920929 0.1259259283542633 0.00989583320915699 0.011111111380159855
8 0.6627604365348816 0.0773148164153099 0.0015625000232830644 0.008333333767950535
7 0.6614583134651184 0.08194444328546524 0.0031250000465661287 0.008333333767950535
2 0.6716145873069763 0.07685185223817825 0.010937499813735485 0.031481482088565826
1 0.6354166865348816 0.3115740716457367 0.01979166641831398 0.03981481492519379
7 0.7768229246139526 0.12638889253139496 0.010937499813735485 0.012037036940455437
1 0.8864583373069763 0.13148148357868195 0.01979166641831398 0.012962962500751019
1 0.7083333134651184 0.12222222238779068 0.01979166641831398 0.012962962500751019
8 0.7364583611488342 0.11990740895271301 0.008333333767950535 0.012037036940455437
0 0.6809895634651184 0.07175926119089127 0.0015625000232830644 0.008333333767950535
0 0.8877604007720947 0.7467592358589172 0.01927083358168602 0.04537037014961243
0 0.6872395873069763 0.10879629850387573 0.0026041667442768812 0.012037036940455437
0 0.6830729246139526 0.23379629850387573 0.004687500186264515 0.013888888992369175
0 0.706250011920929 0.12824073433876038 0.0031250000465661287 0.008333333767950535
0 0.6825520992279053 0.10555555671453476 0.0026041667442768812 0.011111111380159855
0 0.698437511920929 0.08101851493120193 0.0020833334419876337 0.008333333767950535
0 0.6682291626930237 0.7837963104248047 0.014583333395421505 0.04537037014961243
0 0.6776041388511658 0.09675925970077515 0.0020833334419876337 0.010185184888541698
0 0.6513020992279053 0.07453703880310059 0.0015625000232830644 0.008333333767950535
0 0.6802083253860474 0.08518518507480621 0.0020833334419876337 0.009259259328246117
0 0.6770833134651184 0.09861110895872116 0.0020833334419876337 0.010185184888541698
0 0.8148437738418579 0.11990740895271301 0.0036458333488553762 0.012037036940455437
0 0.684374988079071 0.09166666865348816 0.0020833334419876337 0.009259259328246117
0 0.6851562261581421 0.10462962836027145 0.0026041667442768812 0.011111111380159855
0 0.6463541388511658 0.08888889104127884 0.0020833334419876337 0.009259259328246117
0 0.68359375 0.28703704476356506 0.00572916679084301 0.02777777798473835
0 0.5908854007720947 0.21990740299224854 0.0036458333488553762 0.021296296268701553
0 0.6812499761581421 0.08518518507480621 0.0020833334419876337 0.009259259328246117
0 0.7346354126930237 0.6087962985038757 0.01406249962747097 0.05092592537403107
0 0.6036458611488342 0.18888889253139496 0.0031250000465661287 0.018518518656492233
0 0.5218750238418579 0.40740740299224854 0.0052083334885537624 0.03703703731298447
0 0.6812499761581421 0.07685185223817825 0.0020833334419876337 0.009259259328246117
0 0.6546875238418579 0.125 0.0020833334419876337 0.009259259328246117
0 0.6429687738418579 0.11666666716337204 0.0026041667442768812 0.007407407276332378
0 0.6705729365348816 0.3027777671813965 0.006770833395421505 0.02777777798473835
1 0.8072916865348816 0.4333333373069763 0.04479166492819786 0.07592592388391495
1 0.8354166746139526 0.31203705072402954 0.02708333358168602 0.029629629105329514
