1 0.8221353888511658 0.3263888955116272 0.02864583395421505 0.03055555559694767
1 0.8059895634651184 0.46990740299224854 0.05156249925494194 0.08425925672054291
8 0.651562511920929 0.6916666626930237 0.03437500074505806 0.06296296417713165
7 0.73046875 0.1268518567085266 0.00989583320915699 0.011111111380159855
8 0.6317708492279053 0.07824073731899261 0.0010416667209938169 0.008333333767950535
7 0.6304687261581421 0.0833333358168602 0.0026041667442768812 0.009259259328246117
2 0.6408854126930237 0.0773148164153099 0.010937499813735485 0.034259259700775146
1 0.616406261920929 0.3263888955116272 0.01927083358168602 0.0416666679084301
7 0.7497395873069763 0.12731482088565826 0.010937499813735485 0.012037036940455437
1 0.6830729246139526 0.1240740716457367 0.01927083358168602 0.012962962500751019
8 0.7072916626930237 0.12175925821065903 0.008333333767950535 0.012037036940455437
0 0.6497395634651184 0.07175926119089127 0.0015625000232830644 0.008333333767950535
0 0.922656238079071 0.8634259104728699 0.0234375 0.05092592537403107
0 0.6588541865348816 0.1101851835846901 0.0020833334419876337 0.011111111380159855
0 0.660937488079071 0.24351851642131805 0.004166666883975267 0.014814814552664757
0 0.6794270873069763 0.1310185194015503 0.0026041667442768812 0.008333333767950535
0 0.6533854007720947 0.10694444179534912 0.0026041667442768812 0.012037036940455437
0 0.6674479246139526 0.08148147910833359 0.0015625000232830644 0.009259259328246117
0 0.914843738079071 0.23657406866550446 0.008854166604578495 0.023148147389292717
0 0.7677083611488342 0.130092591047287 0.0031250000465661287 0.013888888992369175
0 0.6825520992279053 0.9587963223457336 0.01822916604578495 0.05462963134050369
0 0.6473958492279053 0.09768518805503845 0.0020833334419876337 0.010185184888541698
0 0.6205729246139526 0.0754629597067833 0.0015625000232830644 0.008333333767950535
0 0.6713541746139526 0.07962962985038757 0.0020833334419876337 0.0055555556900799274
0 0.6499999761581421 0.08518518507480621 0.0020833334419876337 0.009259259328246117
0 0.975781261920929 0.14907407760620117 0.00572916679084301 0.009259259328246117
0 0.6473958492279053 0.10000000149011612 0.0020833334419876337 0.011111111380159855
0 0.6747395992279053 0.11388888955116272 0.0026041667442768812 0.007407407276332378
0 0.6541666388511658 0.09305555373430252 0.0020833334419876337 0.010185184888541698
0 0.7239583134651184 0.21203704178333282 0.0052083334885537624 0.020370369777083397
0 0.6557291746139526 0.10555555671453476 0.0020833334419876337 0.011111111380159855
0 0.616406261920929 0.0902777761220932 0.0015625000232830644 0.010185184888541698
0 0.664843738079071 0.302314817905426 0.00572916679084301 0.028703704476356506
0 0.5658854246139526 0.23055554926395416 0.0036458333488553762 0.02222222276031971
0 0.6505208611488342 0.08611111342906952 0.0020833334419876337 0.009259259328246117
0 0.7455729246139526 0.7027778029441833 0.01718750037252903 0.0555555559694767
0 0.5776041746139526 0.19629628956317902 0.0031250000465661287 0.018518518656492233
0 0.4963541626930237 0.45694443583488464 0.0052083334885537624 0.03981481492519379
0 0.6502603888511658 0.0773148164153099 0.0015625000232830644 0.008333333767950535
0 0.6270833611488342 0.12777778506278992 0.0020833334419876337 0.009259259328246117
0 0.6138020753860474 0.11898148059844971 0.0026041667442768812 0.008333333767950535
0 0.6533854007720947 0.32407405972480774 0.006770833395421505 0.029629629105329514
1 0.8059895634651184 0.46990740299224854 0.05156249925494194 0.08425925672054291
1 0.8221353888511658 0.3263888955116272 0.02864583395421505 0.03055555559694767
