1 0.8364583253860474 0.3185185194015503 0.02812499925494194 0.029629629105329514
1 0.811718761920929 0.44675925374031067 0.04739583283662796 0.07870370149612427
8 0.655468761920929 0.6296296119689941 0.03177083283662796 0.0555555559694767
7 0.7533854246139526 0.12638889253139496 0.00989583320915699 0.012037036940455437
8 0.6575520634651184 0.07777778059244156 0.0015625000232830644 0.009259259328246117
7 0.6559895873069763 0.08287037163972855 0.0026041667442768812 0.008333333767950535
2 0.6664062738418579 0.0773148164153099 0.010937499813735485 0.032407406717538834
1 0.6333333253860474 0.3166666626930237 0.01979166641831398 0.040740739554166794
7 0.7731770873069763 0.12731482088565826 0.010937499813735485 0.012037036940455437
1 0.8802083134651184 0.13148148357868195 0.01979166641831398 0.012962962500751019
1 0.7049478888511658 0.12314815074205399 0.01927083358168602 0.012962962500751019
0 0.6755208373069763 0.07175926119089127 0.0020833334419876337 0.008333333767950535
0 0.9028645753860474 0.7865740656852722 0.02031249925494194 0.04722222313284874
0 0.6825520992279053 0.10972221940755844 0.0026041667442768812 0.012037036940455437
0 0.680468738079071 0.23749999701976776 0.004687500186264515 0.013888888992369175
0 0.7020833492279053 0.12962962687015533 0.0031250000465661287 0.007407407276332378
0 0.6778646111488342 0.10648148506879807 0.0026041667442768812 0.011111111380159855
0 0.6932291388511658 0.08148147910833359 0.0020833334419876337 0.009259259328246117
0 0.7924479246139526 0.130092591047287 0.0036458333488553762 0.013888888992369175
0 0.6744791865348816 0.8365740776062012 0.015625 0.049074072390794754
0 0.6723958253860474 0.0972222238779068 0.0020833334419876337 0.011111111380159855
0 0.6460937261581421 0.07453703880310059 0.0015625000232830644 0.008333333767950535
0 0.6755208373069763 0.08518518507480621 0.0020833334419876337 0.009259259328246117
0 0.7455729246139526 0.21666666865348816 0.004687500186264515 0.014814814552664757
0 0.6721354126930237 0.09953703731298447 0.0026041667442768812 0.010185184888541698
0 0.6986979246139526 0.11342592537403107 0.0026041667442768812 0.006481481250375509
0 0.6791666746139526 0.09212963283061981 0.0020833334419876337 0.010185184888541698
0 0.7458333373069763 0.20879629254341125 0.0052083334885537624 0.021296296268701553
0 0.6802083253860474 0.10555555671453476 0.0020833334419876337 0.011111111380159855
0 0.6411458253860474 0.08935185521841049 0.0020833334419876337 0.010185184888541698
0 0.6817708611488342 0.2925925850868225 0.0062500000931322575 0.02777777798473835
0 0.5872395634651184 0.2240740805864334 0.0036458333488553762 0.02222222276031971
0 0.6760416626930237 0.08564814925193787 0.0020833334419876337 0.010185184888541698
0 0.741406261920929 0.6393518447875977 0.015104166232049465 0.05277777835726738
0 0.5994791388511658 0.19166666269302368 0.0031250000465661287 0.018518518656492233
0 0.5171874761581421 0.4226851761341095 0.0052083334885537624 0.037962961941957474
0 0.6760416626930237 0.0773148164153099 0.0020833334419876337 0.008333333767950535
0 0.6502603888511658 0.1259259283542633 0.0026041667442768812 0.009259259328246117
0 0.6380208134651184 0.11759259551763535 0.0020833334419876337 0.007407407276332378
0 0.6695312261581421 0.31018519401550293 0.006770833395421505 0.02777777798473835
1 0.811718761920929 0.44675925374031067 0.04739583283662796 0.07870370149612427
1 0.8364583253860474 0.3185185194015503 0.02812499925494194 0.029629629105329514
