1 0.8075520992279053 0.4574074149131775 0.0494791679084301 0.08148147910833359
8 0.65234375 0.657870352268219 0.03281249850988388 0.05833333358168602
7 0.7408854365348816 0.12638889253139496 0.00989583320915699 0.012037036940455437
8 0.6434895992279053 0.07777778059244156 0.0015625000232830644 0.009259259328246117
7 0.6424478888511658 0.08287037163972855 0.0026041667442768812 0.008333333767950535
2 0.6528645753860474 0.07685185223817825 0.010937499813735485 0.03333333507180214
1 0.6239583492279053 0.3212963044643402 0.01979166641831398 0.040740739554166794
7 0.7604166865348816 0.12731482088565826 0.01145833358168602 0.012037036940455437
1 0.6929687261581421 0.12361110746860504 0.01927083358168602 0.012037036940455437
8 0.7184895873069763 0.12083332985639572 0.0078125 0.012037036940455437
0 0.7421875 0.21759259700775146 0.0052083334885537624 0.020370369777083397
0 0.6614583134651184 0.07175926119089127 0.0010416667209938169 0.008333333767950535
0 0.91015625 0.8208333253860474 0.02135416679084301 0.049074072390794754
0 0.6695312261581421 0.10972221940755844 0.0026041667442768812 0.012037036940455437
0 0.6695312261581421 0.24027778208255768 0.004687500186264515 0.013888888992369175
0 0.6895833611488342 0.130092591047287 0.0031250000465661287 0.008333333767950535
0 0.6645833253860474 0.10648148506879807 0.0020833334419876337 0.011111111380159855
0 0.6791666746139526 0.08148147910833359 0.0020833334419876337 0.009259259328246117
0 0.922656238079071 0.2351851910352707 0.008854166604578495 0.02222222276031971
0 0.6768229007720947 0.8916666507720947 0.01614583283662796 0.051851850003004074
0 0.6588541865348816 0.0972222238779068 0.0020833334419876337 0.011111111380159855
0 0.632031261920929 0.07453703880310059 0.0015625000232830644 0.008333333767950535
0 0.6614583134651184 0.08518518507480621 0.0020833334419876337 0.009259259328246117
0 0.6588541865348816 0.09953703731298447 0.0020833334419876337 0.010185184888541698
0 0.7953125238418579 0.12037037312984467 0.0031250000465661287 0.012962962500751019
0 0.6856771111488342 0.11388888955116272 0.0026041667442768812 0.007407407276332378
0 0.6656249761581421 0.09212963283061981 0.0020833334419876337 0.010185184888541698
0 0.6669270992279053 0.10555555671453476 0.0026041667442768812 0.011111111380159855
0 0.6278645992279053 0.08935185521841049 0.0015625000232830644 0.010185184888541698
0 0.6723958253860474 0.29722222685813904 0.0062500000931322575 0.02777777798473835
0 0.5755208134651184 0.22685185074806213 0.0031250000465661287 0.02222222276031971
0 0.6622396111488342 0.08564814925193787 0.0026041667442768812 0.010185184888541698
0 0.7416666746139526 0.6685185432434082 0.015625 0.05370370298624039
0 0.5880208611488342 0.19398148357868195 0.0031250000465661287 0.01944444514811039
0 0.5062500238418579 0.43888887763023376 0.0052083334885537624 0.03888889029622078
0 0.6622396111488342 0.0773148164153099 0.0015625000232830644 0.008333333767950535
0 0.6377604007720947 0.1268518567085266 0.0026041667442768812 0.009259259328246117
0 0.6247395873069763 0.11851851642131805 0.0026041667442768812 0.007407407276332378
0 0.6604166626930237 0.3166666626930237 0.0062500000931322575 0.029629629105329514
1 0.8075520992279053 0.4574074149131775 0.0494791679084301 0.08148147910833359
