1 0.815625011920929 0.3282407522201538 0.02916666679084301 0.03055555559694767
1 0.8018229007720947 0.4749999940395355 0.05260416492819786 0.08518518507480621
8 0.6486979126930237 0.7083333134651184 0.03489583358168602 0.06481481343507767
7 0.7216145992279053 0.1268518567085266 0.00989583320915699 0.011111111380159855
8 0.6226562261581421 0.07824073731899261 0.0015625000232830644 0.008333333767950535
8 0.7872396111488342 0.12638889253139496 0.0078125 0.012037036940455437
7 0.6216145753860474 0.08379629999399185 0.0026041667442768812 0.008333333767950535
2 0.6317708492279053 0.0773148164153099 0.010416666977107525 0.034259259700775146
1 0.6096354126930237 0.32870370149612427 0.01927083358168602 0.04259259253740311
7 0.7403646111488342 0.12731482088565826 0.010937499813735485 0.012037036940455437
1 0.8377603888511658 0.12962962687015533 0.01822916604578495 0.012962962500751019
1 0.6747395992279053 0.1240740716457367 0.01927083358168602 0.012962962500751019
8 0.6981770992279053 0.12129629403352737 0.0078125 0.012962962500751019
0 0.6403645873069763 0.07175926119089127 0.0015625000232830644 0.008333333767950535
0 0.92578125 0.8824074268341064 0.0234375 0.051851850003004074
0 0.6502603888511658 0.11064814776182175 0.0026041667442768812 0.012037036940455437
0 0.6533854007720947 0.24444444477558136 0.004687500186264515 0.014814814552664757
0 0.6705729365348816 0.1310185194015503 0.0026041667442768812 0.008333333767950535
0 0.6442708373069763 0.10740740597248077 0.0020833334419876337 0.011111111380159855
0 0.6580728888511658 0.08148147910833359 0.0015625000232830644 0.009259259328246117
0 0.9059895873069763 0.2361111044883728 0.008854166604578495 0.02222222276031971
0 0.758593738079071 0.12962962687015533 0.0036458333488553762 0.012962962500751019
0 0.68359375 0.9833333492279053 0.01927083358168602 0.03333333507180214
0 0.6385416388511658 0.09768518805503845 0.0020833334419876337 0.010185184888541698
0 0.6111978888511658 0.0754629597067833 0.0015625000232830644 0.008333333767950535
0 0.6617187261581421 0.07962962985038757 0.0015625000232830644 0.0055555556900799274
0 0.6408854126930237 0.08518518507480621 0.0015625000232830644 0.009259259328246117
0 0.9632812738418579 0.14814814925193787 0.00572916679084301 0.009259259328246117
0 0.6382812261581421 0.10000000149011612 0.0015625000232830644 0.011111111380159855
0 0.7729166746139526 0.11944444477558136 0.0031250000465661287 0.012962962500751019
0 0.6658853888511658 0.11388888955116272 0.0026041667442768812 0.007407407276332378
0 0.6447916626930237 0.09305555373430252 0.0020833334419876337 0.010185184888541698
0 0.715624988079071 0.21296297013759613 0.0052083334885537624 0.020370369777083397
0 0.6468750238418579 0.10555555671453476 0.0020833334419876337 0.011111111380159855
0 0.6070312261581421 0.0902777761220932 0.0015625000232830644 0.010185184888541698
0 0.6580728888511658 0.3046296238899231 0.00572916679084301 0.02777777798473835
0 0.557812511920929 0.23287037014961243 0.0031250000465661287 0.023148147389292717
0 0.641406238079071 0.08611111342906952 0.0015625000232830644 0.009259259328246117
0 0.7447916865348816 0.7199074029922485 0.01770833320915699 0.05648148059844971
0 0.569531261920929 0.19768518209457397 0.0026041667442768812 0.01944444514811039
0 0.48880207538604736 0.46666666865348816 0.00572916679084301 0.040740739554166794
0 0.6408854126930237 0.0773148164153099 0.0015625000232830644 0.008333333767950535
0 0.796875 0.1379629671573639 0.004166666883975267 0.009259259328246117
0 0.6184895634651184 0.12777778506278992 0.0026041667442768812 0.009259259328246117
0 0.6049479246139526 0.11944444477558136 0.0026041667442768812 0.007407407276332378
0 0.6468750238418579 0.3273148238658905 0.0062500000931322575 0.03055555559694767
1 0.8018229007720947 0.4749999940395355 0.05260416492819786 0.08518518507480621
1 0.815625011920929 0.3282407522201538 0.02916666679084301 0.03055555559694767
