1 0.8091145753860474 0.45185184478759766 0.04843749850988388 0.07962962985038757
8 0.6536458134651184 0.6435185074806213 0.03229166567325592 0.05740740895271301
7 0.746874988079071 0.12638889253139496 0.010416666977107525 0.012037036940455437
8 0.6502603888511658 0.07777778059244156 0.0015625000232830644 0.009259259328246117
8 0.8184896111488342 0.12731482088565826 0.008854166604578495 0.012037036940455437
7 0.649218738079071 0.08287037163972855 0.0026041667442768812 0.008333333767950535
2 0.6596354246139526 0.0773148164153099 0.010937499813735485 0.032407406717538834
1 0.6286458373069763 0.31898146867752075 0.01979166641831398 0.0416666679084301
7 0.7669270634651184 0.12731482088565826 0.010937499813735485 0.012037036940455437
1 0.6989583373069763 0.12314815074205399 0.01979166641831398 0.012962962500751019
8 0.7250000238418579 0.12083332985639572 0.008333333767950535 0.012037036940455437
0 0.7479166388511658 0.2171296328306198 0.0052083334885537624 0.021296296268701553
0 0.6684895753860474 0.07175926119089127 0.0015625000232830644 0.008333333767950535
0 0.90625 0.8027777671813965 0.02083333395421505 0.04814814776182175
0 0.6763020753860474 0.10972221940755844 0.0026041667442768812 0.012037036940455437
0 0.675000011920929 0.23888888955116272 0.004166666883975267 0.014814814552664757
0 0.6958333253860474 0.130092591047287 0.0031250000465661287 0.008333333767950535
0 0.671093761920929 0.10648148506879807 0.0026041667442768812 0.011111111380159855
0 0.6859375238418579 0.08148147910833359 0.0020833334419876337 0.009259259328246117
0 0.9283854365348816 0.2351851910352707 0.008854166604578495 0.02222222276031971
0 0.6755208373069763 0.8629629611968994 0.015625 0.05000000074505806
0 0.6656249761581421 0.0972222238779068 0.0020833334419876337 0.011111111380159855
0 0.6388021111488342 0.07453703880310059 0.0015625000232830644 0.008333333767950535
0 0.6682291626930237 0.08518518507480621 0.0020833334419876337 0.009259259328246117
0 0.7398437261581421 0.21759259700775146 0.004687500186264515 0.014814814552664757
0 0.9984375238418579 0.1509259194135666 0.0031250000465661287 0.009259259328246117
0 0.6651041507720947 0.09953703731298447 0.0020833334419876337 0.010185184888541698
0 0.6919270753860474 0.11388888955116272 0.0026041667442768812 0.007407407276332378
0 0.6723958253860474 0.09212963283061981 0.0020833334419876337 0.010185184888541698
0 0.7395833134651184 0.2092592567205429 0.0052083334885537624 0.020370369777083397
0 0.6734374761581421 0.10555555671453476 0.0020833334419876337 0.011111111380159855
0 0.6343749761581421 0.08935185521841049 0.0020833334419876337 0.010185184888541698
0 0.6770833134651184 0.2944444417953491 0.0062500000931322575 0.02777777798473835
0 0.581250011920929 0.22546295821666718 0.0031250000465661287 0.021296296268701553
0 0.6690104007720947 0.08564814925193787 0.0026041667442768812 0.010185184888541698
0 0.7411458492279053 0.6532407402992249 0.015625 0.05277777835726738
0 0.59375 0.192592591047287 0.0031250000465661287 0.018518518656492233
0 0.51171875 0.4305555522441864 0.00572916679084301 0.03888889029622078
0 0.6690104007720947 0.0773148164153099 0.0015625000232830644 0.008333333767950535
0 0.6440104246139526 0.1259259283542633 0.0026041667442768812 0.009259259328246117
0 0.6315104365348816 0.11759259551763535 0.0026041667442768812 0.007407407276332378
0 0.664843738079071 0.3134259283542633 0.006770833395421505 0.028703704476356506
1 0.8091145753860474 0.45185184478759766 0.04843749850988388 0.07962962985038757
