1 0.76953125 0.3481481373310089 0.02968749962747097 0.031481482088565826
1 0.7786458134651184 0.5351851582527161 0.06354166567325592 0.10000000149011612
4 0.9947916865348816 0.15740740299224854 0.010416666977107525 0.06851851940155029
6 0.5927083492279053 0.07129629701375961 0.0010416667209938169 0.0055555556900799274
6 0.5924479365348816 0.07037036865949631 0.0015625000232830644 0.0055555556900799274
8 0.6380208134651184 0.9143518805503845 0.04270833358168602 0.08796296268701553
7 0.6552083492279053 0.12777778506278992 0.00937500037252903 0.011111111380159855
8 0.5520833134651184 0.08009259402751923 0.0010416667209938169 0.008333333767950535
7 0.5513020753860474 0.08611111342906952 0.0026041667442768812 0.009259259328246117
2 0.5614583492279053 0.07824073731899261 0.00937500037252903 0.034259259700775146
1 0.5562499761581421 0.35462963581085205 0.01875000074505806 0.046296294778585434
7 0.671875 0.12777778506278992 0.010416666977107525 0.011111111380159855
1 0.7562500238418579 0.1268518567085266 0.01666666753590107 0.012962962500751019
1 0.6111978888511658 0.12638889253139496 0.01927083358168602 0.012037036940455437
8 0.629687488079071 0.12268518656492233 0.0072916666977107525 0.012037036940455437
0 0.6617187261581421 0.22962963581085205 0.004687500186264515 0.02222222276031971
0 0.5692708492279053 0.07268518209457397 0.0010416667209938169 0.008333333767950535
0 0.5833333134651184 0.11249999701976776 0.0020833334419876337 0.012037036940455437
0 0.5955728888511658 0.25925925374031067 0.004687500186264515 0.014814814552664757
0 0.6057291626930237 0.13379628956317902 0.0020833334419876337 0.008333333767950535
0 0.5763021111488342 0.10972221940755844 0.0015625000232830644 0.012037036940455437
0 0.5872395634651184 0.0824074074625969 0.0015625000232830644 0.009259259328246117
0 0.8460937738418579 0.2370370328426361 0.0078125 0.02222222276031971
0 0.6901041865348816 0.130092591047287 0.0031250000465661287 0.013888888992369175
0 0.5692708492279053 0.09907407313585281 0.0010416667209938169 0.011111111380159855
0 0.5406249761581421 0.0763888880610466 0.0010416667209938169 0.008333333767950535
0 0.5908854007720947 0.08055555820465088 0.0015625000232830644 0.0055555556900799274
0 0.961718738079071 0.13611111044883728 0.00572916679084301 0.014814814552664757
0 0.571093738079071 0.08611111342906952 0.0015625000232830644 0.009259259328246117
0 0.6541666388511658 0.23101851344108582 0.004166666883975267 0.015740741044282913
0 0.8747395873069763 0.14166666567325592 0.004687500186264515 0.009259259328246117
0 0.7481771111488342 0.20601852238178253 0.004687500186264515 0.013888888992369175
0 0.569531261920929 0.10138888657093048 0.0015625000232830644 0.010185184888541698
0 0.5989583134651184 0.11574073880910873 0.0020833334419876337 0.007407407276332378
0 0.5752604007720947 0.09398148208856583 0.0015625000232830644 0.010185184888541698
0 0.6526041626930237 0.22175925970077515 0.004166666883975267 0.021296296268701553
0 0.578125 0.10740740597248077 0.0020833334419876337 0.011111111380159855
0 0.5375000238418579 0.09259258955717087 0.0010416667209938169 0.009259259328246117
0 0.6057291626930237 0.3305555582046509 0.0052083334885537624 0.029629629105329514
0 0.4945312440395355 0.2527777850627899 0.0026041667442768812 0.024074073880910873
0 0.5721353888511658 0.08703703433275223 0.0015625000232830644 0.009259259328246117
0 0.9924479126930237 0.12870369851589203 0.00572916679084301 0.012962962500751019
0 0.9817708134651184 0.14166666567325592 0.0062500000931322575 0.014814814552664757
0 0.7604166865348816 0.925000011920929 0.02500000037252903 0.06481481343507767
0 0.5052083134651184 0.21111111342906952 0.0020833334419876337 0.020370369777083397
0 0.42265623807907104 0.5773147940635681 0.008854166604578495 0.04722222313284874
0 0.5703125 0.07824073731899261 0.0010416667209938169 0.008333333767950535
0 0.5526041388511658 0.1319444477558136 0.0020833334419876337 0.010185184888541698
0 0.5364583134651184 0.1240740716457367 0.0020833334419876337 0.007407407276332378
0 0.59765625 0.364814817905426 0.006770833395421505 0.03333333507180214
1 0.7786458134651184 0.5351851582527161 0.06354166567325592 0.10000000149011612
1 0.76953125 0.3481481373310089 0.02968749962747097 0.031481482088565826
4 0.9947916865348816 0.15740740299224854 0.010416666977107525 0.06851851940155029
