1 0.764843761920929 0.35879629850387573 0.03072916716337204 0.032407406717538834
1 0.7825520634651184 0.5657407641410828 0.06927083432674408 0.10740740597248077
4 0.9867187738418579 0.15694443881511688 0.02656250074505806 0.06759259104728699
6 0.5786458253860474 0.07222222536802292 0.0010416667209938169 0.0055555556900799274
6 0.578125 0.07129629701375961 0.0010416667209938169 0.0055555556900799274
6 0.578125 0.07037036865949631 0.0010416667209938169 0.0055555556900799274
8 0.645312488079071 0.9851852059364319 0.046875 0.029629629105329514
7 0.6421874761581421 0.12916666269302368 0.00937500037252903 0.012037036940455437
8 0.5375000238418579 0.08148147910833359 0.0010416667209938169 0.009259259328246117
7 0.5369791388511658 0.08703703433275223 0.0020833334419876337 0.009259259328246117
2 0.5471354126930237 0.07962962985038757 0.008854166604578495 0.03333333507180214
1 0.5458333492279053 0.36574074625968933 0.01875000074505806 0.04814814776182175
7 0.6596354246139526 0.12916666269302368 0.00989583320915699 0.012037036940455437
1 0.7408854365348816 0.12731482088565826 0.01718750037252903 0.012037036940455437
1 0.5994791388511658 0.12824073433876038 0.01875000074505806 0.012037036940455437
8 0.6166666746139526 0.1240740716457367 0.0072916666977107525 0.012962962500751019
0 0.6502603888511658 0.2351851910352707 0.004687500186264515 0.02222222276031971
0 0.5546875 0.07361111044883728 0.0010416667209938169 0.008333333767950535
0 0.6841145753860474 0.13055555522441864 0.0026041667442768812 0.012962962500751019
0 0.5700520873069763 0.11435185372829437 0.0015625000232830644 0.012037036940455437
0 0.5846354365348816 0.26620370149612427 0.004687500186264515 0.015740741044282913
0 0.5932291746139526 0.13564814627170563 0.0020833334419876337 0.008333333767950535
0 0.5627604126930237 0.11157407611608505 0.0015625000232830644 0.012037036940455437
0 0.5729166865348816 0.0833333358168602 0.0010416667209938169 0.009259259328246117
0 0.6776041388511658 0.1310185194015503 0.0031250000465661287 0.013888888992369175
0 0.5552083253860474 0.10000000149011612 0.0010416667209938169 0.011111111380159855
0 0.5260416865348816 0.0773148164153099 0.0010416667209938169 0.008333333767950535
0 0.5765625238418579 0.08101851493120193 0.0010416667209938169 0.004629629664123058
0 0.9450520873069763 0.13564814627170563 0.00572916679084301 0.013888888992369175
0 0.5570312738418579 0.08703703433275223 0.0015625000232830644 0.009259259328246117
0 0.6427083611488342 0.23657406866550446 0.004166666883975267 0.015740741044282913
0 0.555468738079071 0.10277777910232544 0.0015625000232830644 0.011111111380159855
0 0.6856771111488342 0.11944444477558136 0.0026041667442768812 0.012962962500751019
0 0.5859375 0.11759259551763535 0.0020833334419876337 0.007407407276332378
0 0.5611979365348816 0.09583333134651184 0.0015625000232830644 0.010185184888541698
0 0.6408854126930237 0.22638888657093048 0.004687500186264515 0.021296296268701553
0 0.5643228888511658 0.10879629850387573 0.0015625000232830644 0.012037036940455437
0 0.5231770873069763 0.09398148208856583 0.0015625000232830644 0.010185184888541698
0 0.5960937738418579 0.34259259700775146 0.00572916679084301 0.031481482088565826
0 0.4807291626930237 0.2611111104488373 0.0031250000465661287 0.024074073880910873
0 0.5580729246139526 0.08796296268701553 0.0015625000232830644 0.009259259328246117
0 0.7669270634651184 0.13564814627170563 0.0036458333488553762 0.013888888992369175
0 0.9744791388511658 0.12777778506278992 0.0052083334885537624 0.012962962500751019
0 0.9661458134651184 0.14120370149612427 0.0062500000931322575 0.013888888992369175
0 0.49140626192092896 0.2171296328306198 0.0026041667442768812 0.021296296268701553
0 0.4046874940395355 0.6277777552604675 0.010416666977107525 0.05000000074505806
0 0.5559895634651184 0.07916666567325592 0.0015625000232830644 0.008333333767950535
0 0.5393229126930237 0.13425925374031067 0.0015625000232830644 0.009259259328246117
0 0.5223958492279053 0.1259259283542633 0.0020833334419876337 0.007407407276332378
0 0.5893229246139526 0.3810185194015503 0.006770833395421505 0.034259259700775146
1 0.7825520634651184 0.5657407641410828 0.06927083432674408 0.10740740597248077
1 0.764843761920929 0.35879629850387573 0.03072916716337204 0.032407406717538834
4 0.9867187738418579 0.15694443881511688 0.02656250074505806 0.06759259104728699
