1 0.7682291865348816 0.35185185074806213 0.03020833246409893 0.031481482088565826
1 0.7802083492279053 0.5449073910713196 0.06562499701976776 0.10277777910232544
4 0.9924479126930237 0.15740740299224854 0.015104166232049465 0.06851851940155029
6 0.5885416865348816 0.07222222536802292 0.0010416667209938169 0.0055555556900799274
6 0.5882812738418579 0.07129629701375961 0.0015625000232830644 0.0055555556900799274
6 0.5880208611488342 0.07037036865949631 0.0010416667209938169 0.0055555556900799274
8 0.6401041746139526 0.9467592835426331 0.04374999925494194 0.09166666865348816
7 0.651562511920929 0.12824073433876038 0.00937500037252903 0.012037036940455437
8 0.5473958253860474 0.08055555820465088 0.0010416667209938169 0.009259259328246117
7 0.546875 0.08611111342906952 0.0020833334419876337 0.009259259328246117
2 0.5570312738418579 0.07870370149612427 0.008854166604578495 0.03333333507180214
1 0.5531250238418579 0.3578703701496124 0.01875000074505806 0.04722222313284874
7 0.66796875 0.12824073433876038 0.00989583320915699 0.012037036940455437
1 0.7515624761581421 0.12731482088565826 0.01666666753590107 0.012037036940455437
1 0.6075521111488342 0.1268518567085266 0.01927083358168602 0.012962962500751019
8 0.625781238079071 0.12314815074205399 0.0078125 0.012962962500751019
0 0.6580728888511658 0.23148147761821747 0.004687500186264515 0.02222222276031971
0 0.5645833611488342 0.07268518209457397 0.0010416667209938169 0.008333333767950535
0 0.5791666507720947 0.11342592537403107 0.0020833334419876337 0.012037036940455437
0 0.5921875238418579 0.26157405972480774 0.004166666883975267 0.015740741044282913
0 0.6018229126930237 0.13379628956317902 0.0026041667442768812 0.008333333767950535
0 0.5721353888511658 0.1101851835846901 0.0015625000232830644 0.011111111380159855
0 0.582812488079071 0.0824074074625969 0.0010416667209938169 0.009259259328246117
0 0.8440104126930237 0.23842592537403107 0.0078125 0.023148147389292717
0 0.6861979365348816 0.130092591047287 0.0026041667442768812 0.013888888992369175
0 0.5648437738418579 0.09953703731298447 0.0015625000232830644 0.010185184888541698
0 0.5364583134651184 0.07685185223817825 0.0010416667209938169 0.009259259328246117
0 0.5864583253860474 0.08055555820465088 0.0010416667209938169 0.0055555556900799274
0 0.9567708373069763 0.13611111044883728 0.0052083334885537624 0.014814814552664757
0 0.5669270753860474 0.08657407760620117 0.0015625000232830644 0.010185184888541698
0 0.6505208611488342 0.23287037014961243 0.004166666883975267 0.015740741044282913
0 0.7445312738418579 0.20694445073604584 0.004687500186264515 0.013888888992369175
0 0.5648437738418579 0.10185185074806213 0.0015625000232830644 0.011111111380159855
0 0.5953124761581421 0.11666666716337204 0.0020833334419876337 0.007407407276332378
0 0.5708333253860474 0.09490741044282913 0.0010416667209938169 0.010185184888541698
0 0.6489583253860474 0.2231481522321701 0.004166666883975267 0.02222222276031971
0 0.5736979246139526 0.10787037014961243 0.0015625000232830644 0.012037036940455437
0 0.5330728888511658 0.09305555373430252 0.0015625000232830644 0.010185184888541698
0 0.6028645634651184 0.33472222089767456 0.00572916679084301 0.03055555559694767
0 0.49036458134651184 0.25555557012557983 0.0026041667442768812 0.024074073880910873
0 0.5679687261581421 0.08703703433275223 0.0015625000232830644 0.009259259328246117
0 0.9869791865348816 0.12870369851589203 0.0052083334885537624 0.012962962500751019
0 0.9770833253860474 0.14166666567325592 0.0062500000931322575 0.014814814552664757
0 0.7674478888511658 0.9592592716217041 0.02656250074505806 0.06666667014360428
0 0.5010416507720947 0.21296297013759613 0.0020833334419876337 0.020370369777083397
0 0.41718751192092896 0.5930555462837219 0.00937500037252903 0.049074072390794754
0 0.5658854246139526 0.07824073731899261 0.0015625000232830644 0.008333333767950535
0 0.5484374761581421 0.13240741193294525 0.0020833334419876337 0.009259259328246117
0 0.5322916507720947 0.12453703582286835 0.0020833334419876337 0.008333333767950535
0 0.5950520634651184 0.37037035822868347 0.006770833395421505 0.03333333507180214
1 0.7802083492279053 0.5449073910713196 0.06562499701976776 0.10277777910232544
1 0.7682291865348816 0.35185185074806213 0.03020833246409893 0.031481482088565826
4 0.9924479126930237 0.15740740299224854 0.015104166232049465 0.06851851940155029
