1 0.7768229246139526 0.3384259343147278 0.02864583395421505 0.03055555559694767
1 0.7783854007720947 0.5092592835426331 0.05885416641831398 0.09259258955717087
8 0.6351562738418579 0.8291666507720947 0.0390625 0.07870370149612427
7 0.6703125238418579 0.1268518567085266 0.00937500037252903 0.011111111380159855
8 0.5687500238418579 0.07916666567325592 0.0010416667209938169 0.008333333767950535
8 0.7270833253860474 0.125 0.0072916666977107525 0.011111111380159855
7 0.5679687261581421 0.08472222089767456 0.0026041667442768812 0.008333333767950535
2 0.578125 0.0773148164153099 0.00937500037252903 0.034259259700775146
1 0.5684896111488342 0.3444444537162781 0.01822916604578495 0.04444444552063942
7 0.6869791746139526 0.1268518567085266 0.010416666977107525 0.011111111380159855
1 0.7747395634651184 0.12638889253139496 0.01718750037252903 0.012037036940455437
1 0.6252604126930237 0.125 0.01927083358168602 0.012962962500751019
8 0.645312488079071 0.12175925821065903 0.0072916666977107525 0.012037036940455437
0 0.6755208373069763 0.22499999403953552 0.0052083334885537624 0.02222222276031971
0 0.5859375 0.07222222536802292 0.0010416667209938169 0.007407407276332378
0 0.7109375 0.12870369851589203 0.0031250000465661287 0.012962962500751019
0 0.598437488079071 0.11157407611608505 0.0020833334419876337 0.012037036940455437
0 0.608593761920929 0.2527777850627899 0.004687500186264515 0.014814814552664757
0 0.620312511920929 0.1319444477558136 0.0020833334419876337 0.008333333767950535
0 0.5921875238418579 0.10833333432674408 0.0020833334419876337 0.011111111380159855
0 0.6039062738418579 0.08148147910833359 0.0015625000232830644 0.009259259328246117
0 0.8565104007720947 0.23425926268100739 0.0078125 0.02222222276031971
0 0.5856770873069763 0.09814814478158951 0.0015625000232830644 0.011111111380159855
0 0.5572916865348816 0.0754629597067833 0.0010416667209938169 0.008333333767950535
0 0.6075521111488342 0.07962962985038757 0.0015625000232830644 0.0055555556900799274
0 0.5872395634651184 0.08564814925193787 0.0015625000232830644 0.010185184888541698
0 0.6677083373069763 0.22638888657093048 0.004166666883975267 0.015740741044282913
0 0.8929687738418579 0.14212962985038757 0.004687500186264515 0.008333333767950535
0 0.7622395753860474 0.20324073731899261 0.004687500186264515 0.013888888992369175
0 0.5856770873069763 0.10046296566724777 0.0015625000232830644 0.010185184888541698
0 0.7158854007720947 0.1180555522441864 0.0026041667442768812 0.012037036940455437
0 0.6145833134651184 0.11481481790542603 0.0020833334419876337 0.007407407276332378
0 0.5914062261581421 0.09305555373430252 0.0015625000232830644 0.010185184888541698
0 0.6666666865348816 0.2171296328306198 0.004166666883975267 0.021296296268701553
0 0.5940104126930237 0.10648148506879807 0.0015625000232830644 0.011111111380159855
0 0.5541666746139526 0.0912037044763565 0.0010416667209938169 0.010185184888541698
0 0.6169270873069763 0.31990739703178406 0.00572916679084301 0.028703704476356506
0 0.5098958611488342 0.244907408952713 0.0031250000465661287 0.023148147389292717
0 0.5882812738418579 0.08611111342906952 0.0015625000232830644 0.009259259328246117
0 0.7450520992279053 0.8365740776062012 0.02135416679084301 0.06203703582286835
0 0.5205729007720947 0.20601852238178253 0.0026041667442768812 0.01944444514811039
0 0.44088542461395264 0.5347222089767456 0.0078125 0.04537037014961243
0 0.5869791507720947 0.0773148164153099 0.0010416667209938169 0.008333333767950535
0 0.5679687261581421 0.12962962687015533 0.0015625000232830644 0.009259259328246117
0 0.5528646111488342 0.12175925821065903 0.0026041667442768812 0.008333333767950535
0 0.6078125238418579 0.34953704476356506 0.0062500000931322575 0.032407406717538834
1 0.7783854007720947 0.5092592835426331 0.05885416641831398 0.09259258955717087
1 0.7768229246139526 0.3384259343147278 0.02864583395421505 0.03055555559694767
