1 0.7671874761581421 0.3550925850868225 0.03020833246409893 0.032407406717538834
1 0.782031238079071 0.5550925731658936 0.06718750298023224 0.10462962836027145
4 0.9901041388511658 0.15694443881511688 0.01979166641831398 0.06759259104728699
6 0.5843750238418579 0.07222222536802292 0.0010416667209938169 0.0055555556900799274
6 0.5841146111488342 0.07129629701375961 0.0015625000232830644 0.0055555556900799274
6 0.5838541388511658 0.07037036865949631 0.0010416667209938169 0.0055555556900799274
8 0.6429687738418579 0.967129647731781 0.04531250149011612 0.06574074178934097
7 0.6473958492279053 0.12870369851589203 0.00937500037252903 0.011111111380159855
8 0.5432291626930237 0.08055555820465088 0.0010416667209938169 0.009259259328246117
8 0.7005208134651184 0.1259259283542633 0.0072916666977107525 0.011111111380159855
7 0.5427083373069763 0.08657407760620117 0.0020833334419876337 0.008333333767950535
2 0.5528646111488342 0.07916666567325592 0.008854166604578495 0.034259259700775146
1 0.5502604246139526 0.36157408356666565 0.01927083358168602 0.04722222313284874
7 0.6645833253860474 0.12870369851589203 0.010416666977107525 0.011111111380159855
1 0.7471354007720947 0.12731482088565826 0.01718750037252903 0.012037036940455437
1 0.6044270992279053 0.12777778506278992 0.01927083358168602 0.012962962500751019
8 0.621874988079071 0.12361110746860504 0.0072916666977107525 0.012037036940455437
0 0.6549479365348816 0.23333333432674408 0.004687500186264515 0.02222222276031971
0 0.5604166388511658 0.07314814627170563 0.0010416667209938169 0.007407407276332378
0 0.5755208134651184 0.11342592537403107 0.0020833334419876337 0.012037036940455437
0 0.589062511920929 0.26435184478759766 0.004166666883975267 0.015740741044282913
0 0.5981770753860474 0.13472221791744232 0.0026041667442768812 0.008333333767950535
0 0.5682291388511658 0.11064814776182175 0.0020833334419876337 0.012037036940455437
0 0.578906238079071 0.0824074074625969 0.0015625000232830644 0.009259259328246117
0 0.8421875238418579 0.23935185372829437 0.008333333767950535 0.023148147389292717
0 0.682812511920929 0.1310185194015503 0.0031250000465661287 0.013888888992369175
0 0.5606771111488342 0.10000000149011612 0.0015625000232830644 0.011111111380159855
0 0.5317708253860474 0.0773148164153099 0.0010416667209938169 0.008333333767950535
0 0.5825520753860474 0.08055555820465088 0.0015625000232830644 0.0055555556900799274
0 0.9520833492279053 0.13564814627170563 0.0052083334885537624 0.013888888992369175
0 0.5627604126930237 0.08703703433275223 0.0015625000232830644 0.009259259328246117
0 0.6473958492279053 0.23472222685813904 0.004166666883975267 0.015740741044282913
0 0.741406261920929 0.20787036418914795 0.004687500186264515 0.013888888992369175
0 0.5609375238418579 0.10185185074806213 0.0010416667209938169 0.011111111380159855
0 0.5911458134651184 0.11666666716337204 0.0020833334419876337 0.007407407276332378
0 0.5669270753860474 0.09490741044282913 0.0015625000232830644 0.010185184888541698
0 0.6458333134651184 0.22499999403953552 0.004166666883975267 0.02222222276031971
0 0.5697916746139526 0.10833333432674408 0.0020833334419876337 0.011111111380159855
0 0.5289062261581421 0.09305555373430252 0.0015625000232830644 0.010185184888541698
0 0.6002604365348816 0.3384259343147278 0.00572916679084301 0.03055555559694767
0 0.48645833134651184 0.25833332538604736 0.0031250000465661287 0.024074073880910873
0 0.5638020634651184 0.08749999850988388 0.0015625000232830644 0.010185184888541698
0 0.7721354365348816 0.13564814627170563 0.0036458333488553762 0.013888888992369175
0 0.9820312261581421 0.12824073433876038 0.00572916679084301 0.013888888992369175
0 0.97265625 0.14166666567325592 0.00572916679084301 0.014814814552664757
0 0.7752603888511658 0.980555534362793 0.02760416641831398 0.03888889029622078
0 0.49687498807907104 0.21481481194496155 0.0020833334419876337 0.020370369777083397
0 0.4117187559604645 0.6092592477798462 0.00989583320915699 0.05000000074505806
0 0.561718761920929 0.07870370149612427 0.0015625000232830644 0.009259259328246117
0 0.5447916388511658 0.13333334028720856 0.0020833334419876337 0.009259259328246117
0 0.528124988079071 0.12546296417713165 0.0020833334419876337 0.008333333767950535
0 0.592968761920929 0.37546294927597046 0.006770833395421505 0.034259259700775146
1 0.782031238079071 0.5550925731658936 0.06718750298023224 0.10462962836027145
1 0.7671874761581421 0.3550925850868225 0.03020833246409893 0.032407406717538834
4 0.9901041388511658 0.15694443881511688 0.01979166641831398 0.06759259104728699
