1 0.7744791507720947 0.3412036895751953 0.02916666679084301 0.03055555559694767
1 0.7786458134651184 0.5171296000480652 0.06041666492819786 0.09537036716938019
8 0.635937511920929 0.855555534362793 0.03958333283662796 0.08148147910833359
7 0.6656249761581421 0.1268518567085266 0.00937500037252903 0.011111111380159855
8 0.5635416507720947 0.07962962985038757 0.0010416667209938169 0.009259259328246117
8 0.7213541865348816 0.125 0.0072916666977107525 0.011111111380159855
7 0.5625 0.08518518507480621 0.0020833334419876337 0.009259259328246117
2 0.5729166865348816 0.07777778059244156 0.00937500037252903 0.03333333507180214
1 0.5648437738418579 0.34768518805503845 0.01822916604578495 0.04537037014961243
7 0.6820312738418579 0.12731482088565826 0.00989583320915699 0.012037036940455437
1 0.7684895992279053 0.12638889253139496 0.01718750037252903 0.012037036940455437
1 0.6208333373069763 0.12546296417713165 0.01875000074505806 0.012037036940455437
8 0.6403645873069763 0.12175925821065903 0.0078125 0.012037036940455437
0 0.671093761920929 0.22638888657093048 0.004687500186264515 0.021296296268701553
0 0.5807291865348816 0.07268518209457397 0.0010416667209938169 0.008333333767950535
0 0.59375 0.11157407611608505 0.0020833334419876337 0.012037036940455437
0 0.6044270992279053 0.255092591047287 0.004687500186264515 0.015740741044282913
0 0.6156250238418579 0.1328703761100769 0.0020833334419876337 0.008333333767950535
0 0.5869791507720947 0.10879629850387573 0.0020833334419876337 0.012037036940455437
0 0.598437488079071 0.08148147910833359 0.0010416667209938169 0.009259259328246117
0 0.8533853888511658 0.2351851910352707 0.0078125 0.02222222276031971
0 0.5804687738418579 0.09861110895872116 0.0015625000232830644 0.010185184888541698
0 0.5520833134651184 0.07592592388391495 0.0010416667209938169 0.009259259328246117
0 0.602343738079071 0.08009259402751923 0.0015625000232830644 0.004629629664123058
0 0.58203125 0.08611111342906952 0.0015625000232830644 0.009259259328246117
0 0.6635416746139526 0.2282407432794571 0.004166666883975267 0.015740741044282913
0 0.5804687738418579 0.10092592239379883 0.0015625000232830644 0.011111111380159855
0 0.609375 0.11481481790542603 0.0020833334419876337 0.007407407276332378
0 0.5861979126930237 0.09398148208856583 0.0015625000232830644 0.010185184888541698
0 0.6622396111488342 0.21898147463798523 0.004687500186264515 0.021296296268701553
0 0.5888020992279053 0.10648148506879807 0.0015625000232830644 0.011111111380159855
0 0.5489583611488342 0.09166666865348816 0.0010416667209938169 0.009259259328246117
0 0.6135416626930237 0.3231481611728668 0.0052083334885537624 0.029629629105329514
0 0.5052083134651184 0.24768517911434174 0.0031250000465661287 0.023148147389292717
0 0.5830729007720947 0.08611111342906952 0.0015625000232830644 0.009259259328246117
0 0.9947916865348816 0.14259259402751923 0.0062500000931322575 0.014814814552664757
0 0.7497395873069763 0.8643518686294556 0.02239583246409893 0.06203703582286835
0 0.5158854126930237 0.2074074000120163 0.0026041667442768812 0.020370369777083397
0 0.4351562559604645 0.5481481552124023 0.0078125 0.046296294778585434
0 0.5815104246139526 0.07777778059244156 0.0015625000232830644 0.009259259328246117
0 0.7377604246139526 0.13657407462596893 0.0036458333488553762 0.008333333767950535
0 0.5630208253860474 0.13055555522441864 0.0020833334419876337 0.009259259328246117
0 0.5479166507720947 0.12222222238779068 0.0020833334419876337 0.007407407276332378
0 0.604687511920929 0.3541666567325592 0.0062500000931322575 0.032407406717538834
1 0.7786458134651184 0.5171296000480652 0.06041666492819786 0.09537036716938019
1 0.7744791507720947 0.3412036895751953 0.02916666679084301 0.03055555559694767
