1 0.7888020873069763 0.33101850748062134 0.02864583395421505 0.03055555559694767
1 0.7830728888511658 0.48842594027519226 0.0546875 0.08796296268701553
8 0.63671875 0.7615740895271301 0.03593749925494194 0.07129629701375961
7 0.6885416507720947 0.1259259283542633 0.00937500037252903 0.011111111380159855
8 0.589062511920929 0.07824073731899261 0.0010416667209938169 0.008333333767950535
8 0.749218761920929 0.125 0.0078125 0.011111111380159855
7 0.5882812738418579 0.08379629999399185 0.0026041667442768812 0.008333333767950535
2 0.5981770753860474 0.0773148164153099 0.00989583320915699 0.034259259700775146
1 0.5835937261581421 0.33564814925193787 0.01822916604578495 0.043518517166376114
7 0.706250011920929 0.12638889253139496 0.010416666977107525 0.012037036940455437
1 0.7973958253860474 0.12731482088565826 0.01770833320915699 0.012037036940455437
1 0.6432291865348816 0.1240740716457367 0.01875000074505806 0.012962962500751019
8 0.664843738079071 0.12083332985639572 0.0078125 0.012037036940455437
0 0.6929687261581421 0.22175925970077515 0.004687500186264515 0.021296296268701553
0 0.606249988079071 0.07175926119089127 0.0010416667209938169 0.008333333767950535
0 0.9296875 0.9365741014480591 0.02604166604578495 0.05462963134050369
0 0.6177083253860474 0.11064814776182175 0.0020833334419876337 0.012037036940455437
0 0.6247395873069763 0.2481481432914734 0.004687500186264515 0.014814814552664757
0 0.6388021111488342 0.1310185194015503 0.0026041667442768812 0.008333333767950535
0 0.6114583611488342 0.10740740597248077 0.0020833334419876337 0.011111111380159855
0 0.624218761920929 0.08148147910833359 0.0015625000232830644 0.009259259328246117
0 0.8721354007720947 0.23333333432674408 0.0078125 0.02222222276031971
0 0.60546875 0.09768518805503845 0.0015625000232830644 0.010185184888541698
0 0.5778645873069763 0.0754629597067833 0.0015625000232830644 0.008333333767950535
0 0.6278645992279053 0.07962962985038757 0.0015625000232830644 0.0055555556900799274
0 0.6075521111488342 0.08518518507480621 0.0015625000232830644 0.009259259328246117
0 0.6851562261581421 0.22268518805503845 0.004687500186264515 0.015740741044282913
0 0.6052083373069763 0.10000000149011612 0.0020833334419876337 0.011111111380159855
0 0.6333333253860474 0.11388888955116272 0.0020833334419876337 0.007407407276332378
0 0.6117187738418579 0.09305555373430252 0.0015625000232830644 0.010185184888541698
0 0.684374988079071 0.21388888359069824 0.004166666883975267 0.020370369777083397
0 0.6138020753860474 0.10555555671453476 0.0015625000232830644 0.011111111380159855
0 0.57421875 0.0902777761220932 0.0015625000232830644 0.010185184888541698
0 0.6317708492279053 0.3106481432914734 0.0052083334885537624 0.028703704476356506
0 0.528124988079071 0.23842592537403107 0.0031250000465661287 0.023148147389292717
0 0.6080729365348816 0.08564814925193787 0.0015625000232830644 0.010185184888541698
0 0.7385416626930237 0.7708333134651184 0.01875000074505806 0.05833333358168602
0 0.5393229126930237 0.2013888955116272 0.0026041667442768812 0.01944444514811039
0 0.46015626192092896 0.4981481432914734 0.006770833395421505 0.04259259253740311
0 0.6072916388511658 0.0773148164153099 0.0010416667209938169 0.008333333767950535
0 0.5869791507720947 0.12870369851589203 0.0020833334419876337 0.009259259328246117
0 0.5723958611488342 0.12037037312984467 0.0020833334419876337 0.007407407276332378
0 0.6216145753860474 0.33703702688217163 0.006770833395421505 0.031481482088565826
1 0.7830728888511658 0.48842594027519226 0.0546875 0.08796296268701553
1 0.7888020873069763 0.33101850748062134 0.02864583395421505 0.03055555559694767
