1 0.7604166865348816 0.36250001192092896 0.03020833246409893 0.032407406717538834
1 0.782031238079071 0.5763888955116272 0.07135416567325592 0.1101851835846901
4 0.9817708134651184 0.15555556118488312 0.0364583320915699 0.06666667014360428
6 0.5703125 0.07129629701375961 0.0010416667209938169 0.0055555556900799274
6 0.5697916746139526 0.07129629701375961 0.0010416667209938169 0.0055555556900799274
7 0.6348958611488342 0.12962962687015533 0.00937500037252903 0.011111111380159855
8 0.5296875238418579 0.08148147910833359 0.0010416667209938169 0.009259259328246117
8 0.6859375238418579 0.12638889253139496 0.0072916666977107525 0.012037036940455437
7 0.5291666388511658 0.08749999850988388 0.0020833334419876337 0.008333333767950535
2 0.5393229126930237 0.07962962985038757 0.008854166604578495 0.03333333507180214
1 0.539843738079071 0.369907408952713 0.01927083358168602 0.049074072390794754
7 0.65234375 0.12916666269302368 0.00989583320915699 0.012037036940455437
1 0.7322916388511658 0.12731482088565826 0.01666666753590107 0.012037036940455437
1 0.5924479365348816 0.12870369851589203 0.01927083358168602 0.012962962500751019
8 0.6088541746139526 0.12453703582286835 0.0072916666977107525 0.012037036940455437
0 0.6434895992279053 0.23657406866550446 0.004687500186264515 0.023148147389292717
0 0.546875 0.07361111044883728 0.0010416667209938169 0.008333333767950535
0 0.6768229007720947 0.1310185194015503 0.0026041667442768812 0.013888888992369175
0 0.5625 0.11435185372829437 0.0020833334419876337 0.012037036940455437
0 0.5778645873069763 0.2689814865589142 0.004687500186264515 0.015740741044282913
0 0.5859375 0.13611111044883728 0.0020833334419876337 0.009259259328246117
0 0.5549479126930237 0.11157407611608505 0.0015625000232830644 0.012037036940455437
0 0.5651041865348816 0.0833333358168602 0.0010416667209938169 0.009259259328246117
0 0.6703125238418579 0.13148148357868195 0.0031250000465661287 0.012962962500751019
0 0.5473958253860474 0.10092592239379883 0.0010416667209938169 0.011111111380159855
0 0.5182291865348816 0.07777778059244156 0.0010416667209938169 0.009259259328246117
0 0.5687500238418579 0.08148147910833359 0.0010416667209938169 0.0055555556900799274
0 0.9348958134651184 0.13472221791744232 0.0052083334885537624 0.013888888992369175
0 0.5492187738418579 0.08749999850988388 0.0015625000232830644 0.010185184888541698
0 0.635937511920929 0.23842592537403107 0.004166666883975267 0.015740741044282913
0 0.7294270992279053 0.20972222089767456 0.004687500186264515 0.013888888992369175
0 0.547656238079071 0.10277777910232544 0.0015625000232830644 0.011111111380159855
0 0.6778646111488342 0.11944444477558136 0.0026041667442768812 0.012962962500751019
0 0.5786458253860474 0.11759259551763535 0.0020833334419876337 0.007407407276332378
0 0.5533854365348816 0.09583333134651184 0.0015625000232830644 0.010185184888541698
0 0.6338541507720947 0.2282407432794571 0.004166666883975267 0.021296296268701553
0 0.5565103888511658 0.10925926268100739 0.0015625000232830644 0.011111111380159855
0 0.5151041746139526 0.09398148208856583 0.0010416667209938169 0.010185184888541698
0 0.5903645753860474 0.34675925970077515 0.00572916679084301 0.03055555559694767
0 0.47317707538604736 0.26435184478759766 0.0036458333488553762 0.02500000037252903
0 0.5502604246139526 0.08796296268701553 0.0015625000232830644 0.009259259328246117
0 0.7591145634651184 0.13564814627170563 0.0036458333488553762 0.013888888992369175
0 0.9635416865348816 0.1268518567085266 0.0052083334885537624 0.012962962500751019
0 0.956250011920929 0.14074073731899261 0.0062500000931322575 0.014814814552664757
0 0.48359376192092896 0.21898147463798523 0.0026041667442768812 0.021296296268701553
0 0.3955729305744171 0.6490740776062012 0.010937499813735485 0.051851850003004074
0 0.5479166507720947 0.07916666567325592 0.0010416667209938169 0.008333333767950535
0 0.5317708253860474 0.13518518209457397 0.0020833334419876337 0.009259259328246117
0 0.5145833492279053 0.1268518567085266 0.0020833334419876337 0.007407407276332378
0 0.5838541388511658 0.3879629671573639 0.0062500000931322575 0.035185184329748154
1 0.782031238079071 0.5763888955116272 0.07135416567325592 0.1101851835846901
1 0.7604166865348816 0.36250001192092896 0.03020833246409893 0.032407406717538834
4 0.9817708134651184 0.15555556118488312 0.0364583320915699 0.06666667014360428
