1 0.7723958492279053 0.4000000059604645 0.03437500074505806 0.035185184329748154
1 0.819531261920929 0.6810185313224792 0.09218750149011612 0.1398148089647293
4 0.9789062738418579 0.1597222238779068 0.04218750074505806 0.0694444477558136
6 0.5562499761581421 0.07407407462596893 0.0010416667209938169 0.0055555556900799274
6 0.5557291507720947 0.07314814627170563 0.0010416667209938169 0.0055555556900799274
6 0.5557291507720947 0.07222222536802292 0.0010416667209938169 0.0055555556900799274
6 0.5567708611488342 0.0754629597067833 0.0010416667209938169 0.006481481250375509
7 0.6255208253860474 0.13425925374031067 0.00937500037252903 0.011111111380159855
8 0.5145833492279053 0.08425925672054291 0.0010416667209938169 0.009259259328246117
8 0.6713541746139526 0.1310185194015503 0.0072916666977107525 0.012037036940455437
7 0.5140625238418579 0.09074074029922485 0.0020833334419876337 0.009259259328246117
2 0.5247395634651184 0.08379629999399185 0.008854166604578495 0.03055555559694767
1 0.5299479365348816 0.4018518626689911 0.02031249925494194 0.05370370298624039
7 0.64453125 0.13379628956317902 0.00989583320915699 0.012037036940455437
8 0.49010416865348816 0.06620370596647263 0.0031250000465661287 0.006481481250375509
1 0.7184895873069763 0.13148148357868195 0.01718750037252903 0.012962962500751019
1 0.582812488079071 0.13379628956317902 0.01979166641831398 0.013888888992369175
8 0.5971354246139526 0.12916666269302368 0.0078125 0.012037036940455437
0 0.6351562738418579 0.2537037134170532 0.004687500186264515 0.024074073880910873
0 0.5317708253860474 0.0754629597067833 0.0010416667209938169 0.008333333767950535
0 0.668749988079071 0.13564814627170563 0.0031250000465661287 0.013888888992369175
0 0.5502604246139526 0.11898148059844971 0.0015625000232830644 0.012037036940455437
0 0.5690104365348816 0.2898148000240326 0.004687500186264515 0.01666666753590107
0 0.5752604007720947 0.14166666567325592 0.0026041667442768812 0.009259259328246117
0 0.5416666865348816 0.11620370298624039 0.0020833334419876337 0.012037036940455437
0 0.5510416626930237 0.08611111342906952 0.0010416667209938169 0.009259259328246117
0 0.840624988079071 0.25648146867752075 0.008333333767950535 0.024074073880910873
0 0.6617187261581421 0.13657407462596893 0.0026041667442768812 0.013888888992369175
0 0.5330728888511658 0.10370370000600815 0.0015625000232830644 0.011111111380159855
0 0.503125011920929 0.08009259402751923 0.0010416667209938169 0.008333333767950535
0 0.5544270873069763 0.0833333358168602 0.0015625000232830644 0.0055555556900799274
0 0.9276041388511658 0.1379629671573639 0.0052083334885537624 0.014814814552664757
0 0.5346354246139526 0.08981481194496155 0.0015625000232830644 0.009259259328246117
0 0.6273437738418579 0.25555557012557983 0.004687500186264515 0.01666666753590107
0 0.7236979007720947 0.2212962955236435 0.004687500186264515 0.014814814552664757
0 0.5333333611488342 0.10648148506879807 0.0010416667209938169 0.011111111380159855
0 0.6658853888511658 0.12361110746860504 0.0026041667442768812 0.012037036940455437
0 0.5666666626930237 0.12222222238779068 0.0020833334419876337 0.007407407276332378
0 0.5390625 0.09907407313585281 0.0010416667209938169 0.011111111380159855
0 0.6247395873069763 0.2439814805984497 0.004687500186264515 0.023148147389292717
0 0.5427083373069763 0.11249999701976776 0.0010416667209938169 0.012037036940455437
0 0.5 0.09768518805503845 0.0010416667209938169 0.010185184888541698
0 0.5848958492279053 0.3819444477558136 0.0062500000931322575 0.034259259700775146
0 0.45625001192092896 0.2865740656852722 0.004166666883975267 0.026851851493120193
0 0.5361979007720947 0.09074074029922485 0.0015625000232830644 0.009259259328246117
0 0.75390625 0.14027777314186096 0.0036458333488553762 0.013888888992369175
0 0.9546874761581421 0.12916666269302368 0.0052083334885537624 0.013888888992369175
0 0.952343761920929 0.14351852238178253 0.00572916679084301 0.014814814552664757
0 0.4677083194255829 0.23472222685813904 0.0031250000465661287 0.023148147389292717
0 0.35729166865348816 0.8152777552604675 0.015625 0.06018518656492233
0 0.5333333611488342 0.08148147910833359 0.0010416667209938169 0.009259259328246117
0 0.7015625238418579 0.14305555820465088 0.0031250000465661287 0.008333333767950535
0 0.5184895992279053 0.14120370149612427 0.0015625000232830644 0.010185184888541698
0 0.49947917461395264 0.1328703761100769 0.0020833334419876337 0.008333333767950535
0 0.5807291865348816 0.43888887763023376 0.0072916666977107525 0.03888889029622078
1 0.819531261920929 0.6810185313224792 0.09218750149011612 0.1398148089647293
1 0.7723958492279053 0.4000000059604645 0.03437500074505806 0.035185184329748154
4 0.9789062738418579 0.1597222238779068 0.04218750074505806 0.0694444477558136
