1 0.7815104126930237 0.4138889014720917 0.03593749925494194 0.03703703731298447
1 0.8385416865348816 0.7222222089767456 0.10104166716337204 0.1537037044763565
4 0.9820312261581421 0.16249999403953552 0.03593749925494194 0.07129629701375961
6 0.5567708611488342 0.07500000298023224 0.0010416667209938169 0.0055555556900799274
6 0.557812511920929 0.0763888880610466 0.0010416667209938169 0.006481481250375509
6 0.557812511920929 0.0773148164153099 0.0010416667209938169 0.006481481250375509
6 0.5565103888511658 0.07407407462596893 0.0005208333604969084 0.0055555556900799274
6 0.5562499761581421 0.07314814627170563 0.0010416667209938169 0.0055555556900799274
6 0.5572916865348816 0.07592592388391495 0.0010416667209938169 0.0055555556900799274
7 0.628125011920929 0.13611111044883728 0.00937500037252903 0.011111111380159855
8 0.5145833492279053 0.08564814925193787 0.0010416667209938169 0.010185184888541698
8 0.6723958253860474 0.1319444477558136 0.0072916666977107525 0.012037036940455437
7 0.5140625238418579 0.09212963283061981 0.0020833334419876337 0.010185184888541698
2 0.5249999761581421 0.08518518507480621 0.00937500037252903 0.029629629105329514
1 0.53125 0.41203704476356506 0.02083333395421505 0.0555555559694767
7 0.6473958492279053 0.13564814627170563 0.010416666977107525 0.012037036940455437
1 0.7200520634651184 0.1328703761100769 0.01718750037252903 0.012037036940455437
1 0.5846354365348816 0.13518518209457397 0.02031249925494194 0.012962962500751019
8 0.598437488079071 0.13055555522441864 0.0072916666977107525 0.012962962500751019
0 0.637499988079071 0.25925925374031067 0.0052083334885537624 0.024074073880910873
0 0.5322916507720947 0.0763888880610466 0.0010416667209938169 0.008333333767950535
0 0.6716145873069763 0.13750000298023224 0.0026041667442768812 0.013888888992369175
0 0.5513020753860474 0.12037037312984467 0.0015625000232830644 0.012962962500751019
0 0.5708333253860474 0.29629629850387573 0.0052083334885537624 0.01666666753590107
0 0.5768229365348816 0.14351852238178253 0.0026041667442768812 0.009259259328246117
0 0.5424479246139526 0.1180555522441864 0.0015625000232830644 0.012037036940455437
0 0.551562488079071 0.08657407760620117 0.0010416667209938169 0.010185184888541698
0 0.8497396111488342 0.2620370388031006 0.008854166604578495 0.024074073880910873
0 0.6640625 0.13842593133449554 0.0031250000465661287 0.013888888992369175
0 0.5335937738418579 0.10462962836027145 0.0015625000232830644 0.011111111380159855
0 0.503125011920929 0.08055555820465088 0.0010416667209938169 0.009259259328246117
0 0.5552083253860474 0.08425925672054291 0.0010416667209938169 0.0055555556900799274
0 0.53515625 0.09074074029922485 0.0015625000232830644 0.009259259328246117
0 0.6294270753860474 0.2611111104488373 0.004687500186264515 0.01666666753590107
0 0.8460937738418579 0.14722222089767456 0.004687500186264515 0.009259259328246117
0 0.727343738079071 0.22546295821666718 0.004687500186264515 0.015740741044282913
0 0.5338541865348816 0.10740740597248077 0.0010416667209938169 0.011111111380159855
0 0.6677083373069763 0.125 0.0031250000465661287 0.012962962500751019
0 0.5682291388511658 0.12361110746860504 0.0020833334419876337 0.008333333767950535
0 0.5395833253860474 0.10046296566724777 0.0010416667209938169 0.010185184888541698
0 0.9140625 0.26342591643333435 0.010416666977107525 0.02500000037252903
0 0.6268228888511658 0.2490740716457367 0.004687500186264515 0.024074073880910873
0 0.5434895753860474 0.11435185372829437 0.0015625000232830644 0.012037036940455437
0 0.5002604126930237 0.09861110895872116 0.0015625000232830644 0.010185184888541698
0 0.5874999761581421 0.3939814865589142 0.0062500000931322575 0.034259259700775146
0 0.4554687440395355 0.2935185134410858 0.0036458333488553762 0.02777777798473835
0 0.5372396111488342 0.0912037044763565 0.0015625000232830644 0.010185184888541698
0 0.7578125 0.14212962985038757 0.004166666883975267 0.013888888992369175
0 0.9596354365348816 0.1310185194015503 0.004687500186264515 0.013888888992369175
0 0.9588541388511658 0.14629629254341125 0.0062500000931322575 0.014814814552664757
0 0.4671874940395355 0.23935185372829437 0.0031250000465661287 0.023148147389292717
0 0.3466145694255829 0.8773148059844971 0.01718750037252903 0.06388889253139496
0 0.5338541865348816 0.0824074074625969 0.0010416667209938169 0.009259259328246117
0 0.7049478888511658 0.1449074000120163 0.0036458333488553762 0.008333333767950535
0 0.5192708373069763 0.14305555820465088 0.0020833334419876337 0.010185184888541698
0 0.49947917461395264 0.13472221791744232 0.0020833334419876337 0.008333333767950535
0 0.5841146111488342 0.45601850748062134 0.0078125 0.03981481492519379
1 0.8385416865348816 0.7222222089767456 0.10104166716337204 0.1537037044763565
1 0.7815104126930237 0.4138889014720917 0.03593749925494194 0.03703703731298447
4 0.9820312261581421 0.16249999403953552 0.03593749925494194 0.07129629701375961
