1 0.7640625238418579 0.38749998807907104 0.03333333507180214 0.034259259700775146
1 0.8033854365348816 0.6462963223457336 0.08489583432674408 0.12962962687015533
4 0.9763020873069763 0.15740740299224854 0.04739583283662796 0.06851851940155029
6 0.5562499761581421 0.07361111044883728 0.0010416667209938169 0.006481481250375509
6 0.5557291507720947 0.07314814627170563 0.0010416667209938169 0.0055555556900799274
6 0.5552083253860474 0.07222222536802292 0.0010416667209938169 0.0055555556900799274
6 0.5562499761581421 0.07500000298023224 0.0010416667209938169 0.0055555556900799274
7 0.6234375238418579 0.1328703761100769 0.00937500037252903 0.012037036940455437
8 0.5145833492279053 0.0833333358168602 0.0010416667209938169 0.009259259328246117
8 0.671093761920929 0.12916666269302368 0.006770833395421505 0.012037036940455437
7 0.5140625238418579 0.08981481194496155 0.0020833334419876337 0.009259259328246117
2 0.524218738079071 0.0824074074625969 0.008854166604578495 0.031481482088565826
1 0.5291666388511658 0.39259257912635803 0.01979166641831398 0.051851850003004074
7 0.6421874761581421 0.1328703761100769 0.010416666977107525 0.012037036940455437
1 0.7177083492279053 0.130092591047287 0.01666666753590107 0.012037036940455437
1 0.581250011920929 0.13240741193294525 0.01979166641831398 0.012962962500751019
8 0.5963541865348816 0.12777778506278992 0.0072916666977107525 0.012962962500751019
0 0.6330729126930237 0.2481481432914734 0.004687500186264515 0.024074073880910873
0 0.5317708253860474 0.0754629597067833 0.0010416667209938169 0.008333333767950535
0 0.6664062738418579 0.13379628956317902 0.0026041667442768812 0.013888888992369175
0 0.5494791865348816 0.11759259551763535 0.0020833334419876337 0.012962962500751019
0 0.5677083134651184 0.28333333134651184 0.004166666883975267 0.01666666753590107
0 0.5739583373069763 0.14027777314186096 0.0020833334419876337 0.008333333767950535
0 0.5411458611488342 0.11527777463197708 0.0020833334419876337 0.012037036940455437
0 0.5505208373069763 0.08518518507480621 0.0010416667209938169 0.009259259328246117
0 0.832812488079071 0.2509259283542633 0.008333333767950535 0.024074073880910873
0 0.6596354246139526 0.13472221791744232 0.0026041667442768812 0.013888888992369175
0 0.5328124761581421 0.10277777910232544 0.0010416667209938169 0.011111111380159855
0 0.5028645992279053 0.07916666567325592 0.0005208333604969084 0.008333333767950535
0 0.5541666746139526 0.08287037163972855 0.0010416667209938169 0.004629629664123058
0 0.9229166507720947 0.13657407462596893 0.0052083334885537624 0.013888888992369175
0 0.5346354246139526 0.08935185521841049 0.0015625000232830644 0.010185184888541698
0 0.6255208253860474 0.25 0.004166666883975267 0.01666666753590107
0 0.5330728888511658 0.10555555671453476 0.0015625000232830644 0.011111111380159855
0 0.664843738079071 0.12222222238779068 0.0026041667442768812 0.012962962500751019
0 0.5658854246139526 0.12129629403352737 0.0015625000232830644 0.007407407276332378
0 0.5388020873069763 0.09814814478158951 0.0015625000232830644 0.011111111380159855
0 0.895312488079071 0.2518518567085266 0.00937500037252903 0.024074073880910873
0 0.6234375238418579 0.23888888955116272 0.004166666883975267 0.02222222276031971
0 0.5424479246139526 0.11157407611608505 0.0015625000232830644 0.012037036940455437
0 0.5 0.09675925970077515 0.0010416667209938169 0.010185184888541698
0 0.5825520753860474 0.3712962865829468 0.00572916679084301 0.03333333507180214
0 0.45703125 0.2805555462837219 0.0036458333488553762 0.025925925001502037
0 0.5356770753860474 0.08981481194496155 0.0015625000232830644 0.009259259328246117
0 0.7502604126930237 0.13842593133449554 0.0036458333488553762 0.013888888992369175
0 0.9502604007720947 0.12777778506278992 0.004687500186264515 0.012962962500751019
0 0.9466145634651184 0.14166666567325592 0.00572916679084301 0.014814814552664757
0 0.46822917461395264 0.23055554926395416 0.0031250000465661287 0.02222222276031971
0 0.3658854067325592 0.7634259462356567 0.01406249962747097 0.05833333358168602
0 0.5333333611488342 0.08101851493120193 0.0010416667209938169 0.008333333767950535
0 0.996874988079071 0.14120370149612427 0.0062500000931322575 0.013888888992369175
0 0.5179687738418579 0.13935184478759766 0.0015625000232830644 0.010185184888541698
0 0.49947917461395264 0.1310185194015503 0.0020833334419876337 0.008333333767950535
0 0.5778645873069763 0.42314815521240234 0.006770833395421505 0.03703703731298447
1 0.8033854365348816 0.6462963223457336 0.08489583432674408 0.12962962687015533
1 0.7640625238418579 0.38749998807907104 0.03333333507180214 0.034259259700775146
4 0.9763020873069763 0.15740740299224854 0.04739583283662796 0.06851851940155029
