1 0.7872396111488342 0.4217592477798462 0.03697916492819786 0.037962961941957474
1 0.8497396111488342 0.7444444298744202 0.1067708358168602 0.16111111640930176
4 0.9841145873069763 0.16388888657093048 0.03177083283662796 0.07222222536802292
6 0.557812511920929 0.07500000298023224 0.0010416667209938169 0.0055555556900799274
6 0.5583333373069763 0.07685185223817825 0.0010416667209938169 0.0055555556900799274
6 0.5588541626930237 0.07777778059244156 0.0010416667209938169 0.0055555556900799274
6 0.5572916865348816 0.07407407462596893 0.0010416667209938169 0.0055555556900799274
6 0.5570312738418579 0.07314814627170563 0.0005208333604969084 0.0055555556900799274
6 0.5583333373069763 0.0763888880610466 0.0010416667209938169 0.006481481250375509
7 0.6299479007720947 0.13657407462596893 0.00989583320915699 0.012037036940455437
8 0.515625 0.08611111342906952 0.0010416667209938169 0.009259259328246117
8 0.6734374761581421 0.1328703761100769 0.0072916666977107525 0.012037036940455437
7 0.5151041746139526 0.09259258955717087 0.0020833334419876337 0.009259259328246117
2 0.5257812738418579 0.08564814925193787 0.008854166604578495 0.028703704476356506
1 0.5322916507720947 0.4175925850868225 0.02187499962747097 0.05740740895271301
7 0.649218738079071 0.13657407462596893 0.010937499813735485 0.012037036940455437
1 0.7216145992279053 0.13379628956317902 0.01718750037252903 0.012037036940455437
1 0.5861979126930237 0.13611111044883728 0.02031249925494194 0.012962962500751019
8 0.5997396111488342 0.13148148357868195 0.0078125 0.012962962500751019
0 0.6390625238418579 0.26249998807907104 0.0052083334885537624 0.02500000037252903
0 0.5333333611488342 0.07685185223817825 0.0010416667209938169 0.009259259328246117
0 0.6736978888511658 0.13842593133449554 0.0026041667442768812 0.013888888992369175
0 0.5523437261581421 0.12129629403352737 0.0015625000232830644 0.012962962500751019
0 0.5723958611488342 0.30000001192092896 0.0052083334885537624 0.01666666753590107
0 0.578125 0.1449074000120163 0.0020833334419876337 0.008333333767950535
0 0.5432291626930237 0.11851851642131805 0.0020833334419876337 0.012962962500751019
0 0.5526041388511658 0.08703703433275223 0.0010416667209938169 0.009259259328246117
0 0.8549479246139526 0.26527777314186096 0.008854166604578495 0.02500000037252903
0 0.6658853888511658 0.13935184478759766 0.0026041667442768812 0.013888888992369175
0 0.534375011920929 0.10555555671453476 0.0010416667209938169 0.011111111380159855
0 0.50390625 0.08148147910833359 0.0015625000232830644 0.009259259328246117
0 0.5559895634651184 0.08518518507480621 0.0015625000232830644 0.0055555556900799274
0 0.5361979007720947 0.0912037044763565 0.0015625000232830644 0.010185184888541698
0 0.6309896111488342 0.26435184478759766 0.004687500186264515 0.017592592164874077
0 0.8489583134651184 0.14907407760620117 0.0052083334885537624 0.009259259328246117
0 0.7294270992279053 0.2282407432794571 0.004687500186264515 0.015740741044282913
0 0.5346354246139526 0.10787037014961243 0.0015625000232830644 0.012037036940455437
0 0.6690104007720947 0.1259259283542633 0.0026041667442768812 0.012962962500751019
0 0.5692708492279053 0.12453703582286835 0.0020833334419876337 0.008333333767950535
0 0.5403645634651184 0.10092592239379883 0.0015625000232830644 0.011111111380159855
0 0.9200521111488342 0.26620370149612427 0.00989583320915699 0.02500000037252903
0 0.6283854246139526 0.2518518567085266 0.004687500186264515 0.024074073880910873
0 0.5440104007720947 0.11435185372829437 0.0015625000232830644 0.012037036940455437
0 0.5010416507720947 0.09953703731298447 0.0010416667209938169 0.010185184888541698
0 0.5895833373069763 0.4000000059604645 0.0062500000931322575 0.035185184329748154
0 0.4557291567325592 0.29722222685813904 0.004166666883975267 0.02777777798473835
0 0.5377604365348816 0.09212963283061981 0.0015625000232830644 0.010185184888541698
0 0.7606770992279053 0.14351852238178253 0.0036458333488553762 0.014814814552664757
0 0.9630208611488342 0.14722222089767456 0.0062500000931322575 0.014814814552664757
0 0.4677083194255829 0.2421296238899231 0.0031250000465661287 0.023148147389292717
0 0.3414062559604645 0.9120370149612427 0.01822916604578495 0.06481481343507767
0 0.5348958373069763 0.0824074074625969 0.0010416667209938169 0.009259259328246117
0 0.70703125 0.14629629254341125 0.0036458333488553762 0.009259259328246117
0 0.520312488079071 0.14398148655891418 0.0020833334419876337 0.010185184888541698
0 0.5 0.13564814627170563 0.0020833334419876337 0.008333333767950535
0 0.5864583253860474 0.46574074029922485 0.0072916666977107525 0.040740739554166794
1 0.8497396111488342 0.7444444298744202 0.1067708358168602 0.16111111640930176
1 0.7872396111488342 0.4217592477798462 0.03697916492819786 0.037962961941957474
4 0.9841145873069763 0.16388888657093048 0.03177083283662796 0.07222222536802292
