1 0.7919270992279053 0.42916667461395264 0.03802083432674408 0.037962961941957474
1 0.8604166507720947 0.7680555582046509 0.11145833134651184 0.16944444179534912
4 0.9854166507720947 0.16527777910232544 0.02916666679084301 0.07314814627170563
6 0.557812511920929 0.0754629597067833 0.0010416667209938169 0.006481481250375509
6 0.5583333373069763 0.07685185223817825 0.0010416667209938169 0.0055555556900799274
6 0.5572916865348816 0.07453703880310059 0.0010416667209938169 0.006481481250375509
6 0.5567708611488342 0.07407407462596893 0.0010416667209938169 0.0055555556900799274
6 0.5583333373069763 0.07685185223817825 0.0010416667209938169 0.0055555556900799274
7 0.6309896111488342 0.13750000298023224 0.00989583320915699 0.012037036940455437
8 0.5151041746139526 0.08657407760620117 0.0010416667209938169 0.010185184888541698
8 0.6734374761581421 0.13379628956317902 0.0072916666977107525 0.012037036940455437
7 0.5145833492279053 0.09305555373430252 0.0020833334419876337 0.010185184888541698
2 0.5255208611488342 0.08611111342906952 0.00937500037252903 0.02777777798473835
1 0.5325520634651184 0.42314815521240234 0.02135416679084301 0.05740740895271301
7 0.6502603888511658 0.13750000298023224 0.010937499813735485 0.012037036940455437
1 0.721875011920929 0.13472221791744232 0.01770833320915699 0.012037036940455437
1 0.5869791507720947 0.13703703880310059 0.02083333395421505 0.012962962500751019
8 0.6000000238418579 0.13240741193294525 0.0072916666977107525 0.012962962500751019
0 0.6401041746139526 0.26527777314186096 0.0052083334885537624 0.02500000037252903
0 0.5333333611488342 0.0773148164153099 0.0010416667209938169 0.008333333767950535
0 0.6747395992279053 0.13935184478759766 0.0026041667442768812 0.013888888992369175
0 0.5526041388511658 0.12222222238779068 0.0020833334419876337 0.012962962500751019
0 0.5729166865348816 0.30324074625968933 0.0052083334885537624 0.017592592164874077
0 0.5786458253860474 0.1458333283662796 0.0020833334419876337 0.008333333767950535
0 0.5434895753860474 0.11944444477558136 0.0015625000232830644 0.012962962500751019
0 0.5523437261581421 0.08749999850988388 0.0015625000232830644 0.010185184888541698
0 0.6669270992279053 0.1398148089647293 0.0026041667442768812 0.014814814552664757
0 0.534375011920929 0.10601852089166641 0.0010416667209938169 0.012037036940455437
0 0.5036458373069763 0.08148147910833359 0.0010416667209938169 0.009259259328246117
0 0.5559895634651184 0.08518518507480621 0.0015625000232830644 0.0055555556900799274
0 0.5361979007720947 0.09166666865348816 0.0015625000232830644 0.009259259328246117
0 0.632031261920929 0.2671296298503876 0.004687500186264515 0.017592592164874077
0 0.8505208492279053 0.15000000596046448 0.0052083334885537624 0.009259259328246117
0 0.7309895753860474 0.2300925999879837 0.004687500186264515 0.015740741044282913
0 0.5346354246139526 0.10833333432674408 0.0015625000232830644 0.011111111380159855
0 0.6695312261581421 0.1268518567085266 0.0026041667442768812 0.012962962500751019
0 0.5697916746139526 0.12546296417713165 0.0020833334419876337 0.008333333767950535
0 0.5403645634651184 0.10138888657093048 0.0015625000232830644 0.010185184888541698
0 0.9247395992279053 0.26944443583488464 0.010937499813735485 0.025925925001502037
0 0.62890625 0.25462964177131653 0.004687500186264515 0.024074073880910873
0 0.5440104007720947 0.11527777463197708 0.0015625000232830644 0.012037036940455437
0 0.5005208253860474 0.10000000149011612 0.0010416667209938169 0.011111111380159855
0 0.590624988079071 0.40648147463798523 0.0062500000931322575 0.035185184329748154
0 0.4546875059604645 0.30092594027519226 0.004166666883975267 0.02777777798473835
0 0.5377604365348816 0.09212963283061981 0.0015625000232830644 0.010185184888541698
0 0.762499988079071 0.14444445073604584 0.004166666883975267 0.014814814552664757
0 0.9651041626930237 0.1328703761100769 0.0052083334885537624 0.013888888992369175
0 0.4671874940395355 0.2439814805984497 0.0031250000465661287 0.023148147389292717
0 0.3346354067325592 0.9486111402511597 0.01927083358168602 0.06574074178934097
0 0.534375011920929 0.0833333358168602 0.0010416667209938169 0.009259259328246117
0 0.7085937261581421 0.14722222089767456 0.0036458333488553762 0.009259259328246117
0 0.520312488079071 0.1449074000120163 0.0020833334419876337 0.010185184888541698
0 0.5 0.13657407462596893 0.0020833334419876337 0.008333333767950535
0 0.5880208611488342 0.47546297311782837 0.008333333767950535 0.0416666679084301
1 0.8604166507720947 0.7680555582046509 0.11145833134651184 0.16944444179534912
1 0.7919270992279053 0.42916667461395264 0.03802083432674408 0.037962961941957474
4 0.9854166507720947 0.16527777910232544 0.02916666679084301 0.07314814627170563
