1 0.8697916865348816 0.5643518567085266 0.05416666716337204 0.05277777835726738
6 0.5489583611488342 0.07962962985038757 0.0010416667209938169 0.0055555556900799274
6 0.5494791865348816 0.08148147910833359 0.0010416667209938169 0.0055555556900799274
6 0.550000011920929 0.08287037163972855 0.0010416667209938169 0.006481481250375509
6 0.5484374761581421 0.07870370149612427 0.0010416667209938169 0.0055555556900799274
6 0.5479166507720947 0.07777778059244156 0.0010416667209938169 0.0055555556900799274
6 0.5494791865348816 0.08101851493120193 0.0010416667209938169 0.006481481250375509
7 0.6356770992279053 0.1509259194135666 0.010937499813735485 0.012962962500751019
8 0.5044270753860474 0.09398148208856583 0.0005208333604969084 0.010185184888541698
8 0.6661458611488342 0.14629629254341125 0.008333333767950535 0.012962962500751019
7 0.50390625 0.10138888657093048 0.0026041667442768812 0.010185184888541698
2 0.515625 0.09212963283061981 0.00937500037252903 0.028703704476356506
1 0.5299479365348816 0.5175926089286804 0.02656250074505806 0.07592592388391495
7 0.6539062261581421 0.15046297013759613 0.01197916641831398 0.013888888992369175
8 0.484375 0.07083333283662796 0.0031250000465661287 0.006481481250375509
1 0.7171875238418579 0.1467592567205429 0.01875000074505806 0.013888888992369175
1 0.5893229246139526 0.15046297013759613 0.02239583246409893 0.013888888992369175
8 0.596875011920929 0.1449074000120163 0.008333333767950535 0.013888888992369175
0 0.6460937261581421 0.3143518567085266 0.00572916679084301 0.028703704476356506
0 0.5234375 0.0824074074625969 0.0010416667209938169 0.009259259328246117
0 0.6822916865348816 0.15324074029922485 0.0031250000465661287 0.015740741044282913
0 0.5479166507720947 0.1328703761100769 0.0020833334419876337 0.013888888992369175
0 0.5752604007720947 0.3629629611968994 0.00572916679084301 0.020370369777083397
0 0.5776041746139526 0.16018518805503845 0.0031250000465661287 0.009259259328246117
0 0.535937488079071 0.13055555522441864 0.0020833334419876337 0.012962962500751019
0 0.543749988079071 0.09398148208856583 0.0010416667209938169 0.010185184888541698
0 0.9169270992279053 0.3157407343387604 0.01197916641831398 0.029629629105329514
0 0.6723958253860474 0.15324074029922485 0.0031250000465661287 0.015740741044282913
0 0.5252603888511658 0.11435185372829437 0.0015625000232830644 0.012037036940455437
0 0.49270832538604736 0.08703703433275223 0.0010416667209938169 0.009259259328246117
0 0.547656238079071 0.09074074029922485 0.0015625000232830644 0.0055555556900799274
0 0.526562511920929 0.09768518805503845 0.0010416667209938169 0.010185184888541698
0 0.6369791626930237 0.3166666626930237 0.0052083334885537624 0.020370369777083397
0 0.8635416626930237 0.16342592239379883 0.0052083334885537624 0.010185184888541698
0 0.7455729246139526 0.26435184478759766 0.00572916679084301 0.017592592164874077
0 0.5255208611488342 0.11666666716337204 0.0010416667209938169 0.012962962500751019
0 0.6682291626930237 0.13750000298023224 0.0031250000465661287 0.013888888992369175
0 0.56640625 0.13657407462596893 0.0026041667442768812 0.008333333767950535
0 0.53125 0.10972221940755844 0.0010416667209938169 0.012037036940455437
0 0.9901041388511658 0.3162037134170532 0.01354166679084301 0.028703704476356506
0 0.6328125 0.30000001192092896 0.0062500000931322575 0.02777777798473835
0 0.5361979007720947 0.1240740716457367 0.0015625000232830644 0.012962962500751019
0 0.48906248807907104 0.10787037014961243 0.0010416667209938169 0.012037036940455437
0 0.6039062738418579 0.5208333134651184 0.008854166604578495 0.043518517166376114
0 0.43437498807907104 0.36342594027519226 0.0052083334885537624 0.032407406717538834
0 0.5299479365348816 0.09861110895872116 0.0015625000232830644 0.010185184888541698
0 0.7783854007720947 0.1578703671693802 0.004687500186264515 0.015740741044282913
0 0.4505208432674408 0.28518518805503845 0.004166666883975267 0.025925925001502037
0 0.5247395634651184 0.08888889104127884 0.0015625000232830644 0.009259259328246117
0 0.71875 0.16111111640930176 0.004166666883975267 0.009259259328246117
0 0.5130208134651184 0.16018518805503845 0.0020833334419876337 0.011111111380159855
0 0.48750001192092896 0.1509259194135666 0.0020833334419876337 0.009259259328246117
0 0.6114583611488342 0.668055534362793 0.01145833358168602 0.05277777835726738
1 0.8697916865348816 0.5643518567085266 0.05416666716337204 0.05277777835726738
