1 0.8611978888511658 0.5513888597488403 0.05260416492819786 0.05092592537403107
4 0.99609375 0.18009258806705475 0.0078125 0.0824074074625969
6 0.5479166507720947 0.07916666567325592 0.0010416667209938169 0.006481481250375509
6 0.5489583611488342 0.08101851493120193 0.0010416667209938169 0.006481481250375509
6 0.5489583611488342 0.08194444328546524 0.0010416667209938169 0.006481481250375509
6 0.5473958253860474 0.07870370149612427 0.0010416667209938169 0.0055555556900799274
6 0.5473958253860474 0.07777778059244156 0.0010416667209938169 0.0055555556900799274
6 0.5484374761581421 0.08055555820465088 0.0010416667209938169 0.0055555556900799274
7 0.6341145634651184 0.15000000596046448 0.010937499813735485 0.012962962500751019
8 0.5036458373069763 0.09305555373430252 0.0010416667209938169 0.010185184888541698
8 0.6651041507720947 0.14537036418914795 0.008333333767950535 0.012962962500751019
7 0.503125011920929 0.10092592239379883 0.0020833334419876337 0.011111111380159855
2 0.514843761920929 0.09166666865348816 0.00989583320915699 0.029629629105329514
1 0.5289062261581421 0.510185182094574 0.02656250074505806 0.07407407462596893
7 0.6520833373069763 0.14907407760620117 0.01145833358168602 0.012962962500751019
8 0.48359376192092896 0.07037036865949631 0.0036458333488553762 0.007407407276332378
1 0.715624988079071 0.14537036418914795 0.01875000074505806 0.012962962500751019
1 0.5877603888511658 0.14907407760620117 0.02239583246409893 0.014814814552664757
8 0.5955728888511658 0.14398148655891418 0.0078125 0.013888888992369175
0 0.6442708373069763 0.3106481432914734 0.0062500000931322575 0.028703704476356506
0 0.5223958492279053 0.08148147910833359 0.0010416667209938169 0.009259259328246117
0 0.6796875 0.1518518477678299 0.0031250000465661287 0.014814814552664757
0 0.546875 0.1319444477558136 0.0020833334419876337 0.013888888992369175
0 0.5736979246139526 0.3583333194255829 0.00572916679084301 0.020370369777083397
0 0.5763021111488342 0.15925925970077515 0.0026041667442768812 0.009259259328246117
0 0.5354166626930237 0.12962962687015533 0.0020833334419876337 0.012962962500751019
0 0.9973958134651184 0.15509259700775146 0.0052083334885537624 0.015740741044282913
0 0.54296875 0.09305555373430252 0.0015625000232830644 0.010185184888541698
0 0.6703125238418579 0.15231481194496155 0.0031250000465661287 0.015740741044282913
0 0.524218738079071 0.11342592537403107 0.0015625000232830644 0.012037036940455437
0 0.4919270873069763 0.08657407760620117 0.0015625000232830644 0.010185184888541698
0 0.5466145873069763 0.09074074029922485 0.0015625000232830644 0.0055555556900799274
0 0.9536458253860474 0.15231481194496155 0.0062500000931322575 0.015740741044282913
0 0.5260416865348816 0.0972222238779068 0.0010416667209938169 0.011111111380159855
0 0.6354166865348816 0.31203705072402954 0.0052083334885537624 0.020370369777083397
0 0.8604166507720947 0.16203702986240387 0.0052083334885537624 0.009259259328246117
0 0.742968738079071 0.26157405972480774 0.00572916679084301 0.017592592164874077
0 0.5247395634651184 0.11620370298624039 0.0015625000232830644 0.012037036940455437
0 0.6666666865348816 0.13657407462596893 0.0031250000465661287 0.013888888992369175
0 0.5651041865348816 0.13564814627170563 0.0020833334419876337 0.008333333767950535
0 0.530468761920929 0.10879629850387573 0.0015625000232830644 0.012037036940455437
0 0.9825521111488342 0.31203705072402954 0.013020833022892475 0.029629629105329514
0 0.6312500238418579 0.29629629850387573 0.0062500000931322575 0.02777777798473835
0 0.53515625 0.12314815074205399 0.0015625000232830644 0.012962962500751019
0 0.48828125 0.10740740597248077 0.0015625000232830644 0.011111111380159855
0 0.6015625 0.5106481313705444 0.008333333767950535 0.043518517166376114
0 0.4348958432674408 0.35879629850387573 0.0052083334885537624 0.032407406717538834
0 0.5289062261581421 0.09814814478158951 0.0015625000232830644 0.011111111380159855
0 0.7752603888511658 0.15694443881511688 0.004687500186264515 0.015740741044282913
0 0.9791666865348816 0.14074073731899261 0.0062500000931322575 0.014814814552664757
0 0.4502604305744171 0.2819444537162781 0.0036458333488553762 0.026851851493120193
0 0.5239583253860474 0.08842592686414719 0.0010416667209938169 0.010185184888541698
0 0.7166666388511658 0.1597222238779068 0.004166666883975267 0.010185184888541698
0 0.5119791626930237 0.1587962955236435 0.0020833334419876337 0.012037036940455437
0 0.4869791567325592 0.15000000596046448 0.0020833334419876337 0.009259259328246117
0 0.6080729365348816 0.6499999761581421 0.010937499813735485 0.051851850003004074
1 0.8611978888511658 0.5513888597488403 0.05260416492819786 0.05092592537403107
4 0.99609375 0.18009258806705475 0.0078125 0.0824074074625969
