1 0.8833333253860474 0.5884259343147278 0.0572916679084301 0.05462963134050369
6 0.546875 0.08009259402751923 0.0010416667209938169 0.006481481250375509
6 0.5473958253860474 0.08194444328546524 0.0010416667209938169 0.006481481250375509
6 0.5479166507720947 0.08287037163972855 0.0010416667209938169 0.006481481250375509
6 0.5463541746139526 0.07916666567325592 0.0010416667209938169 0.006481481250375509
6 0.5458333492279053 0.07824073731899261 0.0010416667209938169 0.006481481250375509
6 0.546875 0.08194444328546524 0.0010416667209938169 0.006481481250375509
7 0.6346353888511658 0.1527777761220932 0.010937499813735485 0.012962962500751019
8 0.5018228888511658 0.09490741044282913 0.0005208333604969084 0.010185184888541698
8 0.6638020873069763 0.1476851850748062 0.0078125 0.013888888992369175
7 0.5013020634651184 0.10277777910232544 0.0026041667442768812 0.011111111380159855
2 0.5130208134651184 0.09305555373430252 0.00937500037252903 0.028703704476356506
1 0.5289062261581421 0.5333333611488342 0.02760416641831398 0.07962962985038757
7 0.6533854007720947 0.15231481194496155 0.01197916641831398 0.013888888992369175
8 0.48255208134651184 0.07129629701375961 0.0036458333488553762 0.007407407276332378
1 0.7151041626930237 0.1476851850748062 0.01875000074505806 0.013888888992369175
1 0.5888020992279053 0.1518518477678299 0.02239583246409893 0.014814814552664757
8 0.5953124761581421 0.1467592567205429 0.008333333767950535 0.013888888992369175
0 0.6463541388511658 0.3222222328186035 0.0062500000931322575 0.029629629105329514
0 0.5208333134651184 0.0824074074625969 0.0010416667209938169 0.009259259328246117
0 0.6822916865348816 0.15509259700775146 0.0031250000465661287 0.015740741044282913
0 0.5463541746139526 0.13472221791744232 0.0020833334419876337 0.013888888992369175
0 0.574999988079071 0.37268519401550293 0.0062500000931322575 0.021296296268701553
0 0.5765625238418579 0.16249999403953552 0.0031250000465661287 0.010185184888541698
0 0.5338541865348816 0.1319444477558136 0.0020833334419876337 0.013888888992369175
0 0.5416666865348816 0.09490741044282913 0.0010416667209938169 0.010185184888541698
0 0.671875 0.15555556118488312 0.0031250000465661287 0.01666666753590107
0 0.522656261920929 0.11527777463197708 0.0015625000232830644 0.012037036940455437
0 0.49010416865348816 0.08796296268701553 0.0010416667209938169 0.009259259328246117
0 0.5453125238418579 0.09166666865348816 0.0010416667209938169 0.0055555556900799274
0 0.9588541388511658 0.15509259700775146 0.0062500000931322575 0.015740741044282913
0 0.524218738079071 0.09861110895872116 0.0015625000232830644 0.010185184888541698
0 0.6372395753860474 0.3245370388031006 0.00572916679084301 0.021296296268701553
0 0.864062488079071 0.16527777910232544 0.0052083334885537624 0.010185184888541698
0 0.7471354007720947 0.2699074149131775 0.00572916679084301 0.017592592164874077
0 0.5231770873069763 0.1180555522441864 0.0015625000232830644 0.012037036940455437
0 0.6669270992279053 0.1388888955116272 0.0026041667442768812 0.014814814552664757
0 0.5651041865348816 0.1379629671573639 0.0020833334419876337 0.009259259328246117
0 0.5289062261581421 0.11064814776182175 0.0015625000232830644 0.012037036940455437
0 0.99609375 0.3231481611728668 0.0078125 0.029629629105329514
0 0.6322916746139526 0.30694442987442017 0.0062500000931322575 0.028703704476356506
0 0.5335937738418579 0.125 0.0015625000232830644 0.012962962500751019
0 0.48619791865348816 0.10925926268100739 0.0015625000232830644 0.011111111380159855
0 0.6059895753860474 0.5407407283782959 0.008854166604578495 0.04444444552063942
0 0.43020832538604736 0.3740740716457367 0.0052083334885537624 0.03333333507180214
0 0.5278645753860474 0.09953703731298447 0.0015625000232830644 0.010185184888541698
0 0.7794271111488342 0.1597222238779068 0.004687500186264515 0.015740741044282913
0 0.9838541746139526 0.14351852238178253 0.0062500000931322575 0.014814814552664757
0 0.4468750059604645 0.29212963581085205 0.004166666883975267 0.026851851493120193
0 0.5223958492279053 0.08981481194496155 0.0010416667209938169 0.009259259328246117
0 0.7192708253860474 0.16296295821666718 0.004166666883975267 0.009259259328246117
0 0.510937511920929 0.16203702986240387 0.0020833334419876337 0.011111111380159855
0 0.4846354126930237 0.15324074029922485 0.0026041667442768812 0.010185184888541698
0 0.6161458492279053 0.7074074149131775 0.012500000186264515 0.0555555559694767
1 0.8833333253860474 0.5884259343147278 0.0572916679084301 0.05462963134050369
