1 0.8463541865348816 0.5287036895751953 0.04895833507180214 0.04814814776182175
4 0.9927083253860474 0.17731481790542603 0.014583333395421505 0.08055555820465088
6 0.5473958253860474 0.07870370149612427 0.0010416667209938169 0.0055555556900799274
6 0.5484374761581421 0.08055555820465088 0.0010416667209938169 0.0055555556900799274
6 0.5484374761581421 0.08194444328546524 0.0010416667209938169 0.006481481250375509
6 0.546875 0.07777778059244156 0.0010416667209938169 0.0055555556900799274
6 0.546875 0.07685185223817825 0.0010416667209938169 0.0055555556900799274
6 0.5479166507720947 0.08009259402751923 0.0010416667209938169 0.006481481250375509
7 0.6317708492279053 0.1476851850748062 0.010416666977107525 0.012037036940455437
8 0.5036458373069763 0.09212963283061981 0.0010416667209938169 0.010185184888541698
8 0.6643229126930237 0.14305555820465088 0.0078125 0.012037036940455437
7 0.503125011920929 0.09953703731298447 0.0020833334419876337 0.010185184888541698
2 0.5145833492279053 0.0912037044763565 0.00937500037252903 0.028703704476356506
1 0.5278645753860474 0.4958333373069763 0.02552083320915699 0.07129629701375961
7 0.6499999761581421 0.14722222089767456 0.01145833358168602 0.012962962500751019
8 0.4828124940395355 0.06990740448236465 0.0031250000465661287 0.006481481250375509
1 0.7145833373069763 0.14351852238178253 0.01875000074505806 0.012962962500751019
1 0.5854166746139526 0.14722222089767456 0.02187499962747097 0.014814814552664757
8 0.5942708253860474 0.14212962985038757 0.008333333767950535 0.013888888992369175
0 0.641406238079071 0.3027777671813965 0.00572916679084301 0.02777777798473835
0 0.5218750238418579 0.08101851493120193 0.0010416667209938169 0.008333333767950535
0 0.6770833134651184 0.15000000596046448 0.0031250000465661287 0.014814814552664757
0 0.5458333492279053 0.13055555522441864 0.0020833334419876337 0.012962962500751019
0 0.5716145634651184 0.3490740656852722 0.00572916679084301 0.020370369777083397
0 0.5747395753860474 0.15694443881511688 0.0026041667442768812 0.010185184888541698
0 0.534375011920929 0.12777778506278992 0.0020833334419876337 0.012962962500751019
0 0.9919270873069763 0.15324074029922485 0.006770833395421505 0.015740741044282913
0 0.5424479246139526 0.09212963283061981 0.0015625000232830644 0.010185184888541698
0 0.6677083373069763 0.15046297013759613 0.0031250000465661287 0.015740741044282913
0 0.5239583253860474 0.11249999701976776 0.0010416667209938169 0.012037036940455437
0 0.49166667461395264 0.08611111342906952 0.0010416667209938169 0.009259259328246117
0 0.546093761920929 0.08981481194496155 0.0015625000232830644 0.0055555556900799274
0 0.5255208611488342 0.0962962955236435 0.0010416667209938169 0.011111111380159855
0 0.6328125 0.3046296238899231 0.0052083334885537624 0.020370369777083397
0 0.856249988079071 0.1597222238779068 0.0052083334885537624 0.010185184888541698
0 0.7388020753860474 0.2560185194015503 0.00572916679084301 0.017592592164874077
0 0.524218738079071 0.11481481790542603 0.0015625000232830644 0.012962962500751019
0 0.6653645634651184 0.13472221791744232 0.0026041667442768812 0.013888888992369175
0 0.5640624761581421 0.13379628956317902 0.0020833334419876337 0.008333333767950535
0 0.5299479365348816 0.10787037014961243 0.0015625000232830644 0.012037036940455437
0 0.6291666626930237 0.28935185074806213 0.0052083334885537624 0.026851851493120193
0 0.5346354246139526 0.12222222238779068 0.0015625000232830644 0.012962962500751019
0 0.48828125 0.10648148506879807 0.0015625000232830644 0.011111111380159855
0 0.5979166626930237 0.4921296238899231 0.008333333767950535 0.0416666679084301
0 0.4361979067325592 0.3490740656852722 0.004687500186264515 0.031481482088565826
0 0.5283854007720947 0.0972222238779068 0.0015625000232830644 0.011111111380159855
0 0.7708333134651184 0.15416666865348816 0.004166666883975267 0.015740741044282913
0 0.9736979007720947 0.13935184478759766 0.00572916679084301 0.013888888992369175
0 0.9833333492279053 0.15740740299224854 0.0072916666977107525 0.01666666753590107
0 0.45130208134651184 0.2759259343147278 0.0036458333488553762 0.025925925001502037
0 0.5234375 0.08749999850988388 0.0010416667209938169 0.010185184888541698
0 0.7130208611488342 0.15740740299224854 0.004166666883975267 0.009259259328246117
0 0.5114583373069763 0.15648147463798523 0.0020833334419876337 0.011111111380159855
0 0.4869791567325592 0.14814814925193787 0.0020833334419876337 0.009259259328246117
0 0.6026041507720947 0.6166666746139526 0.010416666977107525 0.05000000074505806
1 0.8463541865348816 0.5287036895751953 0.04895833507180214 0.04814814776182175
4 0.9927083253860474 0.17731481790542603 0.014583333395421505 0.08055555820465088
