1 0.8776041865348816 0.5768518447875977 0.05520833283662796 0.05370370298624039
6 0.5489583611488342 0.08009259402751923 0.0010416667209938169 0.006481481250375509
6 0.5494791865348816 0.08194444328546524 0.0010416667209938169 0.006481481250375509
6 0.550000011920929 0.08287037163972855 0.0010416667209938169 0.006481481250375509
6 0.5484374761581421 0.07916666567325592 0.0010416667209938169 0.006481481250375509
6 0.5479166507720947 0.07824073731899261 0.0010416667209938169 0.006481481250375509
6 0.5494791865348816 0.08101851493120193 0.0010416667209938169 0.006481481250375509
7 0.6361979246139526 0.1518518477678299 0.010937499813735485 0.012962962500751019
8 0.5041666626930237 0.09444444626569748 0.0010416667209938169 0.011111111380159855
8 0.6661458611488342 0.1467592567205429 0.008333333767950535 0.013888888992369175
7 0.5036458373069763 0.10231481492519379 0.0020833334419876337 0.010185184888541698
2 0.5153645873069763 0.09259258955717087 0.00989583320915699 0.029629629105329514
1 0.5302083492279053 0.5249999761581421 0.02708333358168602 0.07777778059244156
7 0.6546875238418579 0.15138888359069824 0.01145833358168602 0.013888888992369175
8 0.4846354126930237 0.07083333283662796 0.0036458333488553762 0.006481481250375509
1 0.7171875238418579 0.1476851850748062 0.01875000074505806 0.013888888992369175
1 0.5901041626930237 0.15138888359069824 0.02291666716337204 0.013888888992369175
8 0.596875011920929 0.1458333283662796 0.008333333767950535 0.013888888992369175
0 0.6471354365348816 0.3185185194015503 0.006770833395421505 0.029629629105329514
0 0.5229166746139526 0.0824074074625969 0.0010416667209938169 0.009259259328246117
0 0.6833333373069763 0.15416666865348816 0.0031250000465661287 0.015740741044282913
0 0.5481770634651184 0.13379628956317902 0.0015625000232830644 0.013888888992369175
0 0.5760416388511658 0.3680555522441864 0.0062500000931322575 0.021296296268701553
0 0.578125 0.1615740805864334 0.0031250000465661287 0.010185184888541698
0 0.535937488079071 0.1310185194015503 0.0020833334419876337 0.013888888992369175
0 0.543749988079071 0.09398148208856583 0.0010416667209938169 0.010185184888541698
0 0.6734374761581421 0.15509259700775146 0.0031250000465661287 0.015740741044282913
0 0.5249999761581421 0.11435185372829437 0.0010416667209938169 0.012037036940455437
0 0.4924479126930237 0.08749999850988388 0.0015625000232830644 0.010185184888541698
0 0.547656238079071 0.0912037044763565 0.0015625000232830644 0.006481481250375509
0 0.526562511920929 0.09814814478158951 0.0010416667209938169 0.011111111380159855
0 0.6380208134651184 0.3203703761100769 0.0052083334885537624 0.020370369777083397
0 0.8651041388511658 0.16435185074806213 0.0052083334885537624 0.010185184888541698
0 0.7476562261581421 0.2671296298503876 0.00572916679084301 0.017592592164874077
0 0.5252603888511658 0.11712963134050369 0.0015625000232830644 0.012037036940455437
0 0.668749988079071 0.13842593133449554 0.0031250000465661287 0.013888888992369175
0 0.5666666626930237 0.13750000298023224 0.0020833334419876337 0.008333333767950535
0 0.53125 0.1101851835846901 0.0010416667209938169 0.011111111380159855
0 0.9945312738418579 0.3203703761100769 0.010937499813735485 0.029629629105329514
0 0.633593738079071 0.3037036955356598 0.00572916679084301 0.02777777798473835
0 0.535937488079071 0.125 0.0020833334419876337 0.012962962500751019
0 0.4885416626930237 0.10833333432674408 0.0010416667209938169 0.011111111380159855
0 0.6059895753860474 0.5305555462837219 0.008854166604578495 0.04444444552063942
0 0.4333333373069763 0.3689814805984497 0.0052083334885537624 0.032407406717538834
0 0.5299479365348816 0.09907407313585281 0.0015625000232830644 0.011111111380159855
0 0.7799479365348816 0.1587962955236435 0.004687500186264515 0.015740741044282913
0 0.9848958253860474 0.14259259402751923 0.0062500000931322575 0.014814814552664757
0 0.44973957538604736 0.28842592239379883 0.0036458333488553762 0.026851851493120193
0 0.5244791507720947 0.08935185521841049 0.0010416667209938169 0.010185184888541698
0 0.7203124761581421 0.16203702986240387 0.004166666883975267 0.009259259328246117
0 0.5130208134651184 0.16111111640930176 0.0020833334419876337 0.011111111380159855
0 0.4872395694255829 0.1518518477678299 0.0026041667442768812 0.009259259328246117
0 0.6145833134651184 0.6870370507240295 0.012500000186264515 0.05370370298624039
1 0.8776041865348816 0.5768518447875977 0.05520833283662796 0.05370370298624039
