1 0.96484375 0.730555534362793 0.0703125 0.07037036865949631
6 0.5416666865348816 0.08287037163972855 0.0010416667209938169 0.006481481250375509
6 0.542187511920929 0.08472222089767456 0.0010416667209938169 0.006481481250375509
6 0.5427083373069763 0.08657407760620117 0.0010416667209938169 0.006481481250375509
6 0.5411458611488342 0.08194444328546524 0.0010416667209938169 0.006481481250375509
6 0.5406249761581421 0.08101851493120193 0.0010416667209938169 0.006481481250375509
6 0.5416666865348816 0.08472222089767456 0.0010416667209938169 0.006481481250375509
7 0.635937511920929 0.1615740805864334 0.01145833358168602 0.013888888992369175
8 0.49531251192092896 0.10000000149011612 0.0010416667209938169 0.011111111380159855
8 0.6598958373069763 0.15601852536201477 0.008333333767950535 0.013888888992369175
7 0.4945312440395355 0.10833333432674408 0.0026041667442768812 0.011111111380159855
2 0.507031261920929 0.09675925970077515 0.00989583320915699 0.03055555559694767
1 0.528124988079071 0.6189814805984497 0.03229166567325592 0.0972222238779068
7 0.6583333611488342 0.16111111640930176 0.012500000186264515 0.014814814552664757
8 0.47838541865348816 0.07361111044883728 0.0036458333488553762 0.006481481250375509
1 0.7135416865348816 0.15648147463798523 0.01979166641831398 0.014814814552664757
1 0.5908854007720947 0.1615740805864334 0.02447916753590107 0.015740741044282913
8 0.5940104126930237 0.1546296328306198 0.008854166604578495 0.014814814552664757
0 0.6536458134651184 0.36342594027519226 0.0072916666977107525 0.032407406717538834
0 0.5145833492279053 0.08611111342906952 0.0010416667209938169 0.009259259328246117
0 0.688281238079071 0.1648148149251938 0.0036458333488553762 0.01666666753590107
0 0.543749988079071 0.14166666567325592 0.0020833334419876337 0.014814814552664757
0 0.5786458253860474 0.42314815521240234 0.0072916666977107525 0.024074073880910873
0 0.5765625238418579 0.1726851910352707 0.0031250000465661287 0.010185184888541698
0 0.5291666388511658 0.1398148089647293 0.0020833334419876337 0.014814814552664757
0 0.5364583134651184 0.09861110895872116 0.0010416667209938169 0.010185184888541698
0 0.6768229007720947 0.1648148149251938 0.0036458333488553762 0.01666666753590107
0 0.5169270634651184 0.12037037312984467 0.0015625000232830644 0.012962962500751019
0 0.4833333194255829 0.09166666865348816 0.0010416667209938169 0.009259259328246117
0 0.5403645634651184 0.09537036716938019 0.0015625000232830644 0.0055555556900799274
0 0.9731770753860474 0.16296295821666718 0.006770833395421505 0.01666666753590107
0 0.5184895992279053 0.10277777910232544 0.0015625000232830644 0.011111111380159855
0 0.6432291865348816 0.3652777671813965 0.0062500000931322575 0.023148147389292717
0 0.874218761920929 0.1745370328426361 0.00572916679084301 0.010185184888541698
0 0.7601562738418579 0.2967592477798462 0.006770833395421505 0.01944444514811039
0 0.5174478888511658 0.12314815074205399 0.0015625000232830644 0.012962962500751019
0 0.6666666865348816 0.14629629254341125 0.0031250000465661287 0.014814814552664757
0 0.5635416507720947 0.14537036418914795 0.0020833334419876337 0.009259259328246117
0 0.5236979126930237 0.11620370298624039 0.0015625000232830644 0.012037036940455437
0 0.6356770992279053 0.3453703820705414 0.006770833395421505 0.031481482088565826
0 0.5289062261581421 0.13148148357868195 0.0015625000232830644 0.012962962500751019
0 0.4789062440395355 0.11435185372829437 0.0015625000232830644 0.012037036940455437
0 0.6216145753860474 0.6527777910232544 0.01197916641831398 0.051851850003004074
0 0.4143229126930237 0.4287036955356598 0.006770833395421505 0.03703703731298447
0 0.5231770873069763 0.10370370000600815 0.0015625000232830644 0.011111111380159855
0 0.7914062738418579 0.16944444179534912 0.004687500186264515 0.01666666753590107
0 0.996874988079071 0.14953704178333282 0.0062500000931322575 0.015740741044282913
0 0.4351562559604645 0.32499998807907104 0.004687500186264515 0.029629629105329514
0 0.5161458253860474 0.09351851791143417 0.0010416667209938169 0.009259259328246117
0 0.7276041507720947 0.1726851910352707 0.004166666883975267 0.010185184888541698
0 0.5065104365348816 0.1726851910352707 0.0026041667442768812 0.012037036940455437
0 0.4768229126930237 0.16342592239379883 0.0026041667442768812 0.010185184888541698
0 0.6499999761581421 0.9486111402511597 0.01875000074505806 0.06574074178934097
1 0.96484375 0.730555534362793 0.0703125 0.07037036865949631
