1 0.9419270753860474 0.6884258985519409 0.0703125 0.06574074178934097
6 0.5416666865348816 0.0824074074625969 0.0010416667209938169 0.0055555556900799274
6 0.5424479246139526 0.08472222089767456 0.0015625000232830644 0.006481481250375509
6 0.5427083373069763 0.08564814925193787 0.0010416667209938169 0.006481481250375509
6 0.5411458611488342 0.08148147910833359 0.0010416667209938169 0.0055555556900799274
6 0.5406249761581421 0.08055555820465088 0.0010416667209938169 0.0055555556900799274
6 0.542187511920929 0.08379629999399185 0.0010416667209938169 0.006481481250375509
7 0.6343749761581421 0.15925925970077515 0.01145833358168602 0.012962962500751019
8 0.4958333373069763 0.09861110895872116 0.0010416667209938169 0.010185184888541698
8 0.6598958373069763 0.1537037044763565 0.008333333767950535 0.012962962500751019
7 0.49531251192092896 0.10740740597248077 0.0020833334419876337 0.011111111380159855
2 0.5075520873069763 0.09583333134651184 0.00989583320915699 0.03055555559694767
1 0.52734375 0.595370352268219 0.03177083283662796 0.09259258955717087
7 0.655468761920929 0.1587962955236435 0.01197916641831398 0.013888888992369175
8 0.4781250059604645 0.07314814627170563 0.0031250000465661287 0.007407407276332378
1 0.7124999761581421 0.15416666865348816 0.01979166641831398 0.013888888992369175
1 0.5893229246139526 0.1587962955236435 0.0234375 0.015740741044282913
8 0.5932291746139526 0.1527777761220932 0.008333333767950535 0.014814814552664757
0 0.6505208611488342 0.35185185074806213 0.0072916666977107525 0.031481482088565826
0 0.5151041746139526 0.08518518507480621 0.0010416667209938169 0.009259259328246117
0 0.6854166388511658 0.16203702986240387 0.0031250000465661287 0.01666666753590107
0 0.5432291626930237 0.1398148089647293 0.0020833334419876337 0.014814814552664757
0 0.5768229365348816 0.4097222089767456 0.006770833395421505 0.023148147389292717
0 0.5755208134651184 0.16990740597248077 0.0031250000465661287 0.010185184888541698
0 0.5294271111488342 0.1379629671573639 0.0015625000232830644 0.014814814552664757
0 0.5367187261581421 0.09768518805503845 0.0015625000232830644 0.010185184888541698
0 0.9585937261581421 0.35092592239379883 0.01406249962747097 0.031481482088565826
0 0.6742187738418579 0.16249999403953552 0.0036458333488553762 0.015740741044282913
0 0.5174478888511658 0.11898148059844971 0.0015625000232830644 0.012037036940455437
0 0.48385417461395264 0.09074074029922485 0.0010416667209938169 0.009259259328246117
0 0.5403645634651184 0.09444444626569748 0.0015625000232830644 0.0055555556900799274
0 0.9674479365348816 0.1606481522321701 0.006770833395421505 0.015740741044282913
0 0.518750011920929 0.10185185074806213 0.0010416667209938169 0.011111111380159855
0 0.640625 0.3541666567325592 0.0062500000931322575 0.023148147389292717
0 0.8700520992279053 0.17175926268100739 0.00572916679084301 0.010185184888541698
0 0.7554687261581421 0.28935185074806213 0.006770833395421505 0.01944444514811039
0 0.5179687738418579 0.12175925821065903 0.0015625000232830644 0.012037036940455437
0 0.6656249761581421 0.14444445073604584 0.0031250000465661287 0.014814814552664757
0 0.5627604126930237 0.14351852238178253 0.0026041667442768812 0.009259259328246117
0 0.5236979126930237 0.11527777463197708 0.0015625000232830644 0.012037036940455437
0 0.633593738079071 0.33472222089767456 0.006770833395421505 0.03055555559694767
0 0.5289062261581421 0.130092591047287 0.0015625000232830644 0.013888888992369175
0 0.47968751192092896 0.11342592537403107 0.0010416667209938169 0.012037036940455437
0 0.6161458492279053 0.6203703880310059 0.010416666977107525 0.05000000074505806
0 0.4177083373069763 0.41435185074806213 0.0062500000931322575 0.03611111268401146
0 0.5231770873069763 0.10277777910232544 0.0015625000232830644 0.011111111380159855
0 0.7869791388511658 0.1666666716337204 0.0052083334885537624 0.01666666753590107
0 0.9919270873069763 0.1476851850748062 0.006770833395421505 0.015740741044282913
0 0.4372395873069763 0.3162037134170532 0.004687500186264515 0.028703704476356506
0 0.5166666507720947 0.09259258955717087 0.0010416667209938169 0.009259259328246117
0 0.7242187261581421 0.16990740597248077 0.004687500186264515 0.010185184888541698
0 0.5067708492279053 0.16990740597248077 0.0020833334419876337 0.012037036940455437
0 0.4778645932674408 0.1606481522321701 0.0026041667442768812 0.010185184888541698
0 0.6385416388511658 0.875 0.01666666753590107 0.06296296417713165
1 0.9419270753860474 0.6884258985519409 0.0703125 0.06574074178934097
