1 0.9041666388511658 0.6296296119689941 0.0625 0.05925925821065903
6 0.5401041507720947 0.08101851493120193 0.0010416667209938169 0.006481481250375509
6 0.5408853888511658 0.08287037163972855 0.0015625000232830644 0.006481481250375509
6 0.5411458611488342 0.08472222089767456 0.0010416667209938169 0.006481481250375509
6 0.5395833253860474 0.08009259402751923 0.0010416667209938169 0.006481481250375509
6 0.5390625 0.07916666567325592 0.0010416667209938169 0.006481481250375509
6 0.5406249761581421 0.08287037163972855 0.0010416667209938169 0.006481481250375509
7 0.6299479007720947 0.15555556118488312 0.010937499813735485 0.012962962500751019
8 0.4947916567325592 0.09675925970077515 0.0010416667209938169 0.010185184888541698
8 0.6575520634651184 0.15000000596046448 0.0078125 0.012962962500751019
7 0.49427083134651184 0.10462962836027145 0.0020833334419876337 0.011111111380159855
2 0.5062500238418579 0.09444444626569748 0.00937500037252903 0.029629629105329514
1 0.5249999761581421 0.5611110925674438 0.02916666679084301 0.08518518507480621
7 0.6502603888511658 0.15509259700775146 0.01197916641831398 0.013888888992369175
8 0.4763020873069763 0.07222222536802292 0.0036458333488553762 0.007407407276332378
1 0.7091146111488342 0.15046297013759613 0.01927083358168602 0.013888888992369175
1 0.5848958492279053 0.15555556118488312 0.02291666716337204 0.014814814552664757
8 0.5901041626930237 0.14953704178333282 0.008333333767950535 0.013888888992369175
0 0.6442708373069763 0.33564814925193787 0.0062500000931322575 0.03055555559694767
0 0.5140625238418579 0.08425925672054291 0.0010416667209938169 0.009259259328246117
0 0.6791666746139526 0.1578703671693802 0.0031250000465661287 0.015740741044282913
0 0.5408853888511658 0.13703703880310059 0.0015625000232830644 0.014814814552664757
0 0.5721353888511658 0.3888888955116272 0.006770833395421505 0.02222222276031971
0 0.5721353888511658 0.16620370745658875 0.0026041667442768812 0.010185184888541698
0 0.5276041626930237 0.13472221791744232 0.0020833334419876337 0.013888888992369175
0 0.53515625 0.09583333134651184 0.0015625000232830644 0.010185184888541698
0 0.668749988079071 0.15833333134651184 0.0031250000465661287 0.01666666753590107
0 0.5161458253860474 0.11712963134050369 0.0010416667209938169 0.012037036940455437
0 0.4830729067325592 0.08935185521841049 0.0015625000232830644 0.010185184888541698
0 0.5388020873069763 0.09305555373430252 0.0015625000232830644 0.006481481250375509
0 0.9559895992279053 0.15694443881511688 0.006770833395421505 0.015740741044282913
0 0.5177083611488342 0.10000000149011612 0.0010416667209938169 0.011111111380159855
0 0.6346353888511658 0.3375000059604645 0.00572916679084301 0.021296296268701553
0 0.8611978888511658 0.16712963581085205 0.00572916679084301 0.010185184888541698
0 0.7463541626930237 0.2777777910232544 0.0062500000931322575 0.018518518656492233
0 0.5166666507720947 0.11944444477558136 0.0010416667209938169 0.012962962500751019
0 0.6619791388511658 0.14074073731899261 0.0031250000465661287 0.014814814552664757
0 0.5598958134651184 0.14027777314186096 0.0020833334419876337 0.008333333767950535
0 0.5223958492279053 0.11249999701976776 0.0010416667209938169 0.012037036940455437
0 0.6291666626930237 0.3194444477558136 0.0062500000931322575 0.029629629105329514
0 0.52734375 0.12777778506278992 0.0015625000232830644 0.012962962500751019
0 0.4791666567325592 0.1111111119389534 0.0010416667209938169 0.011111111380159855
0 0.6070312261581421 0.5754629373550415 0.00989583320915699 0.04722222313284874
0 0.4208333194255829 0.3930555582046509 0.0062500000931322575 0.034259259700775146
0 0.5216146111488342 0.10092592239379883 0.0015625000232830644 0.011111111380159855
0 0.7778645753860474 0.16203702986240387 0.004687500186264515 0.01666666753590107
0 0.4385416805744171 0.30324074625968933 0.004166666883975267 0.028703704476356506
0 0.515625 0.0912037044763565 0.0010416667209938169 0.010185184888541698
0 0.7171875238418579 0.1657407432794571 0.004166666883975267 0.009259259328246117
0 0.504687488079071 0.1657407432794571 0.0020833334419876337 0.011111111380159855
0 0.47734373807907104 0.15694443881511688 0.0026041667442768812 0.010185184888541698
0 0.6226562261581421 0.7782407402992249 0.01406249962747097 0.05833333358168602
1 0.9041666388511658 0.6296296119689941 0.0625 0.05925925821065903
