1 0.9708333611488342 0.7513889074325562 0.05833333358168602 0.07314814627170563
6 0.5411458611488342 0.08379629999399185 0.0010416667209938169 0.006481481250375509
6 0.542187511920929 0.08564814925193787 0.0010416667209938169 0.006481481250375509
6 0.5427083373069763 0.08657407760620117 0.0010416667209938169 0.006481481250375509
6 0.5406249761581421 0.08287037163972855 0.0010416667209938169 0.006481481250375509
6 0.5406249761581421 0.08148147910833359 0.0010416667209938169 0.0055555556900799274
6 0.5416666865348816 0.08472222089767456 0.0010416667209938169 0.006481481250375509
7 0.6369791626930237 0.16249999403953552 0.01145833358168602 0.013888888992369175
8 0.4947916567325592 0.10092592239379883 0.0010416667209938169 0.011111111380159855
8 0.6598958373069763 0.15694443881511688 0.008333333767950535 0.013888888992369175
7 0.4945312440395355 0.10925926268100739 0.0026041667442768812 0.011111111380159855
2 0.5065104365348816 0.0972222238779068 0.00989583320915699 0.031481482088565826
1 0.5286458134651184 0.6300926208496094 0.03333333507180214 0.10092592239379883
7 0.659375011920929 0.16203702986240387 0.012500000186264515 0.014814814552664757
8 0.47838541865348816 0.07407407462596893 0.0036458333488553762 0.007407407276332378
1 0.7135416865348816 0.15740740299224854 0.01979166641831398 0.014814814552664757
1 0.5916666388511658 0.16249999403953552 0.02395833283662796 0.015740741044282913
8 0.5940104126930237 0.15648147463798523 0.008854166604578495 0.014814814552664757
0 0.6549479365348816 0.36851853132247925 0.0078125 0.03333333507180214
0 0.5145833492279053 0.08657407760620117 0.0010416667209938169 0.010185184888541698
0 0.6895833611488342 0.1657407432794571 0.0031250000465661287 0.01666666753590107
0 0.5440104007720947 0.14259259402751923 0.0015625000232830644 0.014814814552664757
0 0.5796874761581421 0.4296296238899231 0.0072916666977107525 0.024074073880910873
0 0.5770833492279053 0.17407406866550446 0.0031250000465661287 0.011111111380159855
0 0.5291666388511658 0.14074073731899261 0.0020833334419876337 0.014814814552664757
0 0.5364583134651184 0.09907407313585281 0.0010416667209938169 0.011111111380159855
0 0.9807291626930237 0.36666667461395264 0.015625 0.03333333507180214
0 0.6778646111488342 0.1666666716337204 0.0036458333488553762 0.01666666753590107
0 0.5169270634651184 0.12129629403352737 0.0015625000232830644 0.012962962500751019
0 0.4830729067325592 0.09212963283061981 0.0015625000232830644 0.010185184888541698
0 0.5403645634651184 0.09583333134651184 0.0015625000232830644 0.006481481250375509
0 0.9755208492279053 0.16388888657093048 0.0072916666977107525 0.01666666753590107
0 0.5182291865348816 0.10324074327945709 0.0010416667209938169 0.010185184888541698
0 0.64453125 0.3708333373069763 0.006770833395421505 0.023148147389292717
0 0.8763020634651184 0.17546296119689941 0.00572916679084301 0.010185184888541698
0 0.7622395753860474 0.3004629611968994 0.006770833395421505 0.01944444514811039
0 0.5174478888511658 0.1240740716457367 0.0015625000232830644 0.012962962500751019
0 0.667187511920929 0.14722222089767456 0.0031250000465661287 0.014814814552664757
0 0.5638020634651184 0.14629629254341125 0.0026041667442768812 0.009259259328246117
0 0.5234375 0.11712963134050369 0.0010416667209938169 0.012037036940455437
0 0.63671875 0.3499999940395355 0.006770833395421505 0.031481482088565826
0 0.5289062261581421 0.1319444477558136 0.0015625000232830644 0.013888888992369175
0 0.47864583134651184 0.11527777463197708 0.0010416667209938169 0.012037036940455437
0 0.6244791746139526 0.6689814925193787 0.012500000186264515 0.05277777835726738
0 0.4127604067325592 0.4365740716457367 0.006770833395421505 0.037962961941957474
0 0.5231770873069763 0.10462962836027145 0.0015625000232830644 0.011111111380159855
0 0.7934895753860474 0.17037037014961243 0.004687500186264515 0.01666666753590107
0 0.9981771111488342 0.15046297013759613 0.0036458333488553762 0.015740741044282913
0 0.43411457538604736 0.32870370149612427 0.004687500186264515 0.029629629105329514
0 0.5161458253860474 0.09398148208856583 0.0010416667209938169 0.010185184888541698
0 0.7291666865348816 0.17407406866550446 0.004166666883975267 0.011111111380159855
0 0.5062500238418579 0.1745370328426361 0.0020833334419876337 0.012037036940455437
0 0.4763020873069763 0.1648148149251938 0.0026041667442768812 0.009259259328246117
0 0.6557291746139526 0.9768518805503845 0.01979166641831398 0.046296294778585434
1 0.9708333611488342 0.7513889074325562 0.05833333358168602 0.07314814627170563
