6 0.5401041507720947 0.08564814925193787 0.0010416667209938169 0.006481481250375509
6 0.5411458611488342 0.08749999850988388 0.0010416667209938169 0.006481481250375509
6 0.5416666865348816 0.08888889104127884 0.0010416667209938169 0.007407407276332378
6 0.5395833253860474 0.08472222089767456 0.0010416667209938169 0.006481481250375509
6 0.5393229126930237 0.08379629999399185 0.0005208333604969084 0.006481481250375509
6 0.5406249761581421 0.08749999850988388 0.0010416667209938169 0.006481481250375509
7 0.643750011920929 0.16990740597248077 0.012500000186264515 0.013888888992369175
8 0.49270832538604736 0.10462962836027145 0.0010416667209938169 0.011111111380159855
8 0.6596354246139526 0.16388888657093048 0.008854166604578495 0.014814814552664757
7 0.4924479126930237 0.11388888955116272 0.0026041667442768812 0.011111111380159855
2 0.5049479007720947 0.10000000149011612 0.00989583320915699 0.031481482088565826
1 0.5309895873069763 0.7087963223457336 0.03802083432674408 0.11944444477558136
7 0.6682291626930237 0.16944444179534912 0.01354166679084301 0.014814814552664757
8 0.4778645932674408 0.07592592388391495 0.0036458333488553762 0.007407407276332378
1 0.7151041626930237 0.16388888657093048 0.02083333395421505 0.014814814552664757
1 0.5966145992279053 0.16944444179534912 0.02552083320915699 0.01666666753590107
8 0.5960937738418579 0.16296295821666718 0.008854166604578495 0.014814814552664757
0 0.6645833253860474 0.4055555462837219 0.008333333767950535 0.035185184329748154
0 0.5130208134651184 0.08888889104127884 0.0010416667209938169 0.009259259328246117
0 0.6976562738418579 0.1736111044883728 0.0036458333488553762 0.017592592164874077
0 0.5453125238418579 0.14861111342906952 0.0020833334419876337 0.015740741044282913
0 0.5864583253860474 0.47546297311782837 0.008333333767950535 0.026851851493120193
0 0.5802083611488342 0.182407408952713 0.0031250000465661287 0.011111111380159855
0 0.5291666388511658 0.14722222089767456 0.0020833334419876337 0.014814814552664757
0 0.5354166626930237 0.10277777910232544 0.0010416667209938169 0.011111111380159855
0 0.6846354007720947 0.17407406866550446 0.0036458333488553762 0.01666666753590107
0 0.5153645873069763 0.125 0.0015625000232830644 0.012962962500751019
0 0.4807291626930237 0.09490741044282913 0.0010416667209938169 0.010185184888541698
0 0.5393229126930237 0.09861110895872116 0.0015625000232830644 0.006481481250375509
0 0.991406261920929 0.17129629850387573 0.0078125 0.01666666753590107
0 0.5169270634651184 0.10648148506879807 0.0015625000232830644 0.011111111380159855
0 0.653124988079071 0.40740740299224854 0.0072916666977107525 0.025925925001502037
0 0.8880208134651184 0.18333333730697632 0.0062500000931322575 0.011111111380159855
0 0.7768229246139526 0.3236111104488373 0.0078125 0.021296296268701553
0 0.5161458253860474 0.12777778506278992 0.0010416667209938169 0.012962962500751019
0 0.6700521111488342 0.15324074029922485 0.0036458333488553762 0.015740741044282913
0 0.565625011920929 0.1527777761220932 0.0020833334419876337 0.009259259328246117
0 0.5221354365348816 0.12129629403352737 0.0015625000232830644 0.012962962500751019
0 0.6427083611488342 0.3828703761100769 0.0072916666977107525 0.034259259700775146
0 0.5278645753860474 0.13657407462596893 0.0015625000232830644 0.013888888992369175
0 0.47604167461395264 0.11990740895271301 0.0010416667209938169 0.012037036940455437
0 0.64453125 0.7851851582527161 0.015104166232049465 0.05925925821065903
0 0.40182292461395264 0.48564815521240234 0.0078125 0.0416666679084301
0 0.522656261920929 0.10740740597248077 0.0015625000232830644 0.011111111380159855
0 0.7132812738418579 0.0763888880610466 0.0015625000232830644 0.008333333767950535
0 0.8065103888511658 0.17824074625968933 0.00572916679084301 0.017592592164874077
0 0.4270833432674408 0.3569444417953491 0.0052083334885537624 0.032407406717538834
0 0.5145833492279053 0.09675925970077515 0.0010416667209938169 0.010185184888541698
0 0.739062488079071 0.18194444477558136 0.0052083334885537624 0.010185184888541698
0 0.5062500238418579 0.182407408952713 0.0020833334419876337 0.012962962500751019
0 0.47317707538604736 0.17314815521240234 0.0026041667442768812 0.011111111380159855
