6 0.5294271111488342 0.08749999850988388 0.0015625000232830644 0.006481481250375509
6 0.5302083492279053 0.08935185521841049 0.0010416667209938169 0.006481481250375509
6 0.5307291746139526 0.0902777761220932 0.0010416667209938169 0.006481481250375509
6 0.5286458134651184 0.08564814925193787 0.0010416667209938169 0.006481481250375509
6 0.5286458134651184 0.08472222089767456 0.0010416667209938169 0.006481481250375509
6 0.5296875238418579 0.08842592686414719 0.0010416667209938169 0.006481481250375509
7 0.6395833492279053 0.17407406866550446 0.012500000186264515 0.014814814552664757
8 0.48124998807907104 0.10694444179534912 0.0010416667209938169 0.012037036940455437
8 0.649218738079071 0.1675925999879837 0.008854166604578495 0.014814814552664757
7 0.4807291626930237 0.11712963134050369 0.0031250000465661287 0.012037036940455437
2 0.4934895932674408 0.10138888657093048 0.00989583320915699 0.032407406717538834
1 0.5257812738418579 0.7749999761581421 0.04218750074505806 0.13703703880310059
7 0.664843738079071 0.1736111044883728 0.013020833022892475 0.015740741044282913
8 0.4674479067325592 0.07685185223817825 0.0036458333488553762 0.007407407276332378
1 0.7054687738418579 0.16805554926395416 0.02135416679084301 0.015740741044282913
1 0.5901041626930237 0.1745370328426361 0.02604166604578495 0.017592592164874077
8 0.5874999761581421 0.16712963581085205 0.00937500037252903 0.015740741044282913
0 0.6630208492279053 0.432407408952713 0.00937500037252903 0.03703703731298447
0 0.5018228888511658 0.09074074029922485 0.0005208333604969084 0.009259259328246117
0 0.6924479007720947 0.17777778208255768 0.0036458333488553762 0.018518518656492233
0 0.535937488079071 0.1527777761220932 0.0020833334419876337 0.014814814552664757
0 0.5835937261581421 0.5106481313705444 0.008854166604578495 0.028703704476356506
0 0.5726562738418579 0.18796296417713165 0.0036458333488553762 0.011111111380159855
0 0.5192708373069763 0.15138888359069824 0.0020833334419876337 0.015740741044282913
0 0.5247395634651184 0.10462962836027145 0.0015625000232830644 0.011111111380159855
0 0.678906261920929 0.17870371043682098 0.0036458333488553762 0.018518518656492233
0 0.5044270753860474 0.12777778506278992 0.0015625000232830644 0.012962962500751019
0 0.4690104126930237 0.09675925970077515 0.0015625000232830644 0.010185184888541698
0 0.5286458134651184 0.10046296566724777 0.0020833334419876337 0.006481481250375509
0 0.9856770634651184 0.17314815521240234 0.0078125 0.01666666753590107
0 0.5057291388511658 0.10833333432674408 0.0010416667209938169 0.011111111380159855
0 0.6507812738418579 0.4347222149372101 0.0078125 0.026851851493120193
0 0.8822916746139526 0.18703703582286835 0.0062500000931322575 0.011111111380159855
0 0.7768229246139526 0.33888888359069824 0.0078125 0.02222222276031971
0 0.5052083134651184 0.1310185194015503 0.0010416667209938169 0.013888888992369175
0 0.6614583134651184 0.15601852536201477 0.0031250000465661287 0.015740741044282913
0 0.5570312738418579 0.15648147463798523 0.0026041667442768812 0.009259259328246117
0 0.5114583373069763 0.1240740716457367 0.0010416667209938169 0.012962962500751019
0 0.6385416388511658 0.4069444537162781 0.0072916666977107525 0.03611111268401146
0 0.5174478888511658 0.14027777314186096 0.0015625000232830644 0.013888888992369175
0 0.46432292461395264 0.12314815074205399 0.0015625000232830644 0.012962962500751019
0 0.655468761920929 0.8870370388031006 0.01822916604578495 0.06296296417713165
0 0.3838541805744171 0.5277777910232544 0.00937500037252903 0.04444444552063942
0 0.5122395753860474 0.10972221940755844 0.0015625000232830644 0.012037036940455437
0 0.7033854126930237 0.0773148164153099 0.0015625000232830644 0.008333333767950535
0 0.8033854365348816 0.18194444477558136 0.00572916679084301 0.017592592164874077
0 0.4124999940395355 0.37962964177131653 0.0062500000931322575 0.03333333507180214
0 0.503125011920929 0.09907407313585281 0.0010416667209938169 0.011111111380159855
0 0.7346354126930237 0.18611110746860504 0.004687500186264515 0.011111111380159855
0 0.49609375 0.18888889253139496 0.0026041667442768812 0.012962962500751019
0 0.4611979126930237 0.17916665971279144 0.0026041667442768812 0.010185184888541698
