6 0.53125 0.08657407760620117 0.0010416667209938169 0.006481481250375509
6 0.5322916507720947 0.08888889104127884 0.0010416667209938169 0.007407407276332378
6 0.5322916507720947 0.0902777761220932 0.0010416667209938169 0.006481481250375509
6 0.5307291746139526 0.08564814925193787 0.0010416667209938169 0.006481481250375509
6 0.5302083492279053 0.08472222089767456 0.0010416667209938169 0.006481481250375509
6 0.5317708253860474 0.08842592686414719 0.0010416667209938169 0.006481481250375509
7 0.6395833492279053 0.17314815521240234 0.012500000186264515 0.014814814552664757
8 0.4833333194255829 0.10648148506879807 0.0010416667209938169 0.011111111380159855
8 0.6510416865348816 0.1666666716337204 0.00937500037252903 0.014814814552664757
7 0.48255208134651184 0.11620370298624039 0.0026041667442768812 0.012037036940455437
2 0.49531251192092896 0.10138888657093048 0.010416666977107525 0.032407406717538834
1 0.526562511920929 0.7578703761100769 0.04062499850988388 0.13240741193294525
7 0.6645833253860474 0.1726851910352707 0.01354166679084301 0.015740741044282913
8 0.46927082538604736 0.07685185223817825 0.004166666883975267 0.007407407276332378
1 0.70703125 0.1666666716337204 0.02135416679084301 0.014814814552664757
1 0.5908854007720947 0.17314815521240234 0.02552083320915699 0.01666666753590107
8 0.5888020992279053 0.16620370745658875 0.008854166604578495 0.015740741044282913
0 0.6627604365348816 0.42500001192092896 0.008854166604578495 0.03703703731298447
0 0.5036458373069763 0.0902777761220932 0.0010416667209938169 0.010185184888541698
0 0.6929687261581421 0.17638888955116272 0.0036458333488553762 0.017592592164874077
0 0.5375000238418579 0.1518518477678299 0.0020833334419876337 0.014814814552664757
0 0.5835937261581421 0.5018518567085266 0.008854166604578495 0.02777777798473835
0 0.5736979246139526 0.18611110746860504 0.0036458333488553762 0.011111111380159855
0 0.5208333134651184 0.15046297013759613 0.0020833334419876337 0.015740741044282913
0 0.526562511920929 0.10370370000600815 0.0010416667209938169 0.011111111380159855
0 0.6794270873069763 0.17731481790542603 0.0036458333488553762 0.017592592164874077
0 0.5065104365348816 0.12731482088565826 0.0015625000232830644 0.013888888992369175
0 0.4710937440395355 0.0962962955236435 0.0015625000232830644 0.011111111380159855
0 0.530468761920929 0.10046296566724777 0.0015625000232830644 0.006481481250375509
0 0.9854166507720947 0.1726851910352707 0.0072916666977107525 0.017592592164874077
0 0.5075520873069763 0.10787037014961243 0.0015625000232830644 0.012037036940455437
0 0.6507812738418579 0.427314817905426 0.0078125 0.026851851493120193
0 0.8828125 0.18611110746860504 0.0062500000931322575 0.011111111380159855
0 0.7757812738418579 0.33472222089767456 0.0078125 0.021296296268701553
0 0.507031261920929 0.130092591047287 0.0015625000232830644 0.013888888992369175
0 0.6630208492279053 0.15509259700775146 0.0031250000465661287 0.015740741044282913
0 0.5583333373069763 0.15555556118488312 0.0020833334419876337 0.009259259328246117
0 0.5132812261581421 0.12361110746860504 0.0015625000232830644 0.012037036940455437
0 0.6390625238418579 0.40046295523643494 0.0072916666977107525 0.03611111268401146
0 0.5190104246139526 0.13935184478759766 0.0015625000232830644 0.013888888992369175
0 0.4664062559604645 0.12222222238779068 0.0015625000232830644 0.012962962500751019
0 0.6518229246139526 0.8597221970558167 0.01718750037252903 0.06203703582286835
0 0.3877604305744171 0.5171296000480652 0.008854166604578495 0.043518517166376114
0 0.5140625238418579 0.10925926268100739 0.0010416667209938169 0.011111111380159855
0 0.7046874761581421 0.07685185223817825 0.0020833334419876337 0.009259259328246117
0 0.8031250238418579 0.18101851642131805 0.0052083334885537624 0.017592592164874077
0 0.4153645932674408 0.3740740716457367 0.00572916679084301 0.03333333507180214
0 0.5052083134651184 0.09861110895872116 0.0010416667209938169 0.010185184888541698
0 0.7348958253860474 0.18518517911434174 0.0052083334885537624 0.011111111380159855
0 0.49791666865348816 0.18703703582286835 0.0020833334419876337 0.012962962500751019
0 0.4635416567325592 0.17777778208255768 0.0031250000465661287 0.011111111380159855
