6 0.5427083373069763 0.08564814925193787 0.0010416667209938169 0.006481481250375509
6 0.5432291626930237 0.08749999850988388 0.0010416667209938169 0.006481481250375509
6 0.543749988079071 0.08842592686414719 0.0010416667209938169 0.006481481250375509
6 0.542187511920929 0.08472222089767456 0.0010416667209938169 0.006481481250375509
6 0.5416666865348816 0.08287037163972855 0.0010416667209938169 0.006481481250375509
6 0.5432291626930237 0.08657407760620117 0.0010416667209938169 0.006481481250375509
7 0.64453125 0.16851851344108582 0.01197916641831398 0.014814814552664757
8 0.49531251192092896 0.10370370000600815 0.0010416667209938169 0.011111111380159855
8 0.6619791388511658 0.16296295821666718 0.008333333767950535 0.014814814552664757
7 0.4945312440395355 0.11296296119689941 0.0026041667442768812 0.011111111380159855
2 0.5072916746139526 0.09907407313585281 0.010416666977107525 0.031481482088565826
1 0.5317708253860474 0.6939814686775208 0.03750000149011612 0.11574073880910873
7 0.668749988079071 0.16851851344108582 0.01354166679084301 0.014814814552664757
8 0.47994792461395264 0.0754629597067833 0.0036458333488553762 0.008333333767950535
1 0.7171875238418579 0.16296295821666718 0.02083333395421505 0.014814814552664757
1 0.5979166626930237 0.16851851344108582 0.02500000037252903 0.01666666753590107
8 0.5979166626930237 0.1615740805864334 0.00937500037252903 0.015740741044282913
0 0.6645833253860474 0.39907407760620117 0.008333333767950535 0.035185184329748154
0 0.5153645873069763 0.08842592686414719 0.0015625000232830644 0.010185184888541698
0 0.6981770992279053 0.17222222685813904 0.0036458333488553762 0.01666666753590107
0 0.546875 0.1476851850748062 0.0020833334419876337 0.015740741044282913
0 0.5869791507720947 0.4671296179294586 0.008333333767950535 0.026851851493120193
0 0.5817708373069763 0.18101851642131805 0.0031250000465661287 0.010185184888541698
0 0.53125 0.14629629254341125 0.0020833334419876337 0.014814814552664757
0 0.5377604365348816 0.10185185074806213 0.0015625000232830644 0.011111111380159855
0 0.6856771111488342 0.1726851910352707 0.0036458333488553762 0.017592592164874077
0 0.5179687738418579 0.1240740716457367 0.0015625000232830644 0.012962962500751019
0 0.4833333194255829 0.09398148208856583 0.0010416667209938169 0.010185184888541698
0 0.5414062738418579 0.09861110895872116 0.0015625000232830644 0.006481481250375509
0 0.9921875 0.17037037014961243 0.0072916666977107525 0.01666666753590107
0 0.5190104246139526 0.10555555671453476 0.0015625000232830644 0.011111111380159855
0 0.6536458134651184 0.40138888359069824 0.0072916666977107525 0.02500000037252903
0 0.8890625238418579 0.182407408952713 0.0062500000931322575 0.011111111380159855
0 0.776562511920929 0.31990739703178406 0.0072916666977107525 0.021296296268701553
0 0.5184895992279053 0.12731482088565826 0.0015625000232830644 0.013888888992369175
0 0.671875 0.15231481194496155 0.0031250000465661287 0.015740741044282913
0 0.5674479007720947 0.1518518477678299 0.0026041667442768812 0.009259259328246117
0 0.5244791507720947 0.12037037312984467 0.0010416667209938169 0.012962962500751019
0 0.6434895992279053 0.37731480598449707 0.0078125 0.034259259700775146
0 0.5299479365348816 0.13611111044883728 0.0015625000232830644 0.014814814552664757
0 0.47838541865348816 0.11898148059844971 0.0015625000232830644 0.012037036940455437
0 0.6419270634651184 0.7629629373550415 0.015104166232049465 0.05740740895271301
0 0.40546876192092896 0.47592592239379883 0.0078125 0.040740739554166794
0 0.5247395634651184 0.10694444179534912 0.0015625000232830644 0.012037036940455437
0 0.7153645753860474 0.0763888880610466 0.0015625000232830644 0.008333333767950535
0 0.8067708611488342 0.17731481790542603 0.0052083334885537624 0.017592592164874077
0 0.43020832538604736 0.3513889014720917 0.0052083334885537624 0.032407406717538834
0 0.5169270634651184 0.09675925970077515 0.0015625000232830644 0.010185184888541698
0 0.7395833134651184 0.1805555522441864 0.0052083334885537624 0.011111111380159855
0 0.5080729126930237 0.18101851642131805 0.0026041667442768812 0.012037036940455437
0 0.47578126192092896 0.17175926268100739 0.0026041667442768812 0.010185184888541698
