6 0.5427083373069763 0.08472222089767456 0.0010416667209938169 0.006481481250375509
6 0.5434895753860474 0.08703703433275223 0.0015625000232830644 0.007407407276332378
6 0.543749988079071 0.08842592686414719 0.0010416667209938169 0.006481481250375509
6 0.542187511920929 0.08379629999399185 0.0010416667209938169 0.006481481250375509
6 0.5416666865348816 0.08287037163972855 0.0010416667209938169 0.006481481250375509
6 0.5432291626930237 0.08657407760620117 0.0010416667209938169 0.006481481250375509
7 0.6429687738418579 0.1675925999879837 0.01197916641831398 0.014814814552664757
8 0.49531251192092896 0.10277777910232544 0.0010416667209938169 0.011111111380159855
8 0.6617187261581421 0.1615740805864334 0.008854166604578495 0.013888888992369175
7 0.4950520694255829 0.1120370402932167 0.0026041667442768812 0.011111111380159855
2 0.5075520873069763 0.09907407313585281 0.00989583320915699 0.031481482088565826
1 0.53125 0.6800925731658936 0.0364583320915699 0.1120370402932167
7 0.6669270992279053 0.16712963581085205 0.013020833022892475 0.015740741044282913
8 0.47994792461395264 0.07500000298023224 0.0036458333488553762 0.007407407276332378
1 0.7169271111488342 0.16203702986240387 0.02031249925494194 0.014814814552664757
1 0.596875011920929 0.16712963581085205 0.02500000037252903 0.015740741044282913
8 0.5973958373069763 0.1606481522321701 0.00937500037252903 0.015740741044282913
0 0.6630208492279053 0.39259257912635803 0.008333333767950535 0.035185184329748154
0 0.515625 0.08796296268701553 0.0010416667209938169 0.009259259328246117
0 0.6968749761581421 0.17083333432674408 0.004166666883975267 0.017592592164874077
0 0.546875 0.1467592567205429 0.0020833334419876337 0.015740741044282913
0 0.5856770873069763 0.4592592716217041 0.0078125 0.025925925001502037
0 0.581250011920929 0.1796296238899231 0.0031250000465661287 0.011111111380159855
0 0.53125 0.14537036418914795 0.0020833334419876337 0.014814814552664757
0 0.5377604365348816 0.10138888657093048 0.0015625000232830644 0.010185184888541698
0 0.684374988079071 0.17175926268100739 0.0031250000465661287 0.017592592164874077
0 0.5179687738418579 0.1240740716457367 0.0015625000232830644 0.012962962500751019
0 0.48359376192092896 0.09398148208856583 0.0015625000232830644 0.010185184888541698
0 0.5414062738418579 0.09768518805503845 0.0015625000232830644 0.006481481250375509
0 0.989062488079071 0.16944444179534912 0.0072916666977107525 0.01666666753590107
0 0.5192708373069763 0.10555555671453476 0.0010416667209938169 0.011111111380159855
0 0.6518229246139526 0.3949074149131775 0.006770833395421505 0.02500000037252903
0 0.88671875 0.1814814805984497 0.00572916679084301 0.011111111380159855
0 0.7739583253860474 0.3162037134170532 0.0072916666977107525 0.021296296268701553
0 0.5184895992279053 0.1268518567085266 0.0015625000232830644 0.012962962500751019
0 0.671093761920929 0.1509259194135666 0.0036458333488553762 0.014814814552664757
0 0.5669270753860474 0.1509259194135666 0.0026041667442768812 0.009259259328246117
0 0.5247395634651184 0.11990740895271301 0.0015625000232830644 0.012037036940455437
0 0.6421874761581421 0.3712962865829468 0.0072916666977107525 0.03333333507180214
0 0.5299479365348816 0.13564814627170563 0.0015625000232830644 0.013888888992369175
0 0.4789062440395355 0.1180555522441864 0.0015625000232830644 0.012037036940455437
0 0.6382812261581421 0.7421296238899231 0.01406249962747097 0.05648148059844971
0 0.4072916805744171 0.4671296179294586 0.0072916666977107525 0.03981481492519379
0 0.5247395634651184 0.10648148506879807 0.0015625000232830644 0.011111111380159855
0 0.71484375 0.07592592388391495 0.0015625000232830644 0.009259259328246117
0 0.8044270873069763 0.17592592537403107 0.00572916679084301 0.01666666753590107
0 0.4312500059604645 0.3462963104248047 0.0052083334885537624 0.031481482088565826
0 0.5169270634651184 0.09583333134651184 0.0015625000232830644 0.010185184888541698
0 0.7377604246139526 0.1796296238899231 0.004687500186264515 0.011111111380159855
0 0.5080729126930237 0.1796296238899231 0.0026041667442768812 0.012962962500751019
0 0.4763020873069763 0.16990740597248077 0.0026041667442768812 0.010185184888541698
