6 0.5260416865348816 0.08749999850988388 0.0010416667209938169 0.006481481250375509
6 0.5270833373069763 0.08935185521841049 0.0010416667209938169 0.006481481250375509
6 0.5276041626930237 0.09074074029922485 0.0010416667209938169 0.007407407276332378
6 0.5255208611488342 0.08657407760620117 0.0010416667209938169 0.006481481250375509
6 0.5249999761581421 0.08564814925193787 0.0010416667209938169 0.006481481250375509
6 0.526562511920929 0.08888889104127884 0.0010416667209938169 0.007407407276332378
7 0.6380208134651184 0.17546296119689941 0.012500000186264515 0.015740741044282913
8 0.4778645932674408 0.10787037014961243 0.0015625000232830644 0.012037036940455437
8 0.6460937261581421 0.16851851344108582 0.008854166604578495 0.014814814552664757
7 0.47734373807907104 0.1180555522441864 0.0026041667442768812 0.012037036940455437
2 0.49010416865348816 0.10231481492519379 0.010416666977107525 0.032407406717538834
1 0.524218738079071 0.7925925850868225 0.04322916641831398 0.14259259402751923
7 0.6635416746139526 0.1745370328426361 0.01354166679084301 0.015740741044282913
8 0.46432292461395264 0.07777778059244156 0.0036458333488553762 0.007407407276332378
1 0.702343761920929 0.16898147761821747 0.02135416679084301 0.015740741044282913
1 0.5880208611488342 0.17546296119689941 0.02604166604578495 0.017592592164874077
8 0.5848958492279053 0.16805554926395416 0.00937500037252903 0.015740741044282913
0 0.6622396111488342 0.4393518567085266 0.008854166604578495 0.037962961941957474
0 0.4984374940395355 0.0912037044763565 0.0010416667209938169 0.010185184888541698
0 0.690625011920929 0.17916665971279144 0.004166666883975267 0.017592592164874077
0 0.5333333611488342 0.1537037044763565 0.0020833334419876337 0.014814814552664757
0 0.5822916626930237 0.5199074149131775 0.00937500037252903 0.028703704476356506
0 0.5703125 0.1893518567085266 0.0031250000465661287 0.012037036940455437
0 0.5161458253860474 0.15231481194496155 0.0020833334419876337 0.015740741044282913
0 0.5216146111488342 0.10555555671453476 0.0015625000232830644 0.011111111380159855
0 0.6768229007720947 0.1796296238899231 0.0036458333488553762 0.018518518656492233
0 0.5013020634651184 0.12870369851589203 0.0015625000232830644 0.012962962500751019
0 0.4658854305744171 0.09768518805503845 0.0015625000232830644 0.010185184888541698
0 0.5252603888511658 0.10138888657093048 0.0015625000232830644 0.006481481250375509
0 0.9830729365348816 0.1736111044883728 0.0078125 0.017592592164874077
0 0.5023437738418579 0.10925926268100739 0.0015625000232830644 0.011111111380159855
0 0.6497395634651184 0.4416666626930237 0.0078125 0.02777777798473835
0 0.8802083134651184 0.18796296417713165 0.0062500000931322575 0.011111111380159855
0 0.7760416865348816 0.34259259700775146 0.008333333767950535 0.02222222276031971
0 0.5020833611488342 0.1319444477558136 0.0010416667209938169 0.013888888992369175
0 0.6588541865348816 0.15694443881511688 0.0031250000465661287 0.015740741044282913
0 0.5544270873069763 0.15740740299224854 0.0026041667442768812 0.009259259328246117
0 0.5083333253860474 0.125 0.0010416667209938169 0.012962962500751019
0 0.6369791626930237 0.41296297311782837 0.0072916666977107525 0.03703703731298447
0 0.5143229365348816 0.14074073731899261 0.0015625000232830644 0.014814814552664757
0 0.4606770873069763 0.1240740716457367 0.0015625000232830644 0.012962962500751019
0 0.6583333611488342 0.914814829826355 0.01875000074505806 0.06481481343507767
0 0.37890625 0.5393518805503845 0.00989583320915699 0.04537037014961243
0 0.5091145634651184 0.11064814776182175 0.0015625000232830644 0.012037036940455437
0 0.7002604007720947 0.0773148164153099 0.0015625000232830644 0.008333333767950535
0 0.8018229007720947 0.18287037312984467 0.00572916679084301 0.017592592164874077
0 0.40833333134651184 0.3856481611728668 0.0062500000931322575 0.034259259700775146
0 0.5 0.09953703731298447 0.0010416667209938169 0.010185184888541698
0 0.7330729365348816 0.18703703582286835 0.004687500186264515 0.011111111380159855
0 0.4932291805744171 0.19074073433876038 0.0020833334419876337 0.012962962500751019
0 0.45781248807907104 0.1805555522441864 0.0031250000465661287 0.011111111380159855
