6 0.51953125 0.08842592686414719 0.0015625000232830644 0.006481481250375509
6 0.520312488079071 0.09074074029922485 0.0010416667209938169 0.007407407276332378
6 0.5208333134651184 0.09212963283061981 0.0010416667209938169 0.006481481250375509
6 0.518750011920929 0.08749999850988388 0.0010416667209938169 0.006481481250375509
6 0.5182291865348816 0.08657407760620117 0.0010416667209938169 0.006481481250375509
6 0.5200520753860474 0.0902777761220932 0.0015625000232830644 0.006481481250375509
7 0.6372395753860474 0.17916665971279144 0.013020833022892475 0.015740741044282913
8 0.47057291865348816 0.11064814776182175 0.0015625000232830644 0.012037036940455437
8 0.639843761920929 0.17222222685813904 0.008854166604578495 0.014814814552664757
7 0.4700520932674408 0.12083332985639572 0.0026041667442768812 0.012037036940455437
2 0.4830729067325592 0.10324074327945709 0.010937499813735485 0.032407406717538834
1 0.5208333134651184 0.852314829826355 0.046875 0.16018518805503845
7 0.663281261920929 0.17824074625968933 0.01406249962747097 0.015740741044282913
8 0.4580729305744171 0.07870370149612427 0.0036458333488553762 0.007407407276332378
1 0.6971353888511658 0.17175926268100739 0.02135416679084301 0.015740741044282913
1 0.585156261920929 0.17916665971279144 0.02656250074505806 0.017592592164874077
8 0.5796874761581421 0.17222222685813904 0.00937500037252903 0.01666666753590107
0 0.6627604365348816 0.4634259343147278 0.00989583320915699 0.03981481492519379
0 0.49166667461395264 0.09259258955717087 0.0010416667209938169 0.009259259328246117
0 0.6888020634651184 0.182407408952713 0.0036458333488553762 0.018518518656492233
0 0.5278645753860474 0.15694443881511688 0.0015625000232830644 0.015740741044282913
0 0.581250011920929 0.5513888597488403 0.00937500037252903 0.03055555559694767
0 0.5658854246139526 0.19398148357868195 0.0036458333488553762 0.012037036940455437
0 0.5104166865348816 0.15601852536201477 0.0020833334419876337 0.015740741044282913
0 0.5151041746139526 0.10694444179534912 0.0010416667209938169 0.012037036940455437
0 0.6742187738418579 0.18333333730697632 0.0036458333488553762 0.018518518656492233
0 0.4945312440395355 0.1310185194015503 0.0015625000232830644 0.013888888992369175
0 0.4585937559604645 0.09907407313585281 0.0015625000232830644 0.011111111380159855
0 0.5190104246139526 0.10324074327945709 0.0015625000232830644 0.006481481250375509
0 0.9815104007720947 0.17546296119689941 0.0078125 0.017592592164874077
0 0.49557292461395264 0.11064814776182175 0.0015625000232830644 0.012037036940455437
0 0.6499999761581421 0.46574074029922485 0.008333333767950535 0.029629629105329514
0 0.878125011920929 0.19074073433876038 0.0062500000931322575 0.011111111380159855
0 0.778124988079071 0.3550925850868225 0.008333333767950535 0.023148147389292717
0 0.4950520694255829 0.13379628956317902 0.0015625000232830644 0.013888888992369175
0 0.6541666388511658 0.1597222238779068 0.0031250000465661287 0.015740741044282913
0 0.5492187738418579 0.1606481522321701 0.0026041667442768812 0.010185184888541698
0 0.5015624761581421 0.12777778506278992 0.0010416667209938169 0.012962962500751019
0 0.635937511920929 0.4342592656612396 0.008333333767950535 0.03888889029622078
0 0.5075520873069763 0.14351852238178253 0.0015625000232830644 0.014814814552664757
0 0.453125 0.1259259283542633 0.0020833334419876337 0.012962962500751019
0 0.671093761920929 0.9907407164573669 0.02135416679084301 0.018518518656492233
0 0.36510416865348816 0.5773147940635681 0.010416666977107525 0.04722222313284874
0 0.5028645992279053 0.11249999701976776 0.0015625000232830644 0.012037036940455437
0 0.694531261920929 0.07824073731899261 0.0015625000232830644 0.008333333767950535
0 0.8018229007720947 0.18611110746860504 0.00572916679084301 0.018518518656492233
0 0.9989583492279053 0.1587962955236435 0.0020833334419876337 0.015740741044282913
0 0.39765626192092896 0.40509259700775146 0.006770833395421505 0.03611111268401146
0 0.4932291805744171 0.10092592239379883 0.0010416667209938169 0.011111111380159855
0 0.7317708134651184 0.19074073433876038 0.0052083334885537624 0.011111111380159855
0 0.4867187440395355 0.1953703761100769 0.0026041667442768812 0.012962962500751019
0 0.44999998807907104 0.18611110746860504 0.0031250000465661287 0.011111111380159855
