6 0.5166666507720947 0.09212963283061981 0.0010416667209938169 0.006481481250375509
6 0.5177083611488342 0.09398148208856583 0.0010416667209938169 0.006481481250375509
6 0.5179687738418579 0.09537036716938019 0.0015625000232830644 0.007407407276332378
6 0.5161458253860474 0.09074074029922485 0.0010416667209938169 0.007407407276332378
6 0.515625 0.08935185521841049 0.0010416667209938169 0.006481481250375509
6 0.5171874761581421 0.09351851791143417 0.0010416667209938169 0.007407407276332378
7 0.6513020992279053 0.19074073433876038 0.01406249962747097 0.01666666753590107
8 0.4658854305744171 0.11666666716337204 0.0015625000232830644 0.012962962500751019
8 0.6377604007720947 0.18287037312984467 0.00989583320915699 0.015740741044282913
7 0.4651041626930237 0.12777778506278992 0.0031250000465661287 0.012962962500751019
2 0.4789062440395355 0.10648148506879807 0.010937499813735485 0.035185184329748154
1 0.5218750238418579 0.9763888716697693 0.05937499925494194 0.04722222313284874
7 0.6791666746139526 0.18981482088565826 0.014583333395421505 0.01666666753590107
8 0.45625001192092896 0.08148147910833359 0.004166666883975267 0.007407407276332378
1 0.698437511920929 0.182407408952713 0.02291666716337204 0.01666666753590107
1 0.592968761920929 0.19120369851589203 0.02864583395421505 0.01944444514811039
8 0.5809895992279053 0.18287037312984467 0.00989583320915699 0.017592592164874077
0 0.6809895634651184 0.5458333492279053 0.01197916641831398 0.04537037014961243
0 0.48776042461395264 0.09675925970077515 0.0015625000232830644 0.010185184888541698
0 0.699999988079071 0.19490741193294525 0.004166666883975267 0.01944444514811039
0 0.5278645753860474 0.1666666716337204 0.0015625000232830644 0.01666666753590107
0 0.5934895873069763 0.657870352268219 0.01197916641831398 0.03611111268401146
0 0.5692708492279053 0.2074074000120163 0.004166666883975267 0.012962962500751019
0 0.5088541507720947 0.1657407432794571 0.0020833334419876337 0.01666666753590107
0 0.5122395753860474 0.11157407611608505 0.0015625000232830644 0.012037036940455437
0 0.6838541626930237 0.19583334028720856 0.004166666883975267 0.01944444514811039
0 0.49036458134651184 0.13750000298023224 0.0015625000232830644 0.013888888992369175
0 0.4533854126930237 0.10370370000600815 0.0015625000232830644 0.011111111380159855
0 0.5161458253860474 0.10740740597248077 0.0020833334419876337 0.007407407276332378
0 0.9997395873069763 0.18611110746860504 0.0005208333604969084 0.018518518656492233
0 0.49166667461395264 0.11574073880910873 0.0010416667209938169 0.012962962500751019
0 0.7013021111488342 0.08009259402751923 0.0026041667442768812 0.008333333767950535
0 0.6661458611488342 0.5481481552124023 0.010416666977107525 0.03333333507180214
0 0.8950520753860474 0.20324073731899261 0.006770833395421505 0.012037036940455437
0 0.8033854365348816 0.4009259343147278 0.00989583320915699 0.025925925001502037
0 0.49140626192092896 0.14074073731899261 0.0015625000232830644 0.014814814552664757
0 0.6567708253860474 0.16944444179534912 0.0031250000465661287 0.01666666753590107
0 0.55078125 0.17083333432674408 0.0026041667442768812 0.010185184888541698
0 0.49817708134651184 0.13472221791744232 0.0015625000232830644 0.013888888992369175
0 0.6502603888511658 0.49953705072402954 0.010937499813735485 0.043518517166376114
0 0.5044270753860474 0.1509259194135666 0.0015625000232830644 0.014814814552664757
0 0.44739583134651184 0.1328703761100769 0.0020833334419876337 0.013888888992369175
0 0.33281248807907104 0.7027778029441833 0.014583333395421505 0.0555555559694767
0 0.5005208253860474 0.11712963134050369 0.0010416667209938169 0.012037036940455437
0 0.6963541507720947 0.08055555820465088 0.0020833334419876337 0.009259259328246117
0 0.8205729126930237 0.19861111044883728 0.006770833395421505 0.01944444514811039
0 0.37968748807907104 0.4643518626689911 0.008333333767950535 0.03981481492519379
0 0.48906248807907104 0.10555555671453476 0.0010416667209938169 0.011111111380159855
0 0.7455729246139526 0.20416666567325592 0.00572916679084301 0.012037036940455437
0 0.4841145873069763 0.20972222089767456 0.0026041667442768812 0.013888888992369175
0 0.4424479305744171 0.19953703880310059 0.0036458333488553762 0.012037036940455437
