6 0.5192708373069763 0.08935185521841049 0.0010416667209938169 0.006481481250375509
6 0.520312488079071 0.09166666865348816 0.0010416667209938169 0.007407407276332378
6 0.5208333134651184 0.09305555373430252 0.0010416667209938169 0.006481481250375509
6 0.518750011920929 0.08842592686414719 0.0010416667209938169 0.006481481250375509
6 0.5182291865348816 0.08749999850988388 0.0010416667209938169 0.006481481250375509
6 0.5197916626930237 0.09074074029922485 0.0010416667209938169 0.007407407276332378
7 0.641406238079071 0.18194444477558136 0.013020833022892475 0.015740741044282913
8 0.4700520932674408 0.11157407611608505 0.0015625000232830644 0.012037036940455437
8 0.6401041746139526 0.17499999701976776 0.00937500037252903 0.014814814552664757
7 0.46953123807907104 0.12222222238779068 0.0026041667442768812 0.012962962500751019
2 0.48255208134651184 0.10370370000600815 0.010937499813735485 0.03333333507180214
1 0.5216146111488342 0.8999999761581421 0.0494791679084301 0.17407406866550446
7 0.66796875 0.18101851642131805 0.01406249962747097 0.015740741044282913
8 0.4583333432674408 0.07916666567325592 0.004166666883975267 0.008333333767950535
1 0.6979166865348816 0.1745370328426361 0.02187499962747097 0.015740741044282913
1 0.5874999761581421 0.182407408952713 0.02708333358168602 0.018518518656492233
8 0.5807291865348816 0.17499999701976776 0.00937500037252903 0.01666666753590107
0 0.6674479246139526 0.48240742087364197 0.00989583320915699 0.040740739554166794
0 0.4911458194255829 0.09351851791143417 0.0010416667209938169 0.009259259328246117
0 0.692187488079071 0.18611110746860504 0.004166666883975267 0.018518518656492233
0 0.5283854007720947 0.15925925970077515 0.0015625000232830644 0.01666666753590107
0 0.5846354365348816 0.5754629373550415 0.00989583320915699 0.032407406717538834
0 0.5674479007720947 0.19722221791744232 0.0036458333488553762 0.011111111380159855
0 0.5106770992279053 0.15833333134651184 0.0026041667442768812 0.01666666753590107
0 0.514843761920929 0.10833333432674408 0.0015625000232830644 0.011111111380159855
0 0.6773437261581421 0.18703703582286835 0.0036458333488553762 0.018518518656492233
0 0.49401041865348816 0.1328703761100769 0.0015625000232830644 0.013888888992369175
0 0.4580729305744171 0.10000000149011612 0.0015625000232830644 0.011111111380159855
0 0.5190104246139526 0.1041666641831398 0.0015625000232830644 0.006481481250375509
0 0.98828125 0.17870371043682098 0.0078125 0.018518518656492233
0 0.4950520694255829 0.1120370402932167 0.0015625000232830644 0.011111111380159855
0 0.699999988079071 0.07824073731899261 0.0020833334419876337 0.008333333767950535
0 0.6539062261581421 0.48472222685813904 0.008854166604578495 0.03055555559694767
0 0.8833333253860474 0.19398148357868195 0.0062500000931322575 0.012037036940455437
0 0.7846354246139526 0.3662036955356598 0.008854166604578495 0.023148147389292717
0 0.4950520694255829 0.13564814627170563 0.0015625000232830644 0.013888888992369175
0 0.6557291746139526 0.16203702986240387 0.0031250000465661287 0.01666666753590107
0 0.5502604246139526 0.16342592239379883 0.0026041667442768812 0.010185184888541698
0 0.5013020634651184 0.12916666269302368 0.0015625000232830644 0.013888888992369175
0 0.6395833492279053 0.4495370388031006 0.00937500037252903 0.03981481492519379
0 0.5075520873069763 0.14537036418914795 0.0015625000232830644 0.014814814552664757
0 0.45234376192092896 0.12777778506278992 0.0015625000232830644 0.012962962500751019
0 0.3583333194255829 0.6050925850868225 0.01145833358168602 0.049074072390794754
0 0.5028645992279053 0.11342592537403107 0.0015625000232830644 0.012037036940455437
0 0.6955729126930237 0.07870370149612427 0.0015625000232830644 0.009259259328246117
0 0.8070312738418579 0.18981482088565826 0.00572916679084301 0.018518518656492233
0 0.39401042461395264 0.41898149251937866 0.006770833395421505 0.03611111268401146
0 0.49270832538604736 0.10185185074806213 0.0010416667209938169 0.011111111380159855
0 0.7359374761581421 0.1944444477558136 0.0052083334885537624 0.011111111380159855
0 0.4867187440395355 0.19861111044883728 0.0026041667442768812 0.013888888992369175
0 0.44869792461395264 0.1893518567085266 0.0036458333488553762 0.012037036940455437
