6 0.5161458253860474 0.0902777761220932 0.0010416667209938169 0.006481481250375509
6 0.5171874761581421 0.09259258955717087 0.0010416667209938169 0.007407407276332378
6 0.5174478888511658 0.09351851791143417 0.0015625000232830644 0.007407407276332378
6 0.515625 0.08935185521841049 0.0010416667209938169 0.006481481250375509
6 0.5151041746139526 0.08796296268701553 0.0010416667209938169 0.007407407276332378
6 0.5166666507720947 0.09166666865348816 0.0010416667209938169 0.007407407276332378
7 0.6419270634651184 0.18472221493721008 0.013020833022892475 0.015740741044282913
8 0.4664062559604645 0.11342592537403107 0.0015625000232830644 0.012037036940455437
8 0.6369791626930237 0.17731481790542603 0.00937500037252903 0.015740741044282913
7 0.46562498807907104 0.1240740716457367 0.0031250000465661287 0.012962962500751019
2 0.4789062440395355 0.1050925925374031 0.010937499813735485 0.034259259700775146
1 0.5200520753860474 0.927314817905426 0.05260416492819786 0.14537036418914795
7 0.6690104007720947 0.18333333730697632 0.01406249962747097 0.01666666753590107
8 0.45520833134651184 0.08009259402751923 0.004166666883975267 0.008333333767950535
1 0.6955729126930237 0.17685185372829437 0.02239583246409893 0.01666666753590107
1 0.586718738079071 0.18518517911434174 0.02760416641831398 0.018518518656492233
8 0.5783854126930237 0.17731481790542603 0.00989583320915699 0.017592592164874077
0 0.6695312261581421 0.5009258985519409 0.010937499813735485 0.04259259253740311
0 0.48750001192092896 0.09490741044282913 0.0010416667209938169 0.010185184888541698
0 0.692187488079071 0.1884259283542633 0.004166666883975267 0.01944444514811039
0 0.5260416865348816 0.1615740805864334 0.0020833334419876337 0.015740741044282913
0 0.5854166746139526 0.6000000238418579 0.010416666977107525 0.03333333507180214
0 0.5658854246139526 0.2004629671573639 0.0036458333488553762 0.012037036940455437
0 0.5075520873069763 0.1606481522321701 0.0026041667442768812 0.015740741044282913
0 0.51171875 0.10925926268100739 0.0015625000232830644 0.011111111380159855
0 0.6768229007720947 0.1893518567085266 0.0036458333488553762 0.01944444514811039
0 0.49036458134651184 0.13425925374031067 0.0015625000232830644 0.012962962500751019
0 0.45390623807907104 0.10092592239379883 0.0015625000232830644 0.011111111380159855
0 0.5153645873069763 0.1050925925374031 0.0015625000232830644 0.006481481250375509
0 0.9888020753860474 0.1805555522441864 0.0078125 0.018518518656492233
0 0.49166667461395264 0.11342592537403107 0.0010416667209938169 0.012037036940455437
0 0.6979166865348816 0.07870370149612427 0.0020833334419876337 0.009259259328246117
0 0.6557291746139526 0.5037037134170532 0.00937500037252903 0.031481482088565826
0 0.883593738079071 0.19675925374031067 0.006770833395421505 0.012037036940455437
0 0.7877604365348816 0.3759259283542633 0.008854166604578495 0.024074073880910873
0 0.49140626192092896 0.13750000298023224 0.0015625000232830644 0.013888888992369175
0 0.6536458134651184 0.16435185074806213 0.0031250000465661287 0.015740741044282913
0 0.5481770634651184 0.16527777910232544 0.0026041667442768812 0.010185184888541698
0 0.49791666865348816 0.1310185194015503 0.0010416667209938169 0.013888888992369175
0 0.6408854126930237 0.46481481194496155 0.00989583320915699 0.040740739554166794
0 0.5044270753860474 0.14722222089767456 0.0015625000232830644 0.014814814552664757
0 0.4481770694255829 0.12962962687015533 0.0015625000232830644 0.012962962500751019
0 0.3486979305744171 0.6356481313705444 0.01197916641831398 0.05092592537403107
0 0.4997395873069763 0.11435185372829437 0.0015625000232830644 0.012037036940455437
0 0.6932291388511658 0.07916666567325592 0.0020833334419876337 0.008333333767950535
0 0.8083333373069763 0.19212962687015533 0.0062500000931322575 0.01944444514811039
0 0.38749998807907104 0.4337962865829468 0.0072916666977107525 0.037962961941957474
0 0.48906248807907104 0.10370370000600815 0.0010416667209938169 0.011111111380159855
0 0.7364583611488342 0.19675925374031067 0.0052083334885537624 0.012037036940455437
0 0.48359376192092896 0.2023148089647293 0.0026041667442768812 0.013888888992369175
0 0.4442708194255829 0.19305555522441864 0.0031250000465661287 0.012037036940455437
