6 0.515625 0.09074074029922485 0.0010416667209938169 0.007407407276332378
6 0.5166666507720947 0.09305555373430252 0.0010416667209938169 0.006481481250375509
6 0.5171874761581421 0.09444444626569748 0.0010416667209938169 0.007407407276332378
6 0.5151041746139526 0.08935185521841049 0.0010416667209938169 0.006481481250375509
6 0.5145833492279053 0.08842592686414719 0.0010416667209938169 0.006481481250375509
6 0.5161458253860474 0.09212963283061981 0.0010416667209938169 0.006481481250375509
7 0.643750011920929 0.1856481432914734 0.01354166679084301 0.015740741044282913
8 0.4658854305744171 0.11388888955116272 0.0015625000232830644 0.012962962500751019
8 0.6364583373069763 0.17870371043682098 0.00937500037252903 0.01666666753590107
7 0.4651041626930237 0.125 0.0031250000465661287 0.012962962500751019
2 0.47838541865348816 0.1050925925374031 0.010937499813735485 0.034259259700775146
1 0.520312488079071 0.9379629492759705 0.05416666716337204 0.1240740716457367
7 0.671093761920929 0.18518517911434174 0.01406249962747097 0.01666666753590107
8 0.45520833134651184 0.08055555820465088 0.004166666883975267 0.007407407276332378
1 0.6958333253860474 0.17777778208255768 0.02187499962747097 0.01666666753590107
1 0.5877603888511658 0.1865740716457367 0.02760416641831398 0.01944444514811039
8 0.578906238079071 0.17870371043682098 0.00989583320915699 0.01666666753590107
0 0.6716145873069763 0.5111111402511597 0.010937499813735485 0.04259259253740311
0 0.48750001192092896 0.09490741044282913 0.0010416667209938169 0.010185184888541698
0 0.6934896111488342 0.18981482088565826 0.0036458333488553762 0.018518518656492233
0 0.5260416865348816 0.16296295821666718 0.0020833334419876337 0.01666666753590107
0 0.586718738079071 0.6134259104728699 0.010937499813735485 0.034259259700775146
0 0.5661458373069763 0.2023148089647293 0.004166666883975267 0.012037036940455437
0 0.5075520873069763 0.16203702986240387 0.0026041667442768812 0.01666666753590107
0 0.5111979246139526 0.10972221940755844 0.0015625000232830644 0.012037036940455437
0 0.6783854365348816 0.19120369851589203 0.0036458333488553762 0.01944444514811039
0 0.49010416865348816 0.13472221791744232 0.0020833334419876337 0.013888888992369175
0 0.4533854126930237 0.10185185074806213 0.0015625000232830644 0.011111111380159855
0 0.5153645873069763 0.10601852089166641 0.0015625000232830644 0.006481481250375509
0 0.9919270873069763 0.18194444477558136 0.0078125 0.017592592164874077
0 0.49140626192092896 0.11342592537403107 0.0015625000232830644 0.012037036940455437
0 0.698437511920929 0.07916666567325592 0.0020833334419876337 0.008333333767950535
0 0.6575520634651184 0.5138888955116272 0.00989583320915699 0.031481482088565826
0 0.885937511920929 0.19814814627170563 0.0062500000931322575 0.011111111380159855
0 0.7911458611488342 0.3819444477558136 0.00937500037252903 0.02500000037252903
0 0.4908854067325592 0.13842593133449554 0.0015625000232830644 0.013888888992369175
0 0.6536458134651184 0.1657407432794571 0.0031250000465661287 0.01666666753590107
0 0.5481770634651184 0.1666666716337204 0.0026041667442768812 0.009259259328246117
0 0.4976562559604645 0.1319444477558136 0.0015625000232830644 0.013888888992369175
0 0.6424478888511658 0.47268518805503845 0.00989583320915699 0.0416666679084301
0 0.50390625 0.14814814925193787 0.0015625000232830644 0.014814814552664757
0 0.4476562440395355 0.13055555522441864 0.0015625000232830644 0.012962962500751019
0 0.3447916805744171 0.6509259343147278 0.012500000186264515 0.051851850003004074
0 0.49947917461395264 0.11527777463197708 0.0010416667209938169 0.012037036940455437
0 0.8109375238418579 0.1935185194015503 0.0062500000931322575 0.018518518656492233
0 0.3851562440395355 0.4407407343387604 0.0078125 0.03888889029622078
0 0.48880207538604736 0.10370370000600815 0.0015625000232830644 0.011111111380159855
0 0.7380208373069763 0.19861111044883728 0.0052083334885537624 0.012037036940455437
0 0.4833333194255829 0.20416666567325592 0.0020833334419876337 0.013888888992369175
0 0.44348958134651184 0.1944444477558136 0.0036458333488553762 0.011111111380159855
