6 0.5166666507720947 0.09259258955717087 0.0010416667209938169 0.007407407276332378
6 0.5177083611488342 0.09490741044282913 0.0010416667209938169 0.006481481250375509
6 0.5182291865348816 0.0962962955236435 0.0010416667209938169 0.007407407276332378
6 0.5161458253860474 0.09166666865348816 0.0010416667209938169 0.007407407276332378
6 0.515625 0.0902777761220932 0.0010416667209938169 0.006481481250375509
6 0.5171874761581421 0.09444444626569748 0.0010416667209938169 0.007407407276332378
7 0.6559895873069763 0.1935185194015503 0.01406249962747097 0.01666666753590107
8 0.46536457538604736 0.11851851642131805 0.0015625000232830644 0.012962962500751019
8 0.6382812261581421 0.18611110746860504 0.00989583320915699 0.01666666753590107
7 0.4645833373069763 0.12962962687015533 0.0031250000465661287 0.012962962500751019
2 0.47838541865348816 0.10787037014961243 0.010937499813735485 0.037962961941957474
7 0.6841145753860474 0.192592591047287 0.015104166232049465 0.01666666753590107
8 0.45651042461395264 0.08194444328546524 0.004687500186264515 0.008333333767950535
1 0.6997395753860474 0.1856481432914734 0.0234375 0.017592592164874077
1 0.5960937738418579 0.19490741193294525 0.02864583395421505 0.01944444514811039
8 0.5822916626930237 0.18611110746860504 0.010416666977107525 0.01666666753590107
0 0.6872395873069763 0.5717592835426331 0.013020833022892475 0.04722222313284874
0 0.48750001192092896 0.09768518805503845 0.0010416667209938169 0.010185184888541698
0 0.703906238079071 0.19861111044883728 0.004687500186264515 0.01944444514811039
0 0.5286458134651184 0.16944444179534912 0.0020833334419876337 0.01666666753590107
0 0.5979166626930237 0.6921296119689941 0.012500000186264515 0.037962961941957474
0 0.5708333253860474 0.21111111342906952 0.004166666883975267 0.012962962500751019
0 0.5091145634651184 0.16851851344108582 0.0026041667442768812 0.01666666753590107
0 0.5122395753860474 0.11342592537403107 0.0015625000232830644 0.012037036940455437
0 0.6875 0.19953703880310059 0.004166666883975267 0.01944444514811039
0 0.49036458134651184 0.13935184478759766 0.0015625000232830644 0.013888888992369175
0 0.453125 0.10462962836027145 0.0020833334419876337 0.011111111380159855
0 0.5161458253860474 0.10879629850387573 0.0020833334419876337 0.006481481250375509
0 0.49140626192092896 0.11712963134050369 0.0015625000232830644 0.012037036940455437
0 0.703125 0.08055555820465088 0.0020833334419876337 0.009259259328246117
0 0.671875 0.5745370388031006 0.01145833358168602 0.034259259700775146
0 0.9010416865348816 0.20694445073604584 0.0072916666977107525 0.012037036940455437
0 0.8119791746139526 0.4148148000240326 0.010416666977107525 0.025925925001502037
0 0.49140626192092896 0.14259259402751923 0.0015625000232830644 0.014814814552664757
0 0.6585937738418579 0.17175926268100739 0.0036458333488553762 0.017592592164874077
0 0.5518229007720947 0.17314815521240234 0.0026041667442768812 0.011111111380159855
0 0.49817708134651184 0.13657407462596893 0.0015625000232830644 0.013888888992369175
0 0.6552083492279053 0.519444465637207 0.01145833358168602 0.04444444552063942
0 0.5044270753860474 0.1527777761220932 0.0015625000232830644 0.014814814552664757
0 0.4463541805744171 0.13472221791744232 0.0020833334419876337 0.013888888992369175
0 0.32343751192092896 0.7435185313224792 0.015625 0.05740740895271301
0 0.500781238079071 0.11898148059844971 0.0015625000232830644 0.012037036940455437
0 0.6976562738418579 0.08148147910833359 0.0015625000232830644 0.009259259328246117
0 0.8268229365348816 0.2023148089647293 0.006770833395421505 0.01944444514811039
0 0.375 0.48240742087364197 0.008333333767950535 0.040740739554166794
0 0.48906248807907104 0.10648148506879807 0.0010416667209938169 0.011111111380159855
0 0.7502604126930237 0.20787036418914795 0.00572916679084301 0.012037036940455437
0 0.4841145873069763 0.21388888359069824 0.0026041667442768812 0.014814814552664757
0 0.4411458373069763 0.20370370149612427 0.004166666883975267 0.012962962500751019
