6 0.5169270634651184 0.09444444626569748 0.0015625000232830644 0.007407407276332378
6 0.5179687738418579 0.0972222238779068 0.0015625000232830644 0.007407407276332378
6 0.5182291865348816 0.09814814478158951 0.0010416667209938169 0.007407407276332378
6 0.5161458253860474 0.09351851791143417 0.0010416667209938169 0.007407407276332378
6 0.515625 0.09212963283061981 0.0010416667209938169 0.006481481250375509
6 0.5174478888511658 0.0962962955236435 0.0015625000232830644 0.007407407276332378
7 0.6661458611488342 0.20092593133449554 0.014583333395421505 0.01666666753590107
8 0.4645833373069763 0.12175925821065903 0.0010416667209938169 0.013888888992369175
8 0.6393229365348816 0.192592591047287 0.00989583320915699 0.01666666753590107
7 0.4638020694255829 0.13379628956317902 0.0036458333488553762 0.013888888992369175
2 0.4778645932674408 0.10925926268100739 0.010937499813735485 0.040740739554166794
7 0.6955729126930237 0.19953703880310059 0.01614583283662796 0.017592592164874077
8 0.4572916626930237 0.08379629999399185 0.004166666883975267 0.008333333767950535
1 0.7026041746139526 0.19212962687015533 0.02395833283662796 0.017592592164874077
1 0.6031249761581421 0.20185184478759766 0.03020833246409893 0.020370369777083397
8 0.5848958492279053 0.192592591047287 0.010416666977107525 0.018518518656492233
0 0.703125 0.6328703761100769 0.014583333395421505 0.05092592537403107
0 0.48750001192092896 0.09953703731298447 0.0010416667209938169 0.010185184888541698
0 0.7127603888511658 0.20648148655891418 0.004687500186264515 0.020370369777083397
0 0.6088541746139526 0.7745370268821716 0.014583333395421505 0.0416666679084301
0 0.5744791626930237 0.21944443881511688 0.004166666883975267 0.012962962500751019
0 0.5101562738418579 0.1745370328426361 0.0026041667442768812 0.017592592164874077
0 0.512499988079071 0.11620370298624039 0.0010416667209938169 0.012037036940455437
0 0.6953125 0.2074074000120163 0.004166666883975267 0.020370369777083397
0 0.4898437559604645 0.14259259402751923 0.0015625000232830644 0.014814814552664757
0 0.45234376192092896 0.10694444179534912 0.0015625000232830644 0.012037036940455437
0 0.516406238079071 0.1111111119389534 0.0015625000232830644 0.007407407276332378
0 0.49140626192092896 0.11990740895271301 0.0015625000232830644 0.012037036940455437
0 0.7065104246139526 0.0824074074625969 0.0026041667442768812 0.009259259328246117
0 0.6861979365348816 0.6365740895271301 0.013020833022892475 0.037962961941957474
0 0.9138020873069763 0.2152777761220932 0.0078125 0.012037036940455437
0 0.8317708373069763 0.4453703761100769 0.01145833358168602 0.02777777798473835
0 0.4908854067325592 0.14629629254341125 0.0015625000232830644 0.014814814552664757
0 0.6625000238418579 0.17731481790542603 0.0031250000465661287 0.017592592164874077
0 0.5544270873069763 0.17870371043682098 0.0026041667442768812 0.011111111380159855
0 0.49817708134651184 0.14027777314186096 0.0015625000232830644 0.013888888992369175
0 0.6674479246139526 0.5657407641410828 0.013020833022892475 0.04814814776182175
0 0.504687488079071 0.15694443881511688 0.0020833334419876337 0.015740741044282913
0 0.44479167461395264 0.13842593133449554 0.0020833334419876337 0.013888888992369175
0 0.2997395694255829 0.8430555462837219 0.01927083358168602 0.06203703582286835
0 0.5013020634651184 0.12175925821065903 0.0015625000232830644 0.012037036940455437
0 0.7007812261581421 0.0833333358168602 0.0015625000232830644 0.009259259328246117
0 0.840624988079071 0.2101851850748062 0.0072916666977107525 0.020370369777083397
0 0.3645833432674408 0.5231481194496155 0.00937500037252903 0.04444444552063942
0 0.48880207538604736 0.10925926268100739 0.0015625000232830644 0.011111111380159855
0 0.760937511920929 0.21574074029922485 0.0062500000931322575 0.012962962500751019
0 0.4846354126930237 0.2222222238779068 0.0026041667442768812 0.014814814552664757
0 0.4385416805744171 0.21203704178333282 0.004166666883975267 0.012962962500751019
