6 0.5171874761581421 0.09583333134651184 0.0010416667209938169 0.006481481250375509
6 0.5182291865348816 0.09814814478158951 0.0010416667209938169 0.007407407276332378
6 0.518750011920929 0.10000000149011612 0.0010416667209938169 0.007407407276332378
6 0.5166666507720947 0.09444444626569748 0.0010416667209938169 0.007407407276332378
6 0.5161458253860474 0.09351851791143417 0.0010416667209938169 0.007407407276332378
6 0.5177083611488342 0.0972222238779068 0.0010416667209938169 0.007407407276332378
7 0.6736978888511658 0.20601852238178253 0.015104166232049465 0.017592592164874077
8 0.4638020694255829 0.12453703582286835 0.0015625000232830644 0.013888888992369175
8 0.640625 0.19768518209457397 0.010416666977107525 0.017592592164874077
7 0.46302083134651184 0.13750000298023224 0.0031250000465661287 0.013888888992369175
2 0.4776041805744171 0.11064814776182175 0.01145833358168602 0.0416666679084301
7 0.7044270634651184 0.20462962985038757 0.01614583283662796 0.018518518656492233
8 0.45781248807907104 0.08472222089767456 0.004166666883975267 0.008333333767950535
1 0.7046874761581421 0.19722221791744232 0.02500000037252903 0.018518518656492233
1 0.5255208611488342 0.08194444328546524 0.012500000186264515 0.008333333767950535
1 0.6091145873069763 0.20694445073604584 0.03072916716337204 0.021296296268701553
8 0.5872395634651184 0.19814814627170563 0.010937499813735485 0.018518518656492233
0 0.7166666388511658 0.6861110925674438 0.01666666753590107 0.05370370298624039
0 0.4869791567325592 0.10092592239379883 0.0010416667209938169 0.011111111380159855
0 0.719531238079071 0.21203704178333282 0.004687500186264515 0.020370369777083397
0 0.532031238079071 0.17916665971279144 0.0026041667442768812 0.017592592164874077
0 0.6182291507720947 0.8462963104248047 0.01666666753590107 0.046296294778585434
0 0.5776041746139526 0.22546295821666718 0.004166666883975267 0.013888888992369175
0 0.5111979246139526 0.17916665971279144 0.0026041667442768812 0.017592592164874077
0 0.5127604007720947 0.1180555522441864 0.0015625000232830644 0.012037036940455437
0 0.7013021111488342 0.2134259194135666 0.004687500186264515 0.021296296268701553
0 0.4895833432674408 0.14537036418914795 0.0020833334419876337 0.014814814552664757
0 0.4518229067325592 0.10879629850387573 0.0015625000232830644 0.012037036940455437
0 0.5169270634651184 0.11296296119689941 0.0015625000232830644 0.007407407276332378
0 0.4911458194255829 0.12175925821065903 0.0010416667209938169 0.012037036940455437
0 0.7093750238418579 0.0833333358168602 0.0020833334419876337 0.009259259328246117
0 0.6981770992279053 0.6888889074325562 0.01406249962747097 0.040740739554166794
0 0.9236978888511658 0.2212962955236435 0.0078125 0.012962962500751019
0 0.84765625 0.4712963104248047 0.013020833022892475 0.029629629105329514
0 0.4908854067325592 0.14907407760620117 0.0015625000232830644 0.014814814552664757
0 0.6653645634651184 0.18194444477558136 0.0036458333488553762 0.017592592164874077
0 0.5562499761581421 0.18333333730697632 0.0031250000465661287 0.011111111380159855
0 0.49817708134651184 0.14305555820465088 0.0015625000232830644 0.013888888992369175
0 0.6773437261581421 0.604629635810852 0.01406249962747097 0.05000000074505806
0 0.5049479007720947 0.16018518805503845 0.0015625000232830644 0.01666666753590107
0 0.4437499940395355 0.14166666567325592 0.0020833334419876337 0.014814814552664757
0 0.2789062559604645 0.9319444298744202 0.02239583246409893 0.06574074178934097
0 0.5018228888511658 0.1240740716457367 0.0015625000232830644 0.012962962500751019
0 0.703125 0.08425925672054291 0.0020833334419876337 0.009259259328246117
0 0.8510416746139526 0.2162037044763565 0.0072916666977107525 0.021296296268701553
0 0.35598957538604736 0.5564814805984497 0.010937499813735485 0.046296294778585434
0 0.4885416626930237 0.1111111119389534 0.0010416667209938169 0.011111111380159855
0 0.7692708373069763 0.22175925970077515 0.0062500000931322575 0.013888888992369175
0 0.4846354126930237 0.22870370745658875 0.0026041667442768812 0.014814814552664757
0 0.4364583194255829 0.21851852536201477 0.004166666883975267 0.012962962500751019
