6 0.5171874761581421 0.09490741044282913 0.0010416667209938169 0.006481481250375509
6 0.5179687738418579 0.0972222238779068 0.0015625000232830644 0.007407407276332378
6 0.5184895992279053 0.09907407313585281 0.0015625000232830644 0.007407407276332378
6 0.516406238079071 0.09351851791143417 0.0015625000232830644 0.007407407276332378
6 0.515625 0.09259258955717087 0.0010416667209938169 0.007407407276332378
6 0.5177083611488342 0.0962962955236435 0.0010416667209938169 0.007407407276332378
7 0.6684895753860474 0.2023148089647293 0.015104166232049465 0.017592592164874077
8 0.46432292461395264 0.12268518656492233 0.0015625000232830644 0.013888888992369175
8 0.6395833492279053 0.1944444477558136 0.010416666977107525 0.01666666753590107
7 0.4635416567325592 0.13518518209457397 0.0031250000465661287 0.012962962500751019
2 0.4776041805744171 0.10972221940755844 0.01145833358168602 0.0416666679084301
7 0.698437511920929 0.2013888955116272 0.015625 0.017592592164874077
8 0.45755207538604736 0.08379629999399185 0.004687500186264515 0.008333333767950535
1 0.703125 0.1935185194015503 0.02395833283662796 0.018518518656492233
1 0.5263020992279053 0.08194444328546524 0.01197916641831398 0.008333333767950535
1 0.6052083373069763 0.20370370149612427 0.03020833246409893 0.020370369777083397
8 0.5856770873069763 0.1944444477558136 0.010937499813735485 0.018518518656492233
0 0.7072916626930237 0.6499999761581421 0.015625 0.051851850003004074
0 0.4872395694255829 0.10000000149011612 0.0015625000232830644 0.011111111380159855
0 0.71484375 0.2083333283662796 0.004687500186264515 0.020370369777083397
0 0.6119791865348816 0.7976852059364319 0.015625 0.043518517166376114
0 0.5755208134651184 0.2212962955236435 0.004166666883975267 0.012962962500751019
0 0.5106770992279053 0.17592592537403107 0.0026041667442768812 0.018518518656492233
0 0.512499988079071 0.11666666716337204 0.0010416667209938169 0.012962962500751019
0 0.6971353888511658 0.2092592567205429 0.004687500186264515 0.020370369777083397
0 0.4898437559604645 0.14351852238178253 0.0015625000232830644 0.014814814552664757
0 0.45234376192092896 0.10740740597248077 0.0015625000232830644 0.011111111380159855
0 0.5166666507720947 0.11157407611608505 0.0020833334419876337 0.006481481250375509
0 0.49140626192092896 0.12037037312984467 0.0015625000232830644 0.012962962500751019
0 0.7072916626930237 0.0824074074625969 0.0020833334419876337 0.009259259328246117
0 0.6898437738418579 0.6527777910232544 0.013020833022892475 0.03888889029622078
0 0.917187511920929 0.2171296328306198 0.0072916666977107525 0.012037036940455437
0 0.836718738079071 0.4541666805744171 0.01197916641831398 0.028703704476356506
0 0.4908854067325592 0.14722222089767456 0.0015625000232830644 0.014814814552664757
0 0.663281261920929 0.17916665971279144 0.0036458333488553762 0.017592592164874077
0 0.5549479126930237 0.1805555522441864 0.0026041667442768812 0.011111111380159855
0 0.49817708134651184 0.14120370149612427 0.0015625000232830644 0.013888888992369175
0 0.6705729365348816 0.5782407522201538 0.013020833022892475 0.049074072390794754
0 0.504687488079071 0.1578703671693802 0.0020833334419876337 0.015740741044282913
0 0.44479167461395264 0.1398148089647293 0.0020833334419876337 0.014814814552664757
0 0.2932291626930237 0.8703703880310059 0.01979166641831398 0.06296296417713165
0 0.5015624761581421 0.12222222238779068 0.0010416667209938169 0.012962962500751019
0 0.7015625238418579 0.0833333358168602 0.0020833334419876337 0.009259259328246117
0 0.8442708253860474 0.21203704178333282 0.0072916666977107525 0.020370369777083397
0 0.3617187440395355 0.5337963104248047 0.00989583320915699 0.04537037014961243
0 0.4885416626930237 0.1101851835846901 0.0010416667209938169 0.011111111380159855
0 0.7635416388511658 0.21759259700775146 0.0062500000931322575 0.012962962500751019
0 0.4846354126930237 0.2240740805864334 0.0026041667442768812 0.014814814552664757
0 0.4377604126930237 0.21388888359069824 0.0036458333488553762 0.012962962500751019
