6 0.5171874761581421 0.0972222238779068 0.0010416667209938169 0.007407407276332378
6 0.5182291865348816 0.10000000149011612 0.0010416667209938169 0.007407407276332378
6 0.518750011920929 0.10138888657093048 0.0010416667209938169 0.008333333767950535
6 0.5166666507720947 0.0962962955236435 0.0010416667209938169 0.007407407276332378
6 0.5161458253860474 0.09444444626569748 0.0010416667209938169 0.007407407276332378
6 0.5179687738418579 0.09907407313585281 0.0015625000232830644 0.007407407276332378
7 0.6820312738418579 0.21157407760620117 0.01614583283662796 0.017592592164874077
8 0.4632812440395355 0.12731482088565826 0.0015625000232830644 0.013888888992369175
8 0.6416666507720947 0.20324073731899261 0.010416666977107525 0.017592592164874077
7 0.4625000059604645 0.14074073731899261 0.0031250000465661287 0.014814814552664757
2 0.47708332538604736 0.11296296119689941 0.01145833358168602 0.04259259253740311
7 0.7135416865348816 0.2101851850748062 0.01666666753590107 0.018518518656492233
1 0.24765625596046448 0.13425925374031067 0.01406249962747097 0.014814814552664757
8 0.4583333432674408 0.08611111342906952 0.004166666883975267 0.009259259328246117
1 0.70703125 0.2023148089647293 0.02552083320915699 0.01944444514811039
1 0.5244791507720947 0.0833333358168602 0.012500000186264515 0.009259259328246117
1 0.6153646111488342 0.21250000596046448 0.03177083283662796 0.021296296268701553
8 0.5893229246139526 0.20324073731899261 0.010937499813735485 0.01944444514811039
0 0.7322916388511658 0.7490741014480591 0.01875000074505806 0.05740740895271301
0 0.4869791567325592 0.10277777910232544 0.0010416667209938169 0.011111111380159855
0 0.7268229126930237 0.21898147463798523 0.004687500186264515 0.021296296268701553
0 0.5335937738418579 0.18333333730697632 0.0026041667442768812 0.018518518656492233
0 0.629687488079071 0.9342592358589172 0.01875000074505806 0.05000000074505806
0 0.5809895992279053 0.23194444179534912 0.004687500186264515 0.013888888992369175
0 0.5119791626930237 0.18333333730697632 0.0031250000465661287 0.018518518656492233
0 0.5127604007720947 0.12037037312984467 0.0015625000232830644 0.012962962500751019
0 0.7075520753860474 0.21990740299224854 0.004687500186264515 0.021296296268701553
0 0.4893229305744171 0.14861111342906952 0.0015625000232830644 0.015740741044282913
0 0.45130208134651184 0.11064814776182175 0.0015625000232830644 0.012037036940455437
0 0.5169270634651184 0.11481481790542603 0.0015625000232830644 0.007407407276332378
0 0.4908854067325592 0.1240740716457367 0.0015625000232830644 0.012962962500751019
0 0.7119791507720947 0.08425925672054291 0.0020833334419876337 0.009259259328246117
0 0.7124999761581421 0.7523148059844971 0.015625 0.043518517166376114
0 0.934374988079071 0.22777777910232544 0.008333333767950535 0.012962962500751019
0 0.8653646111488342 0.49953705072402954 0.01406249962747097 0.03055555559694767
0 0.4906249940395355 0.1518518477678299 0.0020833334419876337 0.014814814552664757
0 0.6684895753860474 0.18611110746860504 0.0036458333488553762 0.018518518656492233
0 0.5583333373069763 0.18796296417713165 0.0031250000465661287 0.011111111380159855
0 0.49817708134651184 0.14629629254341125 0.0015625000232830644 0.014814814552664757
0 0.6890624761581421 0.6495370268821716 0.015625 0.05277777835726738
0 0.5049479007720947 0.16388888657093048 0.0015625000232830644 0.01666666753590107
0 0.4427083432674408 0.14444445073604584 0.0020833334419876337 0.014814814552664757
0 0.5023437738418579 0.1259259283542633 0.0015625000232830644 0.012962962500751019
0 0.7052083611488342 0.08518518507480621 0.0020833334419876337 0.009259259328246117
0 0.8622395992279053 0.22268518805503845 0.0078125 0.021296296268701553
0 0.3460937440395355 0.595370352268219 0.01197916641831398 0.04814814776182175
0 0.48828125 0.11342592537403107 0.0015625000232830644 0.012037036940455437
0 0.7776041626930237 0.2282407432794571 0.0062500000931322575 0.013888888992369175
0 0.48489582538604736 0.23564815521240234 0.0031250000465661287 0.015740741044282913
0 0.43437498807907104 0.22546295821666718 0.004166666883975267 0.013888888992369175
