6 0.5174478888511658 0.09768518805503845 0.0015625000232830644 0.006481481250375509
6 0.5184895992279053 0.10000000149011612 0.0015625000232830644 0.007407407276332378
6 0.5190104246139526 0.10185185074806213 0.0015625000232830644 0.007407407276332378
6 0.5166666507720947 0.0962962955236435 0.0010416667209938169 0.007407407276332378
6 0.5161458253860474 0.09537036716938019 0.0010416667209938169 0.007407407276332378
6 0.5179687738418579 0.09953703731298447 0.0015625000232830644 0.008333333767950535
7 0.6848958134651184 0.21388888359069824 0.015625 0.018518518656492233
8 0.4632812440395355 0.12824073433876038 0.0015625000232830644 0.013888888992369175
8 0.6424478888511658 0.20509259402751923 0.010937499813735485 0.017592592164874077
7 0.4622395932674408 0.14166666567325592 0.0036458333488553762 0.014814814552664757
2 0.4768229126930237 0.11342592537403107 0.01197916641831398 0.0416666679084301
7 0.7164062261581421 0.21250000596046448 0.01718750037252903 0.01944444514811039
1 0.24609375 0.13518518209457397 0.01406249962747097 0.014814814552664757
8 0.4585937559604645 0.08657407760620117 0.004687500186264515 0.008333333767950535
1 0.7075520753860474 0.20416666567325592 0.02552083320915699 0.01944444514811039
1 0.5244791507720947 0.08379629999399185 0.012500000186264515 0.008333333767950535
1 0.6177083253860474 0.21481481194496155 0.03229166567325592 0.02222222276031971
8 0.5901041626930237 0.20509259402751923 0.01145833358168602 0.01944444514811039
8 0.22447916865348816 0.14907407760620117 0.008333333767950535 0.014814814552664757
0 0.73828125 0.772685170173645 0.02031249925494194 0.05833333358168602
0 0.4869791567325592 0.10370370000600815 0.0010416667209938169 0.011111111380159855
0 0.7291666865348816 0.22083333134651184 0.0052083334885537624 0.021296296268701553
0 0.5341145992279053 0.18518517911434174 0.0026041667442768812 0.018518518656492233
0 0.6343749761581421 0.9666666388511658 0.01979166641831398 0.051851850003004074
0 0.58203125 0.23472222685813904 0.004687500186264515 0.013888888992369175
0 0.5122395753860474 0.18518517911434174 0.0026041667442768812 0.018518518656492233
0 0.5130208134651184 0.12083332985639572 0.0010416667209938169 0.012037036940455437
0 0.7096354365348816 0.22175925970077515 0.004687500186264515 0.021296296268701553
0 0.4893229305744171 0.14953704178333282 0.0015625000232830644 0.015740741044282913
0 0.4507812559604645 0.11157407611608505 0.0015625000232830644 0.012037036940455437
0 0.5171874761581421 0.11574073880910873 0.0020833334419876337 0.007407407276332378
0 0.4908854067325592 0.125 0.0015625000232830644 0.012962962500751019
0 0.7127603888511658 0.08425925672054291 0.0026041667442768812 0.009259259328246117
0 0.7177083492279053 0.7749999761581421 0.01666666753590107 0.04444444552063942
0 0.9380208253860474 0.2300925999879837 0.008333333767950535 0.013888888992369175
0 0.871874988079071 0.510185182094574 0.014583333395421505 0.031481482088565826
0 0.4906249940395355 0.15324074029922485 0.0020833334419876337 0.015740741044282913
0 0.6695312261581421 0.18796296417713165 0.0036458333488553762 0.018518518656492233
0 0.559374988079071 0.1893518567085266 0.0031250000465661287 0.012037036940455437
0 0.49817708134651184 0.14722222089767456 0.0015625000232830644 0.014814814552664757
0 0.6932291388511658 0.6652777791023254 0.015625 0.05462963134050369
0 0.5049479007720947 0.1648148149251938 0.0015625000232830644 0.01666666753590107
0 0.4424479305744171 0.14537036418914795 0.0026041667442768812 0.014814814552664757
0 0.5023437738418579 0.1268518567085266 0.0015625000232830644 0.012962962500751019
0 0.706250011920929 0.08564814925193787 0.0020833334419876337 0.010185184888541698
0 0.866406261920929 0.22499999403953552 0.0078125 0.02222222276031971
0 0.3424479067325592 0.6092592477798462 0.01197916641831398 0.05000000074505806
0 0.48828125 0.11388888955116272 0.0015625000232830644 0.011111111380159855
0 0.780468761920929 0.2300925999879837 0.006770833395421505 0.013888888992369175
0 0.4846354126930237 0.23796296119689941 0.0026041667442768812 0.01666666753590107
0 0.4338541626930237 0.22777777910232544 0.004166666883975267 0.012962962500751019
