6 0.5179687738418579 0.10092592239379883 0.0015625000232830644 0.007407407276332378
6 0.5190104246139526 0.10370370000600815 0.0015625000232830644 0.007407407276332378
6 0.51953125 0.1050925925374031 0.0015625000232830644 0.008333333767950535
6 0.5171874761581421 0.09907407313585281 0.0010416667209938169 0.007407407276332378
6 0.5166666507720947 0.09814814478158951 0.0010416667209938169 0.007407407276332378
6 0.5184895992279053 0.10231481492519379 0.0015625000232830644 0.008333333767950535
7 0.7028645873069763 0.22592592239379883 0.01718750037252903 0.018518518656492233
8 0.46171873807907104 0.13425925374031067 0.0015625000232830644 0.014814814552664757
8 0.6463541388511658 0.21666666865348816 0.01145833358168602 0.018518518656492233
7 0.4606770873069763 0.14907407760620117 0.0036458333488553762 0.014814814552664757
2 0.4763020873069763 0.11851851642131805 0.01197916641831398 0.03888889029622078
7 0.7364583611488342 0.22453702986240387 0.01875000074505806 0.01944444514811039
8 0.4596354067325592 0.08888889104127884 0.004687500186264515 0.009259259328246117
1 0.7130208611488342 0.21574074029922485 0.02708333358168602 0.020370369777083397
1 0.5249999761581421 0.08611111342906952 0.012500000186264515 0.009259259328246117
1 0.6312500238418579 0.2273148149251938 0.03437500074505806 0.023148147389292717
8 0.5950520634651184 0.21666666865348816 0.01197916641831398 0.020370369777083397
8 0.21197916567325592 0.15648147463798523 0.008333333767950535 0.014814814552664757
0 0.7828124761581421 0.9481481313705444 0.02708333358168602 0.06666667014360428
0 0.4867187440395355 0.10648148506879807 0.0015625000232830644 0.011111111380159855
0 0.7450520992279053 0.23425926268100739 0.00572916679084301 0.02222222276031971
0 0.5372396111488342 0.1944444477558136 0.0026041667442768812 0.018518518656492233
0 0.589062511920929 0.2490740716457367 0.0052083334885537624 0.014814814552664757
0 0.5143229365348816 0.19490741193294525 0.0026041667442768812 0.01944444514811039
0 0.5138021111488342 0.12546296417713165 0.0015625000232830644 0.013888888992369175
0 0.7236979007720947 0.23564815521240234 0.00572916679084301 0.023148147389292717
0 0.4885416626930237 0.15509259700775146 0.0020833334419876337 0.015740741044282913
0 0.44973957538604736 0.11527777463197708 0.0015625000232830644 0.012037036940455437
0 0.5177083611488342 0.11944444477558136 0.0020833334419876337 0.007407407276332378
0 0.4908854067325592 0.12916666269302368 0.0015625000232830644 0.013888888992369175
0 0.7184895873069763 0.08703703433275223 0.0026041667442768812 0.009259259328246117
0 0.7575520873069763 0.949999988079071 0.02239583246409893 0.051851850003004074
0 0.9606770873069763 0.24444444477558136 0.008854166604578495 0.014814814552664757
0 0.9161458611488342 0.5805555582046509 0.01770833320915699 0.035185184329748154
0 0.49036458134651184 0.15925925970077515 0.0015625000232830644 0.01666666753590107
0 0.6763020753860474 0.19768518209457397 0.0036458333488553762 0.01944444514811039
0 0.5638020634651184 0.19907407462596893 0.0036458333488553762 0.011111111380159855
0 0.49817708134651184 0.15416666865348816 0.0015625000232830644 0.015740741044282913
0 0.723437488079071 0.7805555462837219 0.01979166641831398 0.06111111119389534
0 0.5052083134651184 0.17175926268100739 0.0020833334419876337 0.017592592164874077
0 0.4398437440395355 0.1518518477678299 0.0026041667442768812 0.014814814552664757
0 0.5033854246139526 0.13148148357868195 0.0015625000232830644 0.012962962500751019
0 0.7109375 0.08796296268701553 0.0020833334419876337 0.009259259328246117
0 0.8908854126930237 0.23888888955116272 0.008854166604578495 0.02222222276031971
0 0.3174479305744171 0.706944465637207 0.015104166232049465 0.05462963134050369
0 0.48776042461395264 0.1180555522441864 0.0015625000232830644 0.012037036940455437
0 0.7994791865348816 0.24444444477558136 0.0072916666977107525 0.014814814552664757
0 0.4854166805744171 0.2527777850627899 0.0031250000465661287 0.01666666753590107
0 0.4296875 0.2430555522441864 0.004166666883975267 0.013888888992369175
