6 0.5177083611488342 0.10000000149011612 0.0010416667209938169 0.007407407276332378
6 0.518750011920929 0.10277777910232544 0.0010416667209938169 0.007407407276332378
6 0.5192708373069763 0.1041666641831398 0.0010416667209938169 0.008333333767950535
6 0.5171874761581421 0.09907407313585281 0.0010416667209938169 0.007407407276332378
6 0.5166666507720947 0.0972222238779068 0.0010416667209938169 0.007407407276332378
6 0.5182291865348816 0.10185185074806213 0.0010416667209938169 0.007407407276332378
7 0.6994791626930237 0.22361111640930176 0.01666666753590107 0.01944444514811039
8 0.4622395932674408 0.1328703761100769 0.0015625000232830644 0.013888888992369175
8 0.6455729007720947 0.2143518477678299 0.010937499813735485 0.01944444514811039
7 0.4609375 0.14814814925193787 0.0031250000465661287 0.014814814552664757
2 0.4763020873069763 0.11712963134050369 0.01197916641831398 0.03981481492519379
7 0.7330729365348816 0.22268518805503845 0.01822916604578495 0.01944444514811039
8 0.4593749940395355 0.08888889104127884 0.004166666883975267 0.009259259328246117
1 0.7119791507720947 0.21388888359069824 0.02708333358168602 0.020370369777083397
1 0.5247395634651184 0.08564814925193787 0.013020833022892475 0.008333333767950535
1 0.6286458373069763 0.22499999403953552 0.03437500074505806 0.02222222276031971
8 0.5940104126930237 0.2143518477678299 0.01197916641831398 0.01944444514811039
8 0.21406249701976776 0.15555556118488312 0.008333333767950535 0.014814814552664757
0 0.7736979126930237 0.9129629731178284 0.02552083320915699 0.06481481343507767
0 0.4867187440395355 0.10648148506879807 0.0015625000232830644 0.011111111380159855
0 0.7424479126930237 0.23194444179534912 0.00572916679084301 0.023148147389292717
0 0.5367187261581421 0.192592591047287 0.0026041667442768812 0.018518518656492233
0 0.5880208611488342 0.24629630148410797 0.0052083334885537624 0.014814814552664757
0 0.5140625238418579 0.1935185194015503 0.0031250000465661287 0.018518518656492233
0 0.5132812261581421 0.125 0.0015625000232830644 0.012962962500751019
0 0.7213541865348816 0.23333333432674408 0.0052083334885537624 0.02222222276031971
0 0.48880207538604736 0.15416666865348816 0.0015625000232830644 0.015740741044282913
0 0.44973957538604736 0.11435185372829437 0.0015625000232830644 0.012037036940455437
0 0.5177083611488342 0.11944444477558136 0.0020833334419876337 0.007407407276332378
0 0.4908854067325592 0.12870369851589203 0.0015625000232830644 0.012962962500751019
0 0.7174479365348816 0.08657407760620117 0.0026041667442768812 0.010185184888541698
0 0.7494791746139526 0.9157407283782959 0.02083333395421505 0.05000000074505806
0 0.9565104246139526 0.24166665971279144 0.008854166604578495 0.014814814552664757
0 0.9080728888511658 0.5671296119689941 0.01718750037252903 0.034259259700775146
0 0.49036458134651184 0.1578703671693802 0.0015625000232830644 0.015740741044282913
0 0.675000011920929 0.19583334028720856 0.004166666883975267 0.01944444514811039
0 0.5630208253860474 0.19722221791744232 0.0031250000465661287 0.011111111380159855
0 0.49817708134651184 0.1527777761220932 0.0015625000232830644 0.014814814552664757
0 0.7174479365348816 0.7587962746620178 0.01927083358168602 0.06018518656492233
0 0.5049479007720947 0.17037037014961243 0.0015625000232830644 0.01666666753590107
0 0.4403645694255829 0.1509259194135666 0.0026041667442768812 0.014814814552664757
0 0.5033854246139526 0.1310185194015503 0.0015625000232830644 0.013888888992369175
0 0.710156261920929 0.08796296268701553 0.0015625000232830644 0.009259259328246117
0 0.8864583373069763 0.23657406866550446 0.008333333767950535 0.023148147389292717
0 0.32239583134651184 0.6888889074325562 0.014583333395421505 0.05370370298624039
0 0.48776042461395264 0.11712963134050369 0.0015625000232830644 0.012037036940455437
0 0.796093761920929 0.2421296238899231 0.006770833395421505 0.013888888992369175
0 0.48515623807907104 0.25046294927597046 0.0026041667442768812 0.017592592164874077
0 0.43020832538604736 0.24027778208255768 0.004166666883975267 0.013888888992369175
