6 0.5182291865348816 0.10694444179534912 0.0010416667209938169 0.008333333767950535
6 0.5192708373069763 0.1101851835846901 0.0010416667209938169 0.007407407276332378
6 0.5197916626930237 0.11157407611608505 0.0010416667209938169 0.008333333767950535
6 0.5174478888511658 0.1050925925374031 0.0015625000232830644 0.008333333767950535
6 0.5169270634651184 0.10370370000600815 0.0015625000232830644 0.007407407276332378
6 0.518750011920929 0.10879629850387573 0.0010416667209938169 0.008333333767950535
7 0.7442708611488342 0.255092591047287 0.01979166641831398 0.021296296268701553
8 0.4580729305744171 0.1476851850748062 0.0015625000232830644 0.015740741044282913
8 0.655468761920929 0.2439814805984497 0.013020833022892475 0.021296296268701553
7 0.45625001192092896 0.1657407432794571 0.004166666883975267 0.01666666753590107
2 0.4736979305744171 0.1259259283542633 0.013020833022892475 0.040740739554166794
7 0.7825520634651184 0.2537037134170532 0.02135416679084301 0.02222222276031971
8 0.4598958194255829 0.09537036716938019 0.004166666883975267 0.009259259328246117
1 0.725781261920929 0.2430555522441864 0.03072916716337204 0.023148147389292717
1 0.5255208611488342 0.09074074029922485 0.01354166679084301 0.009259259328246117
1 0.663281261920929 0.25648146867752075 0.04010416567325592 0.025925925001502037
8 0.6052083373069763 0.24351851642131805 0.01354166679084301 0.02222222276031971
8 0.18203124403953552 0.17407406866550446 0.00989583320915699 0.01666666753590107
0 0.48515623807907104 0.11435185372829437 0.0015625000232830644 0.012037036940455437
0 0.7828124761581421 0.26759257912635803 0.0072916666977107525 0.025925925001502037
0 0.5445312261581421 0.21666666865348816 0.0026041667442768812 0.020370369777083397
0 0.60546875 0.28333333134651184 0.00572916679084301 0.01666666753590107
0 0.5182291865348816 0.21898147463798523 0.0031250000465661287 0.021296296268701553
0 0.5140625238418579 0.13564814627170563 0.0020833334419876337 0.013888888992369175
0 0.7562500238418579 0.26944443583488464 0.0062500000931322575 0.025925925001502037
0 0.4869791567325592 0.16898147761821747 0.0020833334419876337 0.017592592164874077
0 0.4455729126930237 0.1240740716457367 0.0015625000232830644 0.012962962500751019
0 0.5182291865348816 0.12916666269302368 0.0020833334419876337 0.008333333767950535
0 0.4893229305744171 0.13935184478759766 0.0015625000232830644 0.013888888992369175
0 0.7299479246139526 0.09166666865348816 0.0026041667442768812 0.009259259328246117
0 0.4885416626930237 0.17314815521240234 0.0020833334419876337 0.01666666753590107
0 0.6908854246139526 0.21990740299224854 0.004687500186264515 0.021296296268701553
0 0.5736979246139526 0.2222222238779068 0.0036458333488553762 0.012962962500751019
0 0.49791666865348816 0.16898147761821747 0.0020833334419876337 0.017592592164874077
0 0.504687488079071 0.18796296417713165 0.0020833334419876337 0.018518518656492233
0 0.4333333373069763 0.1666666716337204 0.0031250000465661287 0.01666666753590107
0 0.5054687261581421 0.14212962985038757 0.0015625000232830644 0.013888888992369175
0 0.94921875 0.2726851999759674 0.010937499813735485 0.02500000037252903
0 0.48619791865348816 0.1268518567085266 0.0015625000232830644 0.012962962500751019
0 0.8440104126930237 0.2787036895751953 0.008854166604578495 0.01666666753590107
0 0.48619791865348816 0.2898148000240326 0.0036458333488553762 0.018518518656492233
0 0.42005208134651184 0.2796296179294586 0.004687500186264515 0.01666666753590107
