6 0.5177083611488342 0.1041666641831398 0.0010416667209938169 0.008333333767950535
6 0.5190104246139526 0.10740740597248077 0.0015625000232830644 0.007407407276332378
6 0.51953125 0.10879629850387573 0.0015625000232830644 0.008333333767950535
6 0.5171874761581421 0.10277777910232544 0.0010416667209938169 0.007407407276332378
6 0.5166666507720947 0.10092592239379883 0.0010416667209938169 0.007407407276332378
6 0.5184895992279053 0.10601852089166641 0.0015625000232830644 0.008333333767950535
7 0.7255208492279053 0.24166665971279144 0.01875000074505806 0.020370369777083397
8 0.4593749940395355 0.14212962985038757 0.0020833334419876337 0.015740741044282913
8 0.6513020992279053 0.23148147761821747 0.01197916641831398 0.020370369777083397
7 0.4580729305744171 0.1587962955236435 0.0036458333488553762 0.015740741044282913
2 0.47447916865348816 0.12314815074205399 0.012500000186264515 0.03888889029622078
7 0.7619791626930237 0.24027778208255768 0.01979166641831398 0.021296296268701553
8 0.4593749940395355 0.09259258955717087 0.004166666883975267 0.009259259328246117
1 0.719531238079071 0.23055554926395416 0.02864583395421505 0.02222222276031971
1 0.5249999761581421 0.08842592686414719 0.01354166679084301 0.008333333767950535
1 0.6489583253860474 0.24351851642131805 0.03750000149011612 0.024074073880910873
8 0.6005208492279053 0.23194444179534912 0.012500000186264515 0.021296296268701553
8 0.19479165971279144 0.16620370745658875 0.00937500037252903 0.015740741044282913
0 0.4854166805744171 0.1111111119389534 0.0010416667209938169 0.011111111380159855
0 0.7658854126930237 0.2527777850627899 0.006770833395421505 0.024074073880910873
0 0.5408853888511658 0.20694445073604584 0.0026041667442768812 0.01944444514811039
0 0.5979166626930237 0.2680555582046509 0.0062500000931322575 0.015740741044282913
0 0.5161458253860474 0.2083333283662796 0.0031250000465661287 0.020370369777083397
0 0.5135416388511658 0.1310185194015503 0.0020833334419876337 0.013888888992369175
0 0.741406261920929 0.2541666626930237 0.00572916679084301 0.02500000037252903
0 0.48750001192092896 0.16296295821666718 0.0020833334419876337 0.01666666753590107
0 0.44713541865348816 0.11990740895271301 0.0015625000232830644 0.012037036940455437
0 0.5177083611488342 0.125 0.0020833334419876337 0.007407407276332378
0 0.4898437559604645 0.13472221791744232 0.0015625000232830644 0.013888888992369175
0 0.7247396111488342 0.08981481194496155 0.0026041667442768812 0.009259259328246117
0 0.9903646111488342 0.2629629671573639 0.00989583320915699 0.014814814552664757
0 0.9856770634651184 0.6925926208496094 0.0234375 0.040740739554166794
0 0.48906248807907104 0.1675925999879837 0.0020833334419876337 0.01666666753590107
0 0.6841145753860474 0.2101851850748062 0.004687500186264515 0.020370369777083397
0 0.5690104365348816 0.21203704178333282 0.0036458333488553762 0.012962962500751019
0 0.49791666865348816 0.16203702986240387 0.0020833334419876337 0.01666666753590107
0 0.7747395634651184 0.9722222089767456 0.02760416641831398 0.0555555559694767
0 0.504687488079071 0.18101851642131805 0.0020833334419876337 0.017592592164874077
0 0.43567708134651184 0.16018518805503845 0.0026041667442768812 0.01666666753590107
0 0.5044270753860474 0.13750000298023224 0.0015625000232830644 0.013888888992369175
0 0.7161458134651184 0.0912037044763565 0.0020833334419876337 0.010185184888541698
0 0.922656238079071 0.25740739703178406 0.00989583320915699 0.024074073880910873
0 0.2747395932674408 0.8726851940155029 0.02135416679084301 0.06388889253139496
0 0.4867187440395355 0.12314815074205399 0.0015625000232830644 0.012962962500751019
0 0.8236979246139526 0.26342591643333435 0.0078125 0.015740741044282913
0 0.4854166805744171 0.27314814925193787 0.0031250000465661287 0.018518518656492233
0 0.4242187440395355 0.26342591643333435 0.004687500186264515 0.015740741044282913
