6 0.5179687738418579 0.10462962836027145 0.0015625000232830644 0.007407407276332378
6 0.5190104246139526 0.10740740597248077 0.0015625000232830644 0.007407407276332378
6 0.51953125 0.10925926268100739 0.0015625000232830644 0.007407407276332378
6 0.5171874761581421 0.10324074327945709 0.0010416667209938169 0.008333333767950535
6 0.5166666507720947 0.10185185074806213 0.0010416667209938169 0.007407407276332378
6 0.5184895992279053 0.10694444179534912 0.0015625000232830644 0.008333333767950535
7 0.7291666865348816 0.24444444477558136 0.01875000074505806 0.020370369777083397
8 0.45911458134651184 0.14305555820465088 0.0015625000232830644 0.015740741044282913
8 0.6520833373069763 0.23425926268100739 0.012500000186264515 0.020370369777083397
7 0.45781248807907104 0.16018518805503845 0.004166666883975267 0.01666666753590107
2 0.47447916865348816 0.12314815074205399 0.012500000186264515 0.03888889029622078
7 0.7658854126930237 0.2430555522441864 0.02031249925494194 0.021296296268701553
8 0.4593749940395355 0.09305555373430252 0.004166666883975267 0.010185184888541698
1 0.7208333611488342 0.23333333432674408 0.02916666679084301 0.02222222276031971
1 0.5249999761581421 0.08888889104127884 0.01354166679084301 0.009259259328246117
1 0.651562511920929 0.24583333730697632 0.03750000149011612 0.02500000037252903
8 0.6013020873069763 0.23379629850387573 0.013020833022892475 0.021296296268701553
8 0.19244791567325592 0.16805554926395416 0.00989583320915699 0.015740741044282913
0 0.4854166805744171 0.11157407611608505 0.0010416667209938169 0.012037036940455437
0 0.7690104246139526 0.25555557012557983 0.006770833395421505 0.024074073880910873
0 0.5419270992279053 0.20879629254341125 0.0026041667442768812 0.01944444514811039
0 0.5992187261581421 0.2708333432674408 0.00572916679084301 0.015740741044282913
0 0.5166666507720947 0.21064814925193787 0.0031250000465661287 0.021296296268701553
0 0.5138021111488342 0.1319444477558136 0.0015625000232830644 0.013888888992369175
0 0.7442708611488342 0.2569444477558136 0.0062500000931322575 0.02500000037252903
0 0.4872395694255829 0.16388888657093048 0.0015625000232830644 0.01666666753590107
0 0.4466145932674408 0.12083332985639572 0.0015625000232830644 0.012037036940455437
0 0.5179687738418579 0.1259259283542633 0.0015625000232830644 0.007407407276332378
0 0.4895833432674408 0.13564814627170563 0.0020833334419876337 0.013888888992369175
0 0.725781261920929 0.0902777761220932 0.0026041667442768812 0.010185184888541698
0 0.9947916865348816 0.26620370149612427 0.010416666977107525 0.015740741044282913
0 0.9937499761581421 0.7115740776062012 0.012500000186264515 0.0416666679084301
0 0.48906248807907104 0.16851851344108582 0.0020833334419876337 0.01666666753590107
0 0.6854166388511658 0.21203704178333282 0.004166666883975267 0.020370369777083397
0 0.5700520873069763 0.21388888359069824 0.0036458333488553762 0.012962962500751019
0 0.49791666865348816 0.16388888657093048 0.0020833334419876337 0.01666666753590107
0 0.7838541865348816 0.989814817905426 0.02916666679084301 0.020370369777083397
0 0.504687488079071 0.18194444477558136 0.0020833334419876337 0.017592592164874077
0 0.43541666865348816 0.1615740805864334 0.0031250000465661287 0.015740741044282913
0 0.5044270753860474 0.13842593133449554 0.0015625000232830644 0.013888888992369175
0 0.7171875238418579 0.09166666865348816 0.0020833334419876337 0.009259259328246117
0 0.9278646111488342 0.260185182094574 0.00989583320915699 0.024074073880910873
0 0.26744791865348816 0.9013888835906982 0.02239583246409893 0.06388889253139496
0 0.4867187440395355 0.1240740716457367 0.0015625000232830644 0.012962962500751019
0 0.8276041746139526 0.26620370149612427 0.008333333767950535 0.015740741044282913
0 0.4856770932674408 0.27638888359069824 0.0036458333488553762 0.017592592164874077
0 0.42369791865348816 0.2666666805744171 0.004687500186264515 0.01666666753590107
