6 0.5174478888511658 0.10277777910232544 0.0015625000232830644 0.007407407276332378
6 0.518750011920929 0.10601852089166641 0.0010416667209938169 0.008333333767950535
6 0.5192708373069763 0.10787037014961243 0.0010416667209938169 0.008333333767950535
6 0.5169270634651184 0.10185185074806213 0.0015625000232830644 0.007407407276332378
6 0.5161458253860474 0.10000000149011612 0.0010416667209938169 0.007407407276332378
6 0.5182291865348816 0.1050925925374031 0.0010416667209938169 0.008333333767950535
7 0.7184895873069763 0.2370370328426361 0.01822916604578495 0.020370369777083397
8 0.4598958194255829 0.1398148089647293 0.0020833334419876337 0.014814814552664757
8 0.6494791507720947 0.2273148149251938 0.01145833358168602 0.01944444514811039
7 0.4585937559604645 0.15601852536201477 0.0036458333488553762 0.015740741044282913
2 0.47447916865348816 0.12175925821065903 0.012500000186264515 0.037962961941957474
7 0.75390625 0.23564815521240234 0.01927083358168602 0.021296296268701553
8 0.4593749940395355 0.09166666865348816 0.004166666883975267 0.009259259328246117
1 0.7171875238418579 0.22638888657093048 0.02812499925494194 0.021296296268701553
1 0.5247395634651184 0.08796296268701553 0.013020833022892475 0.009259259328246117
1 0.6432291865348816 0.23888888955116272 0.0364583320915699 0.024074073880910873
8 0.598437488079071 0.2273148149251938 0.012500000186264515 0.021296296268701553
0 0.4854166805744171 0.10972221940755844 0.0010416667209938169 0.012037036940455437
0 0.7593749761581421 0.24722221493721008 0.0062500000931322575 0.024074073880910873
0 0.539843738079071 0.20324073731899261 0.0026041667442768812 0.01944444514811039
0 0.5950520634651184 0.26249998807907104 0.00572916679084301 0.015740741044282913
0 0.5151041746139526 0.20462962985038757 0.0031250000465661287 0.020370369777083397
0 0.5132812261581421 0.12962962687015533 0.0015625000232830644 0.012962962500751019
0 0.7356770634651184 0.2490740716457367 0.00572916679084301 0.024074073880910873
0 0.48750001192092896 0.16111111640930176 0.0020833334419876337 0.01666666753590107
0 0.4476562440395355 0.11851851642131805 0.0015625000232830644 0.012962962500751019
0 0.5174478888511658 0.12314815074205399 0.0015625000232830644 0.007407407276332378
0 0.4898437559604645 0.13379628956317902 0.0015625000232830644 0.013888888992369175
0 0.72265625 0.08888889104127884 0.0026041667442768812 0.009259259328246117
0 0.9809895753860474 0.25740739703178406 0.00989583320915699 0.014814814552664757
0 0.9630208611488342 0.6564815044403076 0.02187499962747097 0.03888889029622078
0 0.48906248807907104 0.1648148149251938 0.0020833334419876337 0.01666666753590107
0 0.6812499761581421 0.20648148655891418 0.004166666883975267 0.020370369777083397
0 0.567187488079071 0.20787036418914795 0.0031250000465661287 0.012037036940455437
0 0.4976562559604645 0.1597222238779068 0.0015625000232830644 0.015740741044282913
0 0.7572916746139526 0.9138888716697693 0.02500000037252903 0.06851851940155029
0 0.504687488079071 0.17824074625968933 0.0020833334419876337 0.017592592164874077
0 0.43671876192092896 0.1578703671693802 0.0026041667442768812 0.015740741044282913
0 0.50390625 0.13564814627170563 0.0015625000232830644 0.013888888992369175
0 0.7145833373069763 0.0902777761220932 0.0020833334419876337 0.010185184888541698
0 0.9130208492279053 0.2518518567085266 0.00937500037252903 0.024074073880910873
0 0.28828126192092896 0.8185185194015503 0.01927083358168602 0.06111111119389534
0 0.4867187440395355 0.12175925821065903 0.0015625000232830644 0.012037036940455437
0 0.8161458373069763 0.2578703761100769 0.0072916666977107525 0.015740741044282913
0 0.48515623807907104 0.2671296298503876 0.0036458333488553762 0.017592592164874077
0 0.4255208373069763 0.25740739703178406 0.004166666883975267 0.014814814552664757
