6 0.5179687738418579 0.10555555671453476 0.0015625000232830644 0.007407407276332378
6 0.5192708373069763 0.10879629850387573 0.0010416667209938169 0.008333333767950535
6 0.5197916626930237 0.11064814776182175 0.0010416667209938169 0.008333333767950535
6 0.5171874761581421 0.1041666641831398 0.0010416667209938169 0.008333333767950535
6 0.5166666507720947 0.10277777910232544 0.0010416667209938169 0.007407407276332378
6 0.518750011920929 0.10787037014961243 0.0010416667209938169 0.008333333767950535
7 0.7364583611488342 0.24953703582286835 0.01979166641831398 0.021296296268701553
8 0.4585937559604645 0.1458333283662796 0.0015625000232830644 0.015740741044282913
8 0.6539062261581421 0.23888888955116272 0.013020833022892475 0.020370369777083397
7 0.45703125 0.16296295821666718 0.0036458333488553762 0.01666666753590107
2 0.4739583432674408 0.12453703582286835 0.012500000186264515 0.03981481492519379
7 0.7739583253860474 0.2481481432914734 0.02083333395421505 0.02222222276031971
8 0.4596354067325592 0.09398148208856583 0.0036458333488553762 0.010185184888541698
1 0.7231770753860474 0.23796296119689941 0.02968749962747097 0.02222222276031971
1 0.5255208611488342 0.08981481194496155 0.01354166679084301 0.009259259328246117
1 0.6572916507720947 0.2509259283542633 0.03854166716337204 0.025925925001502037
8 0.6033853888511658 0.23888888955116272 0.013020833022892475 0.02222222276031971
8 0.18723958730697632 0.17083333432674408 0.00989583320915699 0.015740741044282913
0 0.48515623807907104 0.11342592537403107 0.0015625000232830644 0.012037036940455437
0 0.7757812738418579 0.26157405972480774 0.006770833395421505 0.02500000037252903
0 0.54296875 0.21296297013759613 0.0026041667442768812 0.020370369777083397
0 0.602343738079071 0.2768518626689911 0.00572916679084301 0.01666666753590107
0 0.5171874761581421 0.21481481194496155 0.0031250000465661287 0.020370369777083397
0 0.5138021111488342 0.13379628956317902 0.0015625000232830644 0.013888888992369175
0 0.75 0.2629629671573639 0.0062500000931322575 0.025925925001502037
0 0.4869791567325592 0.1666666716337204 0.0020833334419876337 0.01666666753590107
0 0.44609373807907104 0.12222222238779068 0.0015625000232830644 0.012962962500751019
0 0.5182291865348816 0.12731482088565826 0.0020833334419876337 0.008333333767950535
0 0.4893229305744171 0.13750000298023224 0.0015625000232830644 0.013888888992369175
0 0.7278645634651184 0.09074074029922485 0.0026041667442768812 0.009259259328246117
0 0.4885416626930237 0.17083333432674408 0.0020833334419876337 0.017592592164874077
0 0.6880208253860474 0.21574074029922485 0.004166666883975267 0.020370369777083397
0 0.5716145634651184 0.21759259700775146 0.0036458333488553762 0.012962962500751019
0 0.49791666865348816 0.1657407432794571 0.0020833334419876337 0.01666666753590107
0 0.504687488079071 0.18472221493721008 0.0020833334419876337 0.017592592164874077
0 0.43437498807907104 0.16388888657093048 0.0031250000465661287 0.01666666753590107
0 0.5049479007720947 0.14027777314186096 0.0015625000232830644 0.013888888992369175
0 0.7190104126930237 0.09259258955717087 0.0026041667442768812 0.009259259328246117
0 0.9380208253860474 0.26620370149612427 0.010416666977107525 0.02500000037252903
0 0.25052082538604736 0.9666666388511658 0.02500000037252903 0.06666667014360428
0 0.48645833134651184 0.1259259283542633 0.0010416667209938169 0.012962962500751019
0 0.8354166746139526 0.2726851999759674 0.008333333767950535 0.015740741044282913
0 0.4856770932674408 0.2828703820705414 0.0036458333488553762 0.01944444514811039
0 0.4221354126930237 0.2726851999759674 0.004687500186264515 0.015740741044282913
