6 0.5182291865348816 0.10648148506879807 0.0010416667209938169 0.007407407276332378
6 0.5192708373069763 0.10925926268100739 0.0010416667209938169 0.007407407276332378
6 0.5197916626930237 0.11064814776182175 0.0010416667209938169 0.008333333767950535
6 0.5174478888511658 0.10462962836027145 0.0015625000232830644 0.007407407276332378
6 0.5166666507720947 0.10324074327945709 0.0010416667209938169 0.008333333767950535
6 0.518750011920929 0.10833333432674408 0.0010416667209938169 0.007407407276332378
7 0.7401041388511658 0.25231480598449707 0.01979166641831398 0.021296296268701553
8 0.4583333432674408 0.1467592567205429 0.0020833334419876337 0.015740741044282913
8 0.6546875238418579 0.24120371043682098 0.012500000186264515 0.021296296268701553
7 0.4567708373069763 0.1648148149251938 0.004166666883975267 0.01666666753590107
2 0.4739583432674408 0.125 0.012500000186264515 0.040740739554166794
7 0.7783854007720947 0.2509259283542633 0.02135416679084301 0.02222222276031971
8 0.4596354067325592 0.09444444626569748 0.0036458333488553762 0.009259259328246117
1 0.7244791388511658 0.24027778208255768 0.03020833246409893 0.023148147389292717
1 0.5255208611488342 0.0902777761220932 0.01354166679084301 0.008333333767950535
1 0.6604166626930237 0.2537037134170532 0.03958333283662796 0.025925925001502037
8 0.6044270992279053 0.24120371043682098 0.013020833022892475 0.021296296268701553
8 0.18463541567325592 0.1726851910352707 0.00989583320915699 0.015740741044282913
0 0.48515623807907104 0.11342592537403107 0.0015625000232830644 0.012037036940455437
0 0.7791666388511658 0.26435184478759766 0.0072916666977107525 0.02500000037252903
0 0.543749988079071 0.21481481194496155 0.0031250000465661287 0.020370369777083397
0 0.6039062738418579 0.2796296179294586 0.00572916679084301 0.01666666753590107
0 0.5177083611488342 0.2171296328306198 0.0031250000465661287 0.021296296268701553
0 0.5138021111488342 0.13472221791744232 0.0015625000232830644 0.013888888992369175
0 0.753125011920929 0.26620370149612427 0.0062500000931322575 0.02500000037252903
0 0.4869791567325592 0.1675925999879837 0.0020833334419876337 0.01666666753590107
0 0.44583332538604736 0.12314815074205399 0.0020833334419876337 0.012962962500751019
0 0.5182291865348816 0.12824073433876038 0.0020833334419876337 0.008333333767950535
0 0.4893229305744171 0.13842593133449554 0.0015625000232830644 0.013888888992369175
0 0.7289062738418579 0.0912037044763565 0.0026041667442768812 0.010185184888541698
0 0.4885416626930237 0.17222222685813904 0.0020833334419876337 0.01666666753590107
0 0.6893228888511658 0.21805556118488312 0.004687500186264515 0.021296296268701553
0 0.5726562738418579 0.21944443881511688 0.0036458333488553762 0.012962962500751019
0 0.49791666865348816 0.1675925999879837 0.0020833334419876337 0.01666666753590107
0 0.504687488079071 0.18611110746860504 0.0020833334419876337 0.018518518656492233
0 0.4338541626930237 0.16527777910232544 0.0031250000465661287 0.015740741044282913
0 0.5049479007720947 0.14120370149612427 0.0015625000232830644 0.013888888992369175
0 0.9434896111488342 0.26944443583488464 0.010937499813735485 0.025925925001502037
0 0.2408854216337204 0.9851852059364319 0.02656250074505806 0.029629629105329514
0 0.48619791865348816 0.1259259283542633 0.0015625000232830644 0.012962962500751019
0 0.83984375 0.27546295523643494 0.008854166604578495 0.015740741044282913
0 0.4859375059604645 0.28611111640930176 0.0031250000465661287 0.018518518656492233
0 0.42109376192092896 0.27638888359069824 0.004687500186264515 0.015740741044282913
