6 0.5177083611488342 0.10185185074806213 0.0010416667209938169 0.007407407276332378
6 0.5190104246139526 0.10462962836027145 0.0015625000232830644 0.007407407276332378
6 0.51953125 0.10648148506879807 0.0015625000232830644 0.007407407276332378
6 0.5171874761581421 0.10092592239379883 0.0010416667209938169 0.007407407276332378
6 0.5166666507720947 0.09907407313585281 0.0010416667209938169 0.007407407276332378
6 0.5184895992279053 0.1041666641831398 0.0015625000232830644 0.008333333767950535
7 0.7119791507720947 0.23287037014961243 0.01770833320915699 0.01944444514811039
8 0.4606770873069763 0.13703703880310059 0.0015625000232830644 0.014814814552664757
8 0.6481770873069763 0.22268518805503845 0.01197916641831398 0.01944444514811039
7 0.4596354067325592 0.15324074029922485 0.0036458333488553762 0.015740741044282913
2 0.4755208194255829 0.11990740895271301 0.012500000186264515 0.037962961941957474
7 0.746874988079071 0.23148147761821747 0.01875000074505806 0.020370369777083397
8 0.4593749940395355 0.09074074029922485 0.004166666883975267 0.009259259328246117
1 0.715624988079071 0.22175925970077515 0.02812499925494194 0.021296296268701553
1 0.5249999761581421 0.08703703433275223 0.01354166679084301 0.009259259328246117
1 0.6382812261581421 0.23379629850387573 0.03593749925494194 0.023148147389292717
8 0.5971354246139526 0.2231481522321701 0.01197916641831398 0.020370369777083397
0 0.48619791865348816 0.10879629850387573 0.0015625000232830644 0.012037036940455437
0 0.7536458373069763 0.2421296238899231 0.0062500000931322575 0.023148147389292717
0 0.5388020873069763 0.19953703880310059 0.0026041667442768812 0.01944444514811039
0 0.5927083492279053 0.25648146867752075 0.0052083334885537624 0.014814814552664757
0 0.5151041746139526 0.20092593133449554 0.0031250000465661287 0.020370369777083397
0 0.5135416388511658 0.12777778506278992 0.0020833334419876337 0.012962962500751019
0 0.7309895753860474 0.24351851642131805 0.00572916679084301 0.024074073880910873
0 0.4880208373069763 0.1587962955236435 0.0020833334419876337 0.015740741044282913
0 0.44869792461395264 0.11712963134050369 0.0015625000232830644 0.012037036940455437
0 0.5177083611488342 0.12222222238779068 0.0020833334419876337 0.007407407276332378
0 0.49036458134651184 0.1319444477558136 0.0015625000232830644 0.013888888992369175
0 0.7210937738418579 0.08796296268701553 0.0026041667442768812 0.009259259328246117
0 0.9729166626930237 0.2518518567085266 0.00937500037252903 0.014814814552664757
0 0.9432291388511658 0.6240741014480591 0.01979166641831398 0.03703703731298447
0 0.4895833432674408 0.16249999403953552 0.0020833334419876337 0.015740741044282913
0 0.6794270873069763 0.20277777314186096 0.0036458333488553762 0.020370369777083397
0 0.5658854246139526 0.20416666567325592 0.0036458333488553762 0.012037036940455437
0 0.49791666865348816 0.15740740299224854 0.0020833334419876337 0.01666666753590107
0 0.7427083253860474 0.8560185432434082 0.02291666716337204 0.06574074178934097
0 0.5049479007720947 0.17546296119689941 0.0015625000232830644 0.017592592164874077
0 0.43828123807907104 0.15509259700775146 0.0026041667442768812 0.015740741044282913
0 0.50390625 0.13379628956317902 0.0015625000232830644 0.013888888992369175
0 0.7130208611488342 0.08935185521841049 0.0020833334419876337 0.010185184888541698
0 0.9041666388511658 0.24675926566123962 0.00937500037252903 0.023148147389292717
0 0.30130207538604736 0.7699074149131775 0.01718750037252903 0.05833333358168602
0 0.4872395694255829 0.12037037312984467 0.0015625000232830644 0.012962962500751019
0 0.809374988079071 0.2527777850627899 0.0072916666977107525 0.014814814552664757
0 0.4854166805744171 0.26157405972480774 0.0031250000465661287 0.017592592164874077
0 0.4270833432674408 0.2518518567085266 0.004166666883975267 0.014814814552664757
