6 0.5190104246139526 0.11249999701976776 0.0015625000232830644 0.008333333767950535
6 0.520312488079071 0.11620370298624039 0.0010416667209938169 0.008333333767950535
6 0.5208333134651184 0.11759259551763535 0.0010416667209938169 0.009259259328246117
6 0.5182291865348816 0.11064814776182175 0.0010416667209938169 0.008333333767950535
6 0.5177083611488342 0.10879629850387573 0.0010416667209938169 0.008333333767950535
6 0.5197916626930237 0.11481481790542603 0.0010416667209938169 0.009259259328246117
7 0.788281261920929 0.28518518805503845 0.0234375 0.024074073880910873
8 0.45520833134651184 0.1615740805864334 0.0020833334419876337 0.017592592164874077
8 0.6651041507720947 0.27222222089767456 0.014583333395421505 0.024074073880910873
7 0.4528645873069763 0.18287037312984467 0.004687500186264515 0.01944444514811039
2 0.47213542461395264 0.13379628956317902 0.01406249962747097 0.043518517166376114
7 0.8315104246139526 0.2828703820705414 0.02447916753590107 0.02500000037252903
8 0.4593749940395355 0.10046296566724777 0.0031250000465661287 0.010185184888541698
1 0.7406250238418579 0.2708333432674408 0.03437500074505806 0.026851851493120193
1 0.526562511920929 0.09537036716938019 0.014583333395421505 0.009259259328246117
1 0.6976562738418579 0.28703704476356506 0.04531250149011612 0.029629629105329514
8 0.6169270873069763 0.27222222089767456 0.015104166232049465 0.024074073880910873
8 0.15286459028720856 0.19120369851589203 0.01197916641831398 0.017592592164874077
0 0.484375 0.12129629403352737 0.0010416667209938169 0.012962962500751019
0 0.8236979246139526 0.3027777671813965 0.008854166604578495 0.02777777798473835
0 0.5520833134651184 0.23935185372829437 0.0031250000465661287 0.023148147389292717
0 0.6231771111488342 0.31990739703178406 0.006770833395421505 0.01944444514811039
0 0.522656261920929 0.24351851642131805 0.0036458333488553762 0.024074073880910873
0 0.5151041746139526 0.14537036418914795 0.0020833334419876337 0.014814814552664757
0 0.7911458611488342 0.30416667461395264 0.008333333767950535 0.028703704476356506
0 0.4859375059604645 0.18194444477558136 0.0020833334419876337 0.017592592164874077
0 0.4424479305744171 0.1319444477558136 0.0015625000232830644 0.013888888992369175
0 0.5192708373069763 0.13750000298023224 0.0020833334419876337 0.008333333767950535
0 0.48880207538604736 0.14907407760620117 0.0015625000232830644 0.014814814552664757
0 0.7411458492279053 0.09583333134651184 0.0031250000465661287 0.010185184888541698
0 0.48750001192092896 0.18703703582286835 0.0020833334419876337 0.018518518656492233
0 0.706250011920929 0.2430555522441864 0.0052083334885537624 0.023148147389292717
0 0.5848958492279053 0.244907408952713 0.004166666883975267 0.013888888992369175
0 0.49817708134651184 0.18379630148410797 0.0026041667442768812 0.017592592164874077
0 0.5052083134651184 0.20324073731899261 0.0020833334419876337 0.01944444514811039
0 0.4273437559604645 0.18101851642131805 0.0026041667442768812 0.017592592164874077
0 0.5078125 0.15231481194496155 0.0020833334419876337 0.015740741044282913
0 0.4856770932674408 0.13564814627170563 0.0015625000232830644 0.013888888992369175
0 0.8921874761581421 0.3152777850627899 0.010416666977107525 0.017592592164874077
0 0.48750001192092896 0.3282407522201538 0.004166666883975267 0.021296296268701553
0 0.4098958373069763 0.3203703761100769 0.0052083334885537624 0.018518518656492233
