6 0.5190104246139526 0.1120370402932167 0.0015625000232830644 0.007407407276332378
6 0.5200520753860474 0.11527777463197708 0.0015625000232830644 0.008333333767950535
6 0.5205729007720947 0.11712963134050369 0.0015625000232830644 0.008333333767950535
6 0.5182291865348816 0.11064814776182175 0.0010416667209938169 0.008333333767950535
6 0.5174478888511658 0.10879629850387573 0.0015625000232830644 0.008333333767950535
6 0.51953125 0.11435185372829437 0.0015625000232830644 0.008333333767950535
7 0.7833333611488342 0.28148147463798523 0.02291666716337204 0.024074073880910873
8 0.45520833134651184 0.16018518805503845 0.0020833334419876337 0.01666666753590107
8 0.6640625 0.2689814865589142 0.014583333395421505 0.023148147389292717
7 0.4533854126930237 0.18101851642131805 0.004687500186264515 0.01944444514811039
2 0.4723958373069763 0.1328703761100769 0.01354166679084301 0.043518517166376114
7 0.8263021111488342 0.2796296179294586 0.02447916753590107 0.024074073880910873
8 0.4596354067325592 0.10046296566724777 0.0036458333488553762 0.010185184888541698
1 0.7393229007720947 0.26759257912635803 0.0338541679084301 0.025925925001502037
2 0.9869791865348816 0.08379629999399185 0.02604166604578495 0.026851851493120193
1 0.5263020992279053 0.09444444626569748 0.01406249962747097 0.009259259328246117
1 0.6937500238418579 0.2837963104248047 0.04479166492819786 0.028703704476356506
8 0.6158854365348816 0.26851850748062134 0.015104166232049465 0.024074073880910873
8 0.15625 0.1893518567085266 0.01145833358168602 0.017592592164874077
0 0.4846354126930237 0.12083332985639572 0.0015625000232830644 0.012037036940455437
0 0.8190104365348816 0.29907408356666565 0.008854166604578495 0.02777777798473835
0 0.5513020753860474 0.23657406866550446 0.0036458333488553762 0.023148147389292717
0 0.62109375 0.3157407343387604 0.006770833395421505 0.018518518656492233
0 0.5221354365348816 0.24120371043682098 0.0036458333488553762 0.023148147389292717
0 0.514843761920929 0.14444445073604584 0.0015625000232830644 0.014814814552664757
0 0.7875000238418579 0.3004629611968994 0.008333333767950535 0.028703704476356506
0 0.4859375059604645 0.1805555522441864 0.0020833334419876337 0.018518518656492233
0 0.4427083432674408 0.1310185194015503 0.0020833334419876337 0.013888888992369175
0 0.5192708373069763 0.13657407462596893 0.0020833334419876337 0.008333333767950535
0 0.48880207538604736 0.14814814925193787 0.0015625000232830644 0.014814814552664757
0 0.7398437261581421 0.09583333134651184 0.0026041667442768812 0.010185184888541698
0 0.48750001192092896 0.18518517911434174 0.0020833334419876337 0.018518518656492233
0 0.7046874761581421 0.24027778208255768 0.0052083334885537624 0.023148147389292717
0 0.5833333134651184 0.24259258806705475 0.004166666883975267 0.014814814552664757
0 0.49791666865348816 0.18194444477558136 0.0020833334419876337 0.017592592164874077
0 0.5052083134651184 0.2013888955116272 0.0020833334419876337 0.01944444514811039
0 0.4281249940395355 0.17916665971279144 0.0031250000465661287 0.017592592164874077
0 0.5075520873069763 0.1509259194135666 0.0015625000232830644 0.014814814552664757
0 0.9986979365348816 0.30416667461395264 0.0026041667442768812 0.028703704476356506
0 0.4859375059604645 0.13472221791744232 0.0020833334419876337 0.013888888992369175
0 0.88671875 0.31111112236976624 0.00989583320915699 0.018518518656492233
0 0.4872395694255829 0.3245370388031006 0.0036458333488553762 0.021296296268701553
0 0.4111979305744171 0.3157407343387604 0.004687500186264515 0.018518518656492233
