6 0.518750011920929 0.11064814776182175 0.0010416667209938169 0.008333333767950535
6 0.5200520753860474 0.11435185372829437 0.0015625000232830644 0.008333333767950535
6 0.5205729007720947 0.11574073880910873 0.0015625000232830644 0.009259259328246117
6 0.5179687738418579 0.10879629850387573 0.0015625000232830644 0.008333333767950535
6 0.5174478888511658 0.10740740597248077 0.0015625000232830644 0.007407407276332378
6 0.51953125 0.11296296119689941 0.0015625000232830644 0.009259259328246117
7 0.7739583253860474 0.27546295523643494 0.02187499962747097 0.023148147389292717
8 0.4559895694255829 0.15740740299224854 0.0015625000232830644 0.01666666753590107
8 0.6622396111488342 0.2629629671573639 0.01406249962747097 0.02222222276031971
7 0.45390623807907104 0.17777778208255768 0.004687500186264515 0.018518518656492233
2 0.47265625 0.13148148357868195 0.013020833022892475 0.04259259253740311
7 0.8158854246139526 0.2736110985279083 0.0234375 0.023148147389292717
8 0.4596354067325592 0.09861110895872116 0.0036458333488553762 0.010185184888541698
1 0.7359374761581421 0.26157405972480774 0.03333333507180214 0.02500000037252903
1 0.5263020992279053 0.09351851791143417 0.01406249962747097 0.009259259328246117
1 0.6864583492279053 0.27731481194496155 0.04374999925494194 0.028703704476356506
8 0.61328125 0.2629629671573639 0.015104166232049465 0.024074073880910873
8 0.16223958134651184 0.1856481432914734 0.010937499813735485 0.017592592164874077
0 0.4846354126930237 0.11944444477558136 0.0015625000232830644 0.012962962500751019
0 0.8104166388511658 0.2916666567325592 0.008333333767950535 0.02777777798473835
0 0.5497395992279053 0.23240740597248077 0.0036458333488553762 0.02222222276031971
0 0.6174479126930237 0.3083333373069763 0.006770833395421505 0.018518518656492233
0 0.5210937261581421 0.23564815521240234 0.0036458333488553762 0.023148147389292717
0 0.514843761920929 0.14212962985038757 0.0015625000232830644 0.013888888992369175
0 0.7799479365348816 0.29305556416511536 0.0078125 0.026851851493120193
0 0.48645833134651184 0.17824074625968933 0.0020833334419876337 0.017592592164874077
0 0.44348958134651184 0.12962962687015533 0.0015625000232830644 0.012962962500751019
0 0.5192708373069763 0.13472221791744232 0.0020833334419876337 0.008333333767950535
0 0.48880207538604736 0.14629629254341125 0.0015625000232830644 0.014814814552664757
0 0.7377604246139526 0.09490741044282913 0.0026041667442768812 0.010185184888541698
0 0.4880208373069763 0.182407408952713 0.0020833334419876337 0.018518518656492233
0 0.7013021111488342 0.23564815521240234 0.004687500186264515 0.023148147389292717
0 0.581250011920929 0.23749999701976776 0.004166666883975267 0.013888888992369175
0 0.49791666865348816 0.17916665971279144 0.0020833334419876337 0.017592592164874077
0 0.5052083134651184 0.19861111044883728 0.0020833334419876337 0.01944444514811039
0 0.42916667461395264 0.17638888955116272 0.0031250000465661287 0.017592592164874077
0 0.507031261920929 0.14907407760620117 0.0015625000232830644 0.014814814552664757
0 0.9911458492279053 0.29629629850387573 0.012500000186264515 0.02777777798473835
0 0.4859375059604645 0.1328703761100769 0.0020833334419876337 0.013888888992369175
0 0.8763020634651184 0.30324074625968933 0.00989583320915699 0.017592592164874077
0 0.4869791567325592 0.3157407343387604 0.004166666883975267 0.020370369777083397
0 0.41328126192092896 0.30694442987442017 0.004687500186264515 0.017592592164874077
