6 0.5197916626930237 0.11759259551763535 0.0010416667209938169 0.007407407276332378
6 0.5210937261581421 0.12083332985639572 0.0015625000232830644 0.008333333767950535
6 0.5216146111488342 0.12314815074205399 0.0015625000232830644 0.009259259328246117
6 0.5190104246139526 0.11574073880910873 0.0015625000232830644 0.009259259328246117
6 0.5182291865348816 0.11388888955116272 0.0010416667209938169 0.009259259328246117
6 0.5205729007720947 0.11990740895271301 0.0015625000232830644 0.008333333767950535
7 0.8309895992279053 0.3143518567085266 0.02656250074505806 0.026851851493120193
8 0.4520833194255829 0.17407406866550446 0.0020833334419876337 0.018518518656492233
8 0.6747395992279053 0.30000001192092896 0.01614583283662796 0.025925925001502037
7 0.4494791626930237 0.19907407462596893 0.0052083334885537624 0.020370369777083397
2 0.47057291865348816 0.1398148089647293 0.01406249962747097 0.04444444552063942
7 0.8791666626930237 0.3125 0.02812499925494194 0.026851851493120193
8 0.4585937559604645 0.10601852089166641 0.0036458333488553762 0.010185184888541698
1 0.7559896111488342 0.29814815521240234 0.03802083432674408 0.029629629105329514
1 0.5276041626930237 0.09861110895872116 0.014583333395421505 0.010185184888541698
1 0.7315104007720947 0.31712964177131653 0.05156249925494194 0.032407406717538834
8 0.628125011920929 0.2995370328426361 0.01666666753590107 0.026851851493120193
8 0.12526041269302368 0.20787036418914795 0.013020833022892475 0.01944444514811039
0 0.48359376192092896 0.12777778506278992 0.0015625000232830644 0.012962962500751019
0 0.8645833134651184 0.33796295523643494 0.01145833358168602 0.031481482088565826
0 0.5596354007720947 0.2606481611728668 0.0036458333488553762 0.02500000037252903
0 0.6411458253860474 0.3560185134410858 0.008333333767950535 0.021296296268701553
0 0.5276041626930237 0.2671296298503876 0.004166666883975267 0.02500000037252903
0 0.5161458253860474 0.15416666865348816 0.0020833334419876337 0.015740741044282913
0 0.8265625238418579 0.33981481194496155 0.010416666977107525 0.031481482088565826
0 0.48489582538604736 0.19398148357868195 0.0020833334419876337 0.01944444514811039
0 0.43958333134651184 0.13935184478759766 0.0020833334419876337 0.013888888992369175
0 0.520312488079071 0.14537036418914795 0.0020833334419876337 0.009259259328246117
0 0.4880208373069763 0.15694443881511688 0.0020833334419876337 0.015740741044282913
0 0.750781238079071 0.10000000149011612 0.0026041667442768812 0.011111111380159855
0 0.4869791567325592 0.19907407462596893 0.0020833334419876337 0.020370369777083397
0 0.7208333611488342 0.26435184478759766 0.0062500000931322575 0.02500000037252903
0 0.5950520634651184 0.2671296298503876 0.004687500186264515 0.015740741044282913
0 0.4984374940395355 0.19768518209457397 0.0020833334419876337 0.01944444514811039
0 0.5057291388511658 0.21759259700775146 0.0020833334419876337 0.020370369777083397
0 0.4221354126930237 0.19398148357868195 0.0036458333488553762 0.01944444514811039
0 0.5098958611488342 0.16111111640930176 0.0020833334419876337 0.01666666753590107
0 0.4854166805744171 0.14259259402751923 0.0020833334419876337 0.014814814552664757
0 0.9401041865348816 0.35185185074806213 0.012500000186264515 0.020370369777083397
0 0.48880207538604736 0.36666667461395264 0.004687500186264515 0.024074073880910873
0 0.40156251192092896 0.36064815521240234 0.0072916666977107525 0.021296296268701553
