6 0.5192708373069763 0.11435185372829437 0.0010416667209938169 0.008333333767950535
6 0.5205729007720947 0.1180555522441864 0.0015625000232830644 0.008333333767950535
6 0.5210937261581421 0.11990740895271301 0.0015625000232830644 0.008333333767950535
6 0.5184895992279053 0.11249999701976776 0.0015625000232830644 0.008333333767950535
6 0.5179687738418579 0.11064814776182175 0.0015625000232830644 0.008333333767950535
6 0.5200520753860474 0.11666666716337204 0.0015625000232830644 0.009259259328246117
7 0.8033854365348816 0.2958333194255829 0.02447916753590107 0.02500000037252903
8 0.4541666805744171 0.16620370745658875 0.0020833334419876337 0.017592592164874077
8 0.6684895753860474 0.2819444537162781 0.015104166232049465 0.02500000037252903
7 0.4518229067325592 0.1884259283542633 0.004687500186264515 0.01944444514811039
2 0.4716145694255829 0.13564814627170563 0.01406249962747097 0.043518517166376114
7 0.848437488079071 0.2935185134410858 0.02604166604578495 0.025925925001502037
8 0.45911458134651184 0.10231481492519379 0.0036458333488553762 0.010185184888541698
1 0.74609375 0.2805555462837219 0.03593749925494194 0.02777777798473835
1 0.5268229246139526 0.0962962955236435 0.01406249962747097 0.009259259328246117
1 0.7098958492279053 0.2976851761341095 0.04791666567325592 0.03055555559694767
8 0.62109375 0.2819444537162781 0.01614583283662796 0.02500000037252903
8 0.14296874403953552 0.19722221791744232 0.01197916641831398 0.018518518656492233
0 0.4841145873069763 0.1240740716457367 0.0015625000232830644 0.012962962500751019
0 0.8382812738418579 0.3152777850627899 0.00989583320915699 0.028703704476356506
0 0.5549479126930237 0.24675926566123962 0.0036458333488553762 0.023148147389292717
0 0.629687488079071 0.33287036418914795 0.0072916666977107525 0.01944444514811039
0 0.5244791507720947 0.2518518567085266 0.004166666883975267 0.024074073880910873
0 0.5153645873069763 0.14814814925193787 0.0015625000232830644 0.014814814552664757
0 0.803906261920929 0.3166666626930237 0.008854166604578495 0.029629629105329514
0 0.4854166805744171 0.18611110746860504 0.0020833334419876337 0.018518518656492233
0 0.44140625 0.13472221791744232 0.0015625000232830644 0.013888888992369175
0 0.5197916626930237 0.14027777314186096 0.0020833334419876337 0.008333333767950535
0 0.48828125 0.1518518477678299 0.0015625000232830644 0.014814814552664757
0 0.7445312738418579 0.09768518805503845 0.0026041667442768812 0.010185184888541698
0 0.48750001192092896 0.19120369851589203 0.0020833334419876337 0.01944444514811039
0 0.7114583253860474 0.25046294927597046 0.0052083334885537624 0.023148147389292717
0 0.5885416865348816 0.2527777850627899 0.004166666883975267 0.014814814552664757
0 0.49817708134651184 0.18888889253139496 0.0026041667442768812 0.018518518656492233
0 0.5054687261581421 0.2083333283662796 0.0026041667442768812 0.020370369777083397
0 0.4255208373069763 0.1856481432914734 0.0031250000465661287 0.017592592164874077
0 0.508593738079071 0.15509259700775146 0.0015625000232830644 0.015740741044282913
0 0.4856770932674408 0.13842593133449554 0.0015625000232830644 0.013888888992369175
0 0.9091145992279053 0.32777777314186096 0.010937499813735485 0.018518518656492233
0 0.4880208373069763 0.34259259700775146 0.004166666883975267 0.02222222276031971
0 0.40703123807907104 0.33472222089767456 0.00572916679084301 0.01944444514811039
