6 0.5190104246139526 0.11342592537403107 0.0015625000232830644 0.008333333767950535
6 0.5205729007720947 0.11666666716337204 0.0015625000232830644 0.007407407276332378
6 0.5210937261581421 0.11851851642131805 0.0015625000232830644 0.009259259328246117
6 0.5184895992279053 0.11157407611608505 0.0015625000232830644 0.008333333767950535
6 0.5177083611488342 0.10972221940755844 0.0010416667209938169 0.008333333767950535
6 0.5197916626930237 0.11527777463197708 0.0010416667209938169 0.008333333767950535
7 0.79296875 0.28842592239379883 0.0234375 0.02500000037252903
8 0.4546875059604645 0.16296295821666718 0.0020833334419876337 0.01666666753590107
8 0.6661458611488342 0.27546295523643494 0.014583333395421505 0.023148147389292717
7 0.45234376192092896 0.18472221493721008 0.004687500186264515 0.01944444514811039
2 0.47187501192092896 0.13472221791744232 0.01354166679084301 0.043518517166376114
7 0.8369791507720947 0.2865740656852722 0.02500000037252903 0.02500000037252903
8 0.45911458134651184 0.10138888657093048 0.0036458333488553762 0.010185184888541698
1 0.7424479126930237 0.27407407760620117 0.03489583358168602 0.025925925001502037
1 0.526562511920929 0.09537036716938019 0.014583333395421505 0.009259259328246117
1 0.7018229365348816 0.2907407283782959 0.04635416716337204 0.029629629105329514
8 0.6182291507720947 0.2750000059604645 0.015625 0.024074073880910873
8 0.1497395783662796 0.1935185194015503 0.01197916641831398 0.018518518656492233
0 0.4841145873069763 0.12222222238779068 0.0015625000232830644 0.012962962500751019
0 0.828125 0.30694442987442017 0.00937500037252903 0.028703704476356506
0 0.5531250238418579 0.24166665971279144 0.0031250000465661287 0.02222222276031971
0 0.6252604126930237 0.32407405972480774 0.006770833395421505 0.018518518656492233
0 0.5234375 0.24629630148410797 0.004166666883975267 0.024074073880910873
0 0.5151041746139526 0.14629629254341125 0.0020833334419876337 0.014814814552664757
0 0.7953125238418579 0.3087962865829468 0.008333333767950535 0.028703704476356506
0 0.4859375059604645 0.18333333730697632 0.0020833334419876337 0.018518518656492233
0 0.44218748807907104 0.1328703761100769 0.0020833334419876337 0.013888888992369175
0 0.5197916626930237 0.13842593133449554 0.0020833334419876337 0.008333333767950535
0 0.4885416626930237 0.15000000596046448 0.0020833334419876337 0.014814814552664757
0 0.7421875 0.09675925970077515 0.0031250000465661287 0.010185184888541698
0 0.48750001192092896 0.18796296417713165 0.0020833334419876337 0.018518518656492233
0 0.707812488079071 0.24537037312984467 0.0052083334885537624 0.024074073880910873
0 0.5859375 0.24768517911434174 0.004166666883975267 0.013888888992369175
0 0.49817708134651184 0.18518517911434174 0.0026041667442768812 0.018518518656492233
0 0.5052083134651184 0.20509259402751923 0.0020833334419876337 0.01944444514811039
0 0.42656248807907104 0.182407408952713 0.0031250000465661287 0.018518518656492233
0 0.5080729126930237 0.15324074029922485 0.0015625000232830644 0.015740741044282913
0 0.4856770932674408 0.13657407462596893 0.0015625000232830644 0.013888888992369175
0 0.897656261920929 0.3194444477558136 0.010937499813735485 0.018518518656492233
0 0.48750001192092896 0.33287036418914795 0.004166666883975267 0.021296296268701553
0 0.4091145694255829 0.3245370388031006 0.00572916679084301 0.01944444514811039
