6 0.51953125 0.11620370298624039 0.0015625000232830644 0.008333333767950535
6 0.5210937261581421 0.11990740895271301 0.0015625000232830644 0.008333333767950535
6 0.5216146111488342 0.12222222238779068 0.0015625000232830644 0.009259259328246117
6 0.518750011920929 0.11435185372829437 0.0010416667209938169 0.008333333767950535
6 0.5182291865348816 0.11249999701976776 0.0010416667209938169 0.008333333767950535
6 0.520312488079071 0.11851851642131805 0.0010416667209938169 0.009259259328246117
7 0.819531261920929 0.3064814805984497 0.02552083320915699 0.025925925001502037
8 0.4528645873069763 0.17083333432674408 0.0026041667442768812 0.017592592164874077
8 0.671875 0.29212963581085205 0.015625 0.02500000037252903
7 0.4502604305744171 0.1944444477558136 0.004687500186264515 0.020370369777083397
2 0.4710937440395355 0.1379629671573639 0.01406249962747097 0.04444444552063942
7 0.866406261920929 0.3046296238899231 0.02760416641831398 0.025925925001502037
8 0.45885416865348816 0.1041666641831398 0.0031250000465661287 0.010185184888541698
1 0.7518228888511658 0.2907407283782959 0.03697916492819786 0.02777777798473835
1 0.5270833373069763 0.09768518805503845 0.014583333395421505 0.010185184888541698
1 0.72265625 0.3092592656612396 0.0494791679084301 0.031481482088565826
8 0.6252604126930237 0.29212963581085205 0.01614583283662796 0.02500000037252903
8 0.13255208730697632 0.20370370149612427 0.013020833022892475 0.018518518656492233
0 0.48385417461395264 0.1259259283542633 0.0010416667209938169 0.012962962500751019
0 0.8536458611488342 0.3282407522201538 0.010416666977107525 0.03055555559694767
0 0.5575520992279053 0.25462964177131653 0.0036458333488553762 0.024074073880910873
0 0.6361979246139526 0.3462963104248047 0.0078125 0.020370369777083397
0 0.5260416865348816 0.2606481611728668 0.004166666883975267 0.02500000037252903
0 0.515625 0.1518518477678299 0.0020833334419876337 0.014814814552664757
0 0.817187488079071 0.33009257912635803 0.00937500037252903 0.03055555559694767
0 0.4854166805744171 0.19074073433876038 0.0020833334419876337 0.018518518656492233
0 0.4401041567325592 0.13750000298023224 0.0020833334419876337 0.013888888992369175
0 0.520312488079071 0.14305555820465088 0.0020833334419876337 0.008333333767950535
0 0.48828125 0.15509259700775146 0.0015625000232830644 0.015740741044282913
0 0.7484375238418579 0.09907407313585281 0.0031250000465661287 0.011111111380159855
0 0.4869791567325592 0.19583334028720856 0.0020833334419876337 0.01944444514811039
0 0.7169271111488342 0.2587963044643402 0.00572916679084301 0.02500000037252903
0 0.5924479365348816 0.2611111104488373 0.004687500186264515 0.014814814552664757
0 0.4984374940395355 0.19398148357868195 0.0020833334419876337 0.01944444514811039
0 0.5054687261581421 0.21388888359069824 0.0026041667442768812 0.020370369777083397
0 0.4234375059604645 0.19074073433876038 0.0031250000465661287 0.018518518656492233
0 0.5093749761581421 0.1587962955236435 0.0020833334419876337 0.015740741044282913
0 0.4854166805744171 0.14074073731899261 0.0020833334419876337 0.014814814552664757
0 0.9273437261581421 0.3421296179294586 0.01197916641831398 0.01944444514811039
0 0.48828125 0.3569444417953491 0.004687500186264515 0.023148147389292717
0 0.4036458432674408 0.3499999940395355 0.0062500000931322575 0.020370369777083397
