6 0.51953125 0.11574073880910873 0.0015625000232830644 0.007407407276332378
6 0.5208333134651184 0.11898148059844971 0.0010416667209938169 0.008333333767950535
6 0.5213541388511658 0.12129629403352737 0.0010416667209938169 0.009259259328246117
6 0.518750011920929 0.11388888955116272 0.0010416667209938169 0.009259259328246117
6 0.5179687738418579 0.1120370402932167 0.0015625000232830644 0.009259259328246117
6 0.5200520753860474 0.1180555522441864 0.0015625000232830644 0.008333333767950535
7 0.8140624761581421 0.3027777671813965 0.02500000037252903 0.025925925001502037
8 0.453125 0.16944444179534912 0.0020833334419876337 0.018518518656492233
8 0.6708333492279053 0.28842592239379883 0.015625 0.02500000037252903
7 0.4507812559604645 0.192592591047287 0.004687500186264515 0.020370369777083397
2 0.4710937440395355 0.13750000298023224 0.01406249962747097 0.043518517166376114
7 0.8604166507720947 0.30092594027519226 0.02708333358168602 0.025925925001502037
8 0.45911458134651184 0.1041666641831398 0.0036458333488553762 0.010185184888541698
1 0.75 0.28703704476356506 0.0364583320915699 0.02777777798473835
1 0.5270833373069763 0.0972222238779068 0.014583333395421505 0.009259259328246117
1 0.7182291746139526 0.3055555522441864 0.04895833507180214 0.031481482088565826
8 0.6236979365348816 0.2888889014720917 0.01614583283662796 0.025925925001502037
8 0.13593749701976776 0.2013888955116272 0.012500000186264515 0.01944444514811039
0 0.4841145873069763 0.125 0.0015625000232830644 0.012962962500751019
0 0.848437488079071 0.32407405972480774 0.010416666977107525 0.029629629105329514
0 0.5565103888511658 0.2518518567085266 0.0036458333488553762 0.024074073880910873
0 0.6341145634651184 0.34166666865348816 0.0078125 0.020370369777083397
0 0.5255208611488342 0.2578703761100769 0.004166666883975267 0.02500000037252903
0 0.515625 0.15046297013759613 0.0020833334419876337 0.015740741044282913
0 0.8125 0.3254629671573639 0.00937500037252903 0.03055555559694767
0 0.4854166805744171 0.18981482088565826 0.0020833334419876337 0.018518518656492233
0 0.44062501192092896 0.13657407462596893 0.0020833334419876337 0.013888888992369175
0 0.5200520753860474 0.14212962985038757 0.0026041667442768812 0.008333333767950535
0 0.48828125 0.15416666865348816 0.0015625000232830644 0.015740741044282913
0 0.746874988079071 0.09861110895872116 0.0031250000465661287 0.010185184888541698
0 0.4869791567325592 0.1944444477558136 0.0020833334419876337 0.018518518656492233
0 0.71484375 0.2560185194015503 0.00572916679084301 0.02500000037252903
0 0.5908854007720947 0.25833332538604736 0.004687500186264515 0.014814814552664757
0 0.4984374940395355 0.19212962687015533 0.0020833334419876337 0.01944444514811039
0 0.5054687261581421 0.21203704178333282 0.0026041667442768812 0.020370369777083397
0 0.42395833134651184 0.18888889253139496 0.0031250000465661287 0.018518518656492233
0 0.5091145634651184 0.1578703671693802 0.0015625000232830644 0.015740741044282913
0 0.4856770932674408 0.14027777314186096 0.0015625000232830644 0.013888888992369175
0 0.921093761920929 0.3375000059604645 0.01197916641831398 0.01944444514811039
0 0.4880208373069763 0.3523148000240326 0.004166666883975267 0.023148147389292717
0 0.4046874940395355 0.3444444537162781 0.0062500000931322575 0.020370369777083397
