6 0.5200520753860474 0.11990740895271301 0.0015625000232830644 0.008333333767950535
6 0.5216146111488342 0.12361110746860504 0.0015625000232830644 0.008333333767950535
6 0.5221354365348816 0.12546296417713165 0.0015625000232830644 0.010185184888541698
6 0.5192708373069763 0.11759259551763535 0.0010416667209938169 0.009259259328246117
6 0.5184895992279053 0.11574073880910873 0.0015625000232830644 0.009259259328246117
6 0.5208333134651184 0.12222222238779068 0.0010416667209938169 0.009259259328246117
7 0.8494791388511658 0.3273148238658905 0.02812499925494194 0.026851851493120193
8 0.4507812559604645 0.17916665971279144 0.0026041667442768812 0.01944444514811039
8 0.6783854365348816 0.3115740716457367 0.01718750037252903 0.026851851493120193
7 0.4479166567325592 0.20601852238178253 0.0052083334885537624 0.021296296268701553
2 0.4700520932674408 0.14212962985038757 0.01406249962747097 0.04537037014961243
7 0.8997395634651184 0.32499998807907104 0.02968749962747097 0.02777777798473835
8 0.4583333432674408 0.10787037014961243 0.0031250000465661287 0.010185184888541698
1 0.762499988079071 0.3097222149372101 0.03958333283662796 0.03055555559694767
1 0.5278645753860474 0.10000000149011612 0.015104166232049465 0.009259259328246117
1 0.7458333373069763 0.33009257912635803 0.05416666716337204 0.034259259700775146
8 0.6328125 0.31111112236976624 0.01770833320915699 0.02777777798473835
8 0.11380208283662796 0.21481481194496155 0.01406249962747097 0.020370369777083397
0 0.48359376192092896 0.130092591047287 0.0015625000232830644 0.013888888992369175
0 0.8825520873069763 0.3532407283782959 0.01197916641831398 0.032407406717538834
0 0.5627604126930237 0.2699074149131775 0.0036458333488553762 0.02500000037252903
0 0.6489583253860474 0.3722222149372101 0.008333333767950535 0.02222222276031971
0 0.5294271111488342 0.27731481194496155 0.004687500186264515 0.026851851493120193
0 0.516406238079071 0.15740740299224854 0.0015625000232830644 0.01666666753590107
0 0.8419271111488342 0.3550925850868225 0.010937499813735485 0.032407406717538834
0 0.4846354126930237 0.19861111044883728 0.0026041667442768812 0.01944444514811039
0 0.4385416805744171 0.14212962985038757 0.0020833334419876337 0.013888888992369175
0 0.5208333134651184 0.14814814925193787 0.0020833334419876337 0.009259259328246117
0 0.48776042461395264 0.16018518805503845 0.0015625000232830644 0.01666666753590107
0 0.754687488079071 0.10138888657093048 0.0031250000465661287 0.010185184888541698
0 0.48645833134651184 0.20416666567325592 0.0020833334419876337 0.01944444514811039
0 0.7268229126930237 0.27314814925193787 0.006770833395421505 0.025925925001502037
0 0.5994791388511658 0.27638888359069824 0.0052083334885537624 0.015740741044282913
0 0.4984374940395355 0.20324073731899261 0.0020833334419876337 0.01944444514811039
0 0.5057291388511658 0.22361111640930176 0.0020833334419876337 0.021296296268701553
0 0.41979166865348816 0.19953703880310059 0.0031250000465661287 0.01944444514811039
0 0.510937511920929 0.1648148149251938 0.0020833334419876337 0.01666666753590107
0 0.4856770932674408 0.1458333283662796 0.0026041667442768812 0.015740741044282913
0 0.9614583253860474 0.36759260296821594 0.01354166679084301 0.020370369777083397
0 0.4893229305744171 0.38333332538604736 0.004687500186264515 0.024074073880910873
0 0.3981770873069763 0.3787037134170532 0.0078125 0.02222222276031971
