6 0.5216146111488342 0.12546296417713165 0.0015625000232830644 0.008333333767950535
6 0.5231770873069763 0.12916666269302368 0.0015625000232830644 0.008333333767950535
6 0.5236979126930237 0.13148148357868195 0.0015625000232830644 0.009259259328246117
6 0.5208333134651184 0.12314815074205399 0.0010416667209938169 0.009259259328246117
6 0.5200520753860474 0.12129629403352737 0.0015625000232830644 0.009259259328246117
6 0.522656261920929 0.12777778506278992 0.0015625000232830644 0.009259259328246117
7 0.907031238079071 0.3671296238899231 0.03281249850988388 0.03055555559694767
8 0.4481770694255829 0.19490741193294525 0.0026041667442768812 0.021296296268701553
8 0.69140625 0.3481481373310089 0.01927083358168602 0.029629629105329514
7 0.44453126192092896 0.22592592239379883 0.00572916679084301 0.024074073880910873
2 0.46953123807907104 0.14861111342906952 0.015104166232049465 0.049074072390794754
7 0.9638020992279053 0.3638888895511627 0.03489583358168602 0.031481482088565826
8 0.45781248807907104 0.11296296119689941 0.0031250000465661287 0.011111111380159855
1 0.7838541865348816 0.34583333134651184 0.04479166492819786 0.034259259700775146
1 0.5296875238418579 0.1041666641831398 0.015625 0.010185184888541698
1 0.7911458611488342 0.37037035822868347 0.0625 0.03888889029622078
8 0.6473958492279053 0.34768518805503845 0.01979166641831398 0.03055555559694767
8 0.07994791865348816 0.2351851910352707 0.01614583283662796 0.02222222276031971
0 0.48359376192092896 0.13750000298023224 0.0015625000232830644 0.013888888992369175
0 0.9401041865348816 0.40231481194496155 0.015625 0.03611111268401146
0 0.5729166865348816 0.29722222685813904 0.004166666883975267 0.02777777798473835
0 0.6736978888511658 0.4217592477798462 0.00989583320915699 0.02500000037252903
0 0.5361979007720947 0.30787035822868347 0.004687500186264515 0.028703704476356506
0 0.5182291865348816 0.1675925999879837 0.0020833334419876337 0.01666666753590107
0 0.8919270634651184 0.40416666865348816 0.01406249962747097 0.03611111268401146
0 0.484375 0.21296297013759613 0.0020833334419876337 0.020370369777083397
0 0.4359374940395355 0.15046297013759613 0.0020833334419876337 0.015740741044282913
0 0.522656261920929 0.15694443881511688 0.0026041667442768812 0.010185184888541698
0 0.48750001192092896 0.16944444179534912 0.0020833334419876337 0.01666666753590107
0 0.7661458253860474 0.10555555671453476 0.0031250000465661287 0.011111111380159855
0 0.48619791865348816 0.21898147463798523 0.0026041667442768812 0.021296296268701553
0 0.74609375 0.3013888895511627 0.0078125 0.028703704476356506
0 0.61328125 0.30509260296821594 0.00572916679084301 0.017592592164874077
0 0.49921876192092896 0.21990740299224854 0.0026041667442768812 0.021296296268701553
0 0.507031261920929 0.24120371043682098 0.0026041667442768812 0.023148147389292717
0 0.4143229126930237 0.21574074029922485 0.0036458333488553762 0.020370369777083397
0 0.5145833492279053 0.17546296119689941 0.0020833334419876337 0.017592592164874077
0 0.48645833134651184 0.15416666865348816 0.0020833334419876337 0.015740741044282913
0 0.49166667461395264 0.43796294927597046 0.0052083334885537624 0.02777777798473835
0 0.390625 0.4337962865829468 0.00937500037252903 0.02500000037252903
