6 0.5205729007720947 0.12268518656492233 0.0015625000232830644 0.008333333767950535
6 0.5221354365348816 0.12731482088565826 0.0015625000232830644 0.008333333767950535
6 0.522656261920929 0.12916666269302368 0.0015625000232830644 0.010185184888541698
6 0.51953125 0.12129629403352737 0.0015625000232830644 0.009259259328246117
6 0.5190104246139526 0.11898148059844971 0.0015625000232830644 0.008333333767950535
6 0.5210937261581421 0.1259259283542633 0.0015625000232830644 0.009259259328246117
7 0.883593738079071 0.35092592239379883 0.03072916716337204 0.029629629105329514
8 0.44869792461395264 0.18888889253139496 0.0026041667442768812 0.020370369777083397
8 0.6856771111488342 0.3333333432674408 0.01822916604578495 0.02777777798473835
7 0.4453125 0.21805556118488312 0.0052083334885537624 0.023148147389292717
2 0.4690104126930237 0.14629629254341125 0.015104166232049465 0.046296294778585434
7 0.9372395873069763 0.3481481373310089 0.03281249850988388 0.029629629105329514
8 0.4572916626930237 0.1111111119389534 0.0031250000465661287 0.011111111380159855
1 0.7747395634651184 0.3314814865589142 0.04322916641831398 0.03333333507180214
1 0.5283854007720947 0.10231481492519379 0.015104166232049465 0.010185184888541698
1 0.772656261920929 0.3541666567325592 0.05885416641831398 0.037962961941957474
8 0.6411458253860474 0.33287036418914795 0.01875000074505806 0.028703704476356506
8 0.0924479141831398 0.2273148149251938 0.015104166232049465 0.021296296268701553
0 0.4830729067325592 0.13472221791744232 0.0015625000232830644 0.013888888992369175
0 0.9164062738418579 0.3819444477558136 0.01406249962747097 0.034259259700775146
0 0.5682291388511658 0.28611111640930176 0.004166666883975267 0.025925925001502037
0 0.663281261920929 0.4018518626689911 0.00989583320915699 0.024074073880910873
0 0.5330728888511658 0.2953703701496124 0.004687500186264515 0.02777777798473835
0 0.5169270634651184 0.16388888657093048 0.0015625000232830644 0.01666666753590107
0 0.87109375 0.38425925374031067 0.013020833022892475 0.035185184329748154
0 0.4841145873069763 0.2074074000120163 0.0026041667442768812 0.020370369777083397
0 0.4364583194255829 0.14722222089767456 0.0020833334419876337 0.014814814552664757
0 0.5216146111488342 0.1537037044763565 0.0026041667442768812 0.009259259328246117
0 0.4872395694255829 0.1657407432794571 0.0015625000232830644 0.01666666753590107
0 0.760937511920929 0.10370370000600815 0.0031250000465661287 0.011111111380159855
0 0.4859375059604645 0.21296297013759613 0.0020833334419876337 0.020370369777083397
0 0.7380208373069763 0.29027777910232544 0.0072916666977107525 0.026851851493120193
0 0.6075521111488342 0.2935185134410858 0.00572916679084301 0.01666666753590107
0 0.49817708134651184 0.2134259194135666 0.0026041667442768812 0.021296296268701553
0 0.5059896111488342 0.23425926268100739 0.0026041667442768812 0.02222222276031971
0 0.41588541865348816 0.2092592567205429 0.0036458333488553762 0.020370369777083397
0 0.512499988079071 0.17129629850387573 0.0020833334419876337 0.01666666753590107
0 0.4856770932674408 0.15138888359069824 0.0026041667442768812 0.015740741044282913
0 0.9966145753860474 0.39722222089767456 0.006770833395421505 0.02222222276031971
0 0.49010416865348816 0.41620370745658875 0.0052083334885537624 0.026851851493120193
0 0.3929687440395355 0.41203704476356506 0.008854166604578495 0.024074073880910873
