6 0.535937488079071 0.13425925374031067 0.0020833334419876337 0.009259259328246117
6 0.5375000238418579 0.1388888955116272 0.0020833334419876337 0.009259259328246117
6 0.538281261920929 0.14120370149612427 0.0015625000232830644 0.010185184888541698
6 0.53515625 0.13148148357868195 0.0015625000232830644 0.009259259328246117
6 0.5341145992279053 0.12916666269302368 0.0015625000232830644 0.010185184888541698
6 0.5367187261581421 0.13703703880310059 0.0015625000232830644 0.011111111380159855
8 0.4546875059604645 0.2203703671693802 0.0031250000465661287 0.024074073880910873
8 0.7270833253860474 0.4175925850868225 0.02395833283662796 0.035185184329748154
7 0.4494791626930237 0.260185182094574 0.0072916666977107525 0.02777777798473835
2 0.4794270694255829 0.15833333134651184 0.01614583283662796 0.06296296417713165
8 0.46822917461395264 0.12175925821065903 0.0031250000465661287 0.012037036940455437
1 0.8372395634651184 0.4166666567325592 0.05677083507180214 0.04259259253740311
1 0.5440104007720947 0.11064814776182175 0.01614583283662796 0.010185184888541698
1 0.8911458253860474 0.4513888955116272 0.08124999701976776 0.049074072390794754
8 0.6833333373069763 0.4166666567325592 0.02500000037252903 0.035185184329748154
8 0.0416666679084301 0.26527777314186096 0.01979166641831398 0.02500000037252903
0 0.4950520694255829 0.14814814925193787 0.0015625000232830644 0.014814814552664757
0 0.6015625 0.3462963104248047 0.0062500000931322575 0.031481482088565826
0 0.7317708134651184 0.519444465637207 0.01354166679084301 0.031481482088565826
0 0.5588541626930237 0.3629629611968994 0.0062500000931322575 0.03333333507180214
0 0.5325520634651184 0.18425926566123962 0.0026041667442768812 0.018518518656492233
0 0.9979166388511658 0.5069444179534912 0.004166666883975267 0.043518517166376114
0 0.4950520694255829 0.23657406866550446 0.0026041667442768812 0.023148147389292717
0 0.4437499940395355 0.16296295821666718 0.0020833334419876337 0.01666666753590107
0 0.5375000238418579 0.17129629850387573 0.0031250000465661287 0.011111111380159855
0 0.4989583194255829 0.18425926566123962 0.0020833334419876337 0.018518518656492233
0 0.7986978888511658 0.11342592537403107 0.0036458333488553762 0.012037036940455437
0 0.4971354305744171 0.2421296238899231 0.0026041667442768812 0.023148147389292717
0 0.7934895753860474 0.3541666567325592 0.00989583320915699 0.032407406717538834
0 0.6494791507720947 0.35648149251937866 0.0072916666977107525 0.020370369777083397
0 0.5114583373069763 0.24861110746860504 0.0031250000465661287 0.023148147389292717
0 0.5210937261581421 0.2699074149131775 0.0036458333488553762 0.02500000037252903
0 0.41718751192092896 0.24120371043682098 0.004166666883975267 0.023148147389292717
0 0.53125 0.19212962687015533 0.0020833334419876337 0.01944444514811039
0 0.49947917461395264 0.16805554926395416 0.0020833334419876337 0.017592592164874077
0 0.5059896111488342 0.5435185432434082 0.006770833395421505 0.03333333507180214
0 0.38619792461395264 0.5375000238418579 0.010937499813735485 0.03055555559694767
