6 0.5294271111488342 0.13240741193294525 0.0015625000232830644 0.009259259328246117
6 0.5309895873069763 0.13703703880310059 0.0015625000232830644 0.009259259328246117
6 0.5315104126930237 0.13935184478759766 0.0015625000232830644 0.010185184888541698
6 0.5283854007720947 0.12962962687015533 0.0015625000232830644 0.009259259328246117
6 0.5278645753860474 0.12777778506278992 0.0015625000232830644 0.009259259328246117
6 0.530468761920929 0.13518518209457397 0.0015625000232830644 0.009259259328246117
7 0.9901041388511658 0.42824074625968933 0.01979166641831398 0.03611111268401146
8 0.44999998807907104 0.2152777761220932 0.0031250000465661287 0.023148147389292717
8 0.7158854007720947 0.40138888359069824 0.02239583246409893 0.034259259700775146
7 0.4450520873069763 0.2532407343387604 0.006770833395421505 0.026851851493120193
2 0.4739583432674408 0.15648147463798523 0.015625 0.06111111119389534
8 0.4625000059604645 0.12037037312984467 0.0031250000465661287 0.011111111380159855
1 0.8216145634651184 0.4000000059604645 0.05364583432674408 0.040740739554166794
1 0.5375000238418579 0.10925926268100739 0.01666666753590107 0.011111111380159855
1 0.8648437261581421 0.43194442987442017 0.07656250149011612 0.04722222313284874
8 0.6721354126930237 0.4009259343147278 0.0234375 0.03333333507180214
8 0.04374999925494194 0.2606481611728668 0.01875000074505806 0.02500000037252903
0 0.4893229305744171 0.14629629254341125 0.0015625000232830644 0.014814814552664757
0 0.5921875238418579 0.33564814925193787 0.0052083334885537624 0.03055555559694767
0 0.715624988079071 0.4962962865829468 0.012500000186264515 0.029629629105329514
0 0.55078125 0.3513889014720917 0.00572916679084301 0.032407406717538834
0 0.5260416865348816 0.1805555522441864 0.0020833334419876337 0.018518518656492233
0 0.9755208492279053 0.48148149251937866 0.01979166641831398 0.04259259253740311
0 0.4893229305744171 0.23148147761821747 0.0026041667442768812 0.02222222276031971
0 0.4385416805744171 0.1606481522321701 0.0020833334419876337 0.015740741044282913
0 0.5309895873069763 0.16805554926395416 0.0026041667442768812 0.010185184888541698
0 0.4932291805744171 0.1814814805984497 0.0020833334419876337 0.018518518656492233
0 0.7877604365348816 0.11157407611608505 0.0036458333488553762 0.012037036940455437
0 0.49140626192092896 0.23749999701976776 0.0026041667442768812 0.023148147389292717
0 0.7794271111488342 0.34166666865348816 0.008854166604578495 0.031481482088565826
0 0.6382812261581421 0.34490740299224854 0.006770833395421505 0.01944444514811039
0 0.5054687261581421 0.24259258806705475 0.0026041667442768812 0.02222222276031971
0 0.5151041746139526 0.26435184478759766 0.0031250000465661287 0.02500000037252903
0 0.4130208194255829 0.2361111044883728 0.004166666883975267 0.02222222276031971
0 0.5244791507720947 0.18888889253139496 0.0020833334419876337 0.018518518656492233
0 0.4932291805744171 0.16527777910232544 0.0020833334419876337 0.017592592164874077
0 0.5 0.5199074149131775 0.0062500000931322575 0.032407406717538834
0 0.3841145932674408 0.5148147940635681 0.010937499813735485 0.029629629105329514
