6 0.52734375 0.13148148357868195 0.0015625000232830644 0.009259259328246117
6 0.5289062261581421 0.13611111044883728 0.0015625000232830644 0.009259259328246117
6 0.5294271111488342 0.13842593133449554 0.0015625000232830644 0.010185184888541698
6 0.5263020992279053 0.12916666269302368 0.0015625000232830644 0.010185184888541698
6 0.5257812738418579 0.1268518567085266 0.0015625000232830644 0.009259259328246117
6 0.5283854007720947 0.13425925374031067 0.0015625000232830644 0.009259259328246117
7 0.983593761920929 0.4194444417953491 0.03281249850988388 0.035185184329748154
8 0.44869792461395264 0.21296297013759613 0.0026041667442768812 0.02222222276031971
8 0.711718738079071 0.39444443583488464 0.02239583246409893 0.03333333507180214
7 0.4440104067325592 0.25 0.006770833395421505 0.025925925001502037
2 0.4723958373069763 0.15509259700775146 0.015625 0.06018518656492233
8 0.4609375 0.11944444477558136 0.0031250000465661287 0.011111111380159855
1 0.8153645992279053 0.3921296298503876 0.05260416492819786 0.03981481492519379
1 0.53515625 0.10879629850387573 0.01614583283662796 0.010185184888541698
1 0.8539062738418579 0.42314815521240234 0.07447917014360428 0.046296294778585434
8 0.6682291626930237 0.3939814865589142 0.02291666716337204 0.032407406717538834
8 0.04635416716337204 0.25833332538604736 0.01875000074505806 0.024074073880910873
0 0.4872395694255829 0.14537036418914795 0.0015625000232830644 0.014814814552664757
0 0.5888020992279053 0.3305555582046509 0.00572916679084301 0.029629629105329514
0 0.7091146111488342 0.48657408356666565 0.01197916641831398 0.028703704476356506
0 0.5481770634651184 0.34583333134651184 0.00572916679084301 0.032407406717538834
0 0.5239583253860474 0.17916665971279144 0.0020833334419876337 0.017592592164874077
0 0.9630208611488342 0.4703703820705414 0.01875000074505806 0.040740739554166794
0 0.48776042461395264 0.22962963581085205 0.0026041667442768812 0.02222222276031971
0 0.43697917461395264 0.1597222238779068 0.0020833334419876337 0.015740741044282913
0 0.5289062261581421 0.16712963581085205 0.0026041667442768812 0.010185184888541698
0 0.49140626192092896 0.18009258806705475 0.0015625000232830644 0.017592592164874077
0 0.7835937738418579 0.11064814776182175 0.0036458333488553762 0.012037036940455437
0 0.4898437559604645 0.2351851910352707 0.0026041667442768812 0.02222222276031971
0 0.774218738079071 0.3361110985279083 0.008854166604578495 0.031481482088565826
0 0.6341145634651184 0.3393518626689911 0.006770833395421505 0.01944444514811039
0 0.50390625 0.23981481790542603 0.0026041667442768812 0.02222222276031971
0 0.5130208134651184 0.2611111104488373 0.0031250000465661287 0.024074073880910873
0 0.41197916865348816 0.23379629850387573 0.004166666883975267 0.023148147389292717
0 0.5221354365348816 0.18703703582286835 0.0026041667442768812 0.018518518656492233
0 0.49140626192092896 0.16388888657093048 0.0026041667442768812 0.01666666753590107
0 0.49817708134651184 0.5092592835426331 0.00572916679084301 0.031481482088565826
0 0.3838541805744171 0.5046296119689941 0.010416666977107525 0.029629629105329514
