6 0.5268229246139526 0.13055555522441864 0.0015625000232830644 0.009259259328246117
6 0.5283854007720947 0.13518518209457397 0.0015625000232830644 0.009259259328246117
6 0.5289062261581421 0.13750000298023224 0.0015625000232830644 0.010185184888541698
6 0.5257812738418579 0.12824073433876038 0.0015625000232830644 0.010185184888541698
6 0.5252603888511658 0.1259259283542633 0.0015625000232830644 0.009259259328246117
6 0.5278645753860474 0.13379628956317902 0.0015625000232830644 0.010185184888541698
7 0.9763020873069763 0.4124999940395355 0.0390625 0.034259259700775146
8 0.4489583373069763 0.21064814925193787 0.0031250000465661287 0.023148147389292717
8 0.7093750238418579 0.3879629671573639 0.02187499962747097 0.03333333507180214
7 0.4442708194255829 0.24722221493721008 0.0062500000931322575 0.025925925001502037
2 0.47213542461395264 0.1546296328306198 0.01614583283662796 0.05925925821065903
8 0.46041667461395264 0.11851851642131805 0.0031250000465661287 0.011111111380159855
1 0.8111979365348816 0.3861111104488373 0.05156249925494194 0.03888889029622078
1 0.5348958373069763 0.10833333432674408 0.015625 0.011111111380159855
1 0.8455728888511658 0.41620370745658875 0.07239583134651184 0.04537037014961243
8 0.6656249761581421 0.38749998807907104 0.02291666716337204 0.032407406717538834
8 0.05130208283662796 0.25462964177131653 0.01822916604578495 0.024074073880910873
0 0.4872395694255829 0.14444445073604584 0.0015625000232830644 0.014814814552664757
0 0.9997395873069763 0.4592592716217041 0.0005208333604969084 0.040740739554166794
0 0.5869791507720947 0.32592591643333435 0.0052083334885537624 0.029629629105329514
0 0.7044270634651184 0.4773148000240326 0.01197916641831398 0.028703704476356506
0 0.5466145873069763 0.34074074029922485 0.00572916679084301 0.031481482088565826
0 0.5234375 0.17731481790542603 0.0020833334419876337 0.017592592164874077
0 0.9533854126930237 0.46157407760620117 0.01822916604578495 0.03981481492519379
0 0.48776042461395264 0.2273148149251938 0.0026041667442768812 0.021296296268701553
0 0.4372395873069763 0.15833333134651184 0.0026041667442768812 0.01666666753590107
0 0.5283854007720947 0.1657407432794571 0.0026041667442768812 0.009259259328246117
0 0.4911458194255829 0.17824074625968933 0.0020833334419876337 0.017592592164874077
0 0.782031238079071 0.1101851835846901 0.0036458333488553762 0.011111111380159855
0 0.4898437559604645 0.23333333432674408 0.0026041667442768812 0.02222222276031971
0 0.7705729007720947 0.33194443583488464 0.008854166604578495 0.03055555559694767
0 0.6317708492279053 0.33472222089767456 0.0062500000931322575 0.01944444514811039
0 0.5033854246139526 0.2370370328426361 0.0026041667442768812 0.02222222276031971
0 0.512499988079071 0.25833332538604736 0.0031250000465661287 0.024074073880910873
0 0.4127604067325592 0.23148147761821747 0.0036458333488553762 0.02222222276031971
0 0.5213541388511658 0.1856481432914734 0.0020833334419876337 0.017592592164874077
0 0.4908854067325592 0.16296295821666718 0.0026041667442768812 0.01666666753590107
0 0.4973958432674408 0.4990740716457367 0.0062500000931322575 0.031481482088565826
0 0.3851562440395355 0.494907408952713 0.00989583320915699 0.028703704476356506
