6 0.5263020992279053 0.12916666269302368 0.0015625000232830644 0.008333333767950535
6 0.5278645753860474 0.13333334028720856 0.0015625000232830644 0.009259259328246117
6 0.5283854007720947 0.13564814627170563 0.0015625000232830644 0.010185184888541698
6 0.5252603888511658 0.1268518567085266 0.0015625000232830644 0.009259259328246117
6 0.5247395634651184 0.125 0.0015625000232830644 0.009259259328246117
6 0.52734375 0.1319444477558136 0.0015625000232830644 0.010185184888541698
7 0.9567708373069763 0.39907407760620117 0.03750000149011612 0.03333333507180214
8 0.44973957538604736 0.20555555820465088 0.0026041667442768812 0.02222222276031971
8 0.7049478888511658 0.37638887763023376 0.02135416679084301 0.032407406717538834
7 0.4453125 0.24027778208255768 0.0062500000931322575 0.02500000037252903
2 0.4723958373069763 0.1527777761220932 0.015625 0.05740740895271301
8 0.4609375 0.11666666716337204 0.0031250000465661287 0.011111111380159855
1 0.8041666746139526 0.37453705072402954 0.05000000074505806 0.037962961941957474
1 0.534375011920929 0.10694444179534912 0.015625 0.010185184888541698
1 0.8302083611488342 0.4027777910232544 0.06979166716337204 0.04444444552063942
8 0.660937488079071 0.3759259283542633 0.02187499962747097 0.031481482088565826
8 0.0611979179084301 0.24861110746860504 0.01718750037252903 0.023148147389292717
0 0.4869791567325592 0.14212962985038757 0.0020833334419876337 0.013888888992369175
0 0.9908854365348816 0.442592591047287 0.01822916604578495 0.03888889029622078
0 0.5835937261581421 0.317592591047287 0.004687500186264515 0.029629629105329514
0 0.696093738079071 0.4611110985279083 0.010937499813735485 0.02777777798473835
0 0.5445312261581421 0.33101850748062134 0.00572916679084301 0.03055555559694767
0 0.5229166746139526 0.1745370328426361 0.0020833334419876337 0.017592592164874077
0 0.9359375238418579 0.4444444477558136 0.01666666753590107 0.03888889029622078
0 0.48776042461395264 0.22361111640930176 0.0026041667442768812 0.021296296268701553
0 0.4377604126930237 0.15601852536201477 0.0026041667442768812 0.015740741044282913
0 0.5278645753860474 0.16342592239379883 0.0026041667442768812 0.010185184888541698
0 0.4911458194255829 0.17638888955116272 0.0020833334419876337 0.017592592164874077
0 0.7786458134651184 0.10879629850387573 0.0031250000465661287 0.012037036940455437
0 0.4895833432674408 0.22870370745658875 0.0020833334419876337 0.02222222276031971
0 0.7645833492279053 0.3231481611728668 0.008333333767950535 0.029629629105329514
0 0.6270833611488342 0.32592591643333435 0.0062500000931322575 0.018518518656492233
0 0.5028645992279053 0.23240740597248077 0.0026041667442768812 0.02222222276031971
0 0.5119791626930237 0.2537037134170532 0.0031250000465661287 0.024074073880910873
0 0.4140625 0.22685185074806213 0.004166666883975267 0.02222222276031971
0 0.520312488079071 0.18287037312984467 0.0020833334419876337 0.017592592164874077
0 0.4906249940395355 0.16018518805503845 0.0020833334419876337 0.01666666753590107
0 0.49661457538604736 0.48055556416511536 0.00572916679084301 0.029629629105329514
0 0.3877604305744171 0.47592592239379883 0.00989583320915699 0.02777777798473835
