6 0.5328124761581421 0.13333334028720856 0.0020833334419876337 0.009259259328246117
6 0.534375011920929 0.1379629671573639 0.0020833334419876337 0.009259259328246117
6 0.53515625 0.14027777314186096 0.0015625000232830644 0.010185184888541698
6 0.532031238079071 0.13055555522441864 0.0015625000232830644 0.009259259328246117
6 0.5309895873069763 0.12824073433876038 0.0015625000232830644 0.010185184888541698
6 0.5335937738418579 0.13611111044883728 0.0015625000232830644 0.009259259328246117
8 0.45260417461395264 0.21805556118488312 0.0031250000465661287 0.023148147389292717
8 0.7216145992279053 0.4097222089767456 0.0234375 0.034259259700775146
7 0.44713541865348816 0.2569444477558136 0.006770833395421505 0.026851851493120193
2 0.4768229126930237 0.15694443881511688 0.01614583283662796 0.06203703582286835
8 0.46562498807907104 0.12083332985639572 0.0031250000465661287 0.012037036940455437
1 0.8291666507720947 0.4078703820705414 0.05520833283662796 0.0416666679084301
1 0.5408853888511658 0.1101851835846901 0.01614583283662796 0.011111111380159855
1 0.8778645992279053 0.4416666626930237 0.07864583283662796 0.04814814776182175
8 0.6778646111488342 0.4087963104248047 0.02447916753590107 0.034259259700775146
8 0.04296875 0.2629629671573639 0.01927083358168602 0.024074073880910873
0 0.4921875 0.14722222089767456 0.0020833334419876337 0.014814814552664757
0 0.5971354246139526 0.34074074029922485 0.00572916679084301 0.031481482088565826
0 0.7236979007720947 0.5078703761100769 0.013020833022892475 0.03055555559694767
0 0.5549479126930237 0.35740742087364197 0.00572916679084301 0.03333333507180214
0 0.5294271111488342 0.182407408952713 0.0026041667442768812 0.018518518656492233
0 0.9903646111488342 0.49444442987442017 0.01927083358168602 0.04259259253740311
0 0.4924479126930237 0.23425926268100739 0.0026041667442768812 0.02222222276031971
0 0.4411458373069763 0.16203702986240387 0.0020833334419876337 0.01666666753590107
0 0.5341145992279053 0.16990740597248077 0.0026041667442768812 0.010185184888541698
0 0.4963541626930237 0.18287037312984467 0.0020833334419876337 0.017592592164874077
0 0.7934895753860474 0.11249999701976776 0.0036458333488553762 0.012037036940455437
0 0.4945312440395355 0.23981481790542603 0.0026041667442768812 0.02222222276031971
0 0.7864583134651184 0.34768518805503845 0.00937500037252903 0.032407406717538834
0 0.6440104246139526 0.35046297311782837 0.006770833395421505 0.01944444514811039
0 0.508593738079071 0.24537037312984467 0.0026041667442768812 0.024074073880910873
0 0.5182291865348816 0.2671296298503876 0.0031250000465661287 0.02500000037252903
0 0.4151041805744171 0.23842592537403107 0.004166666883975267 0.023148147389292717
0 0.5278645753860474 0.19074073433876038 0.0026041667442768812 0.018518518656492233
0 0.49661457538604736 0.1666666716337204 0.0026041667442768812 0.01666666753590107
0 0.503125011920929 0.5314815044403076 0.0062500000931322575 0.03333333507180214
0 0.3851562440395355 0.5259259343147278 0.010937499813735485 0.029629629105329514
