6 0.5393229126930237 0.1379629671573639 0.0015625000232830644 0.009259259328246117
6 0.5411458611488342 0.14351852238178253 0.0020833334419876337 0.009259259328246117
6 0.5416666865348816 0.1458333283662796 0.0020833334419876337 0.010185184888541698
6 0.538281261920929 0.13564814627170563 0.0015625000232830644 0.010185184888541698
6 0.5377604365348816 0.1328703761100769 0.0015625000232830644 0.010185184888541698
6 0.5403645634651184 0.14120370149612427 0.0015625000232830644 0.010185184888541698
8 0.4546875059604645 0.23425926268100739 0.0031250000465661287 0.025925925001502037
8 0.7447916865348816 0.45694443583488464 0.02604166604578495 0.03981481492519379
7 0.44843751192092896 0.2796296179294586 0.0072916666977107525 0.029629629105329514
2 0.48124998807907104 0.16388888657093048 0.01666666753590107 0.06666667014360428
8 0.4697916805744171 0.1259259283542633 0.0031250000465661287 0.011111111380159855
1 0.8635416626930237 0.4564814865589142 0.06354166567325592 0.046296294778585434
1 0.547656238079071 0.11388888955116272 0.01718750037252903 0.011111111380159855
1 0.946093738079071 0.49768519401550293 0.09322916716337204 0.05462963134050369
8 0.6994791626930237 0.4555555582046509 0.02708333358168602 0.03703703731298447
8 0.01536458358168602 0.2828703820705414 0.02135416679084301 0.026851851493120193
0 0.4973958432674408 0.15416666865348816 0.0020833334419876337 0.015740741044282913
0 0.614062488079071 0.3731481432914734 0.0062500000931322575 0.03333333507180214
0 0.7635416388511658 0.5782407522201538 0.015625 0.034259259700775146
0 0.5674479007720947 0.3939814865589142 0.006770833395421505 0.03611111268401146
0 0.5361979007720947 0.192592591047287 0.0026041667442768812 0.018518518656492233
0 0.4971354305744171 0.2481481432914734 0.0026041667442768812 0.024074073880910873
0 0.4440104067325592 0.16944444179534912 0.0026041667442768812 0.01666666753590107
0 0.5414062738418579 0.17824074625968933 0.0026041667442768812 0.010185184888541698
0 0.5015624761581421 0.19166666269302368 0.0020833334419876337 0.018518518656492233
0 0.8101562261581421 0.11712963134050369 0.0036458333488553762 0.012037036940455437
0 0.49921876192092896 0.25462964177131653 0.0026041667442768812 0.024074073880910873
0 0.8158854246139526 0.38240739703178406 0.010937499813735485 0.035185184329748154
0 0.6656249761581421 0.38425925374031067 0.008333333767950535 0.02222222276031971
0 0.5143229365348816 0.26342591643333435 0.0026041667442768812 0.02500000037252903
0 0.5252603888511658 0.2847222089767456 0.0036458333488553762 0.026851851493120193
0 0.41484373807907104 0.25462964177131653 0.004687500186264515 0.024074073880910873
0 0.5367187261581421 0.2004629671573639 0.0026041667442768812 0.01944444514811039
0 0.5023437738418579 0.1745370328426361 0.0026041667442768812 0.017592592164874077
0 0.5114583373069763 0.6083333492279053 0.0072916666977107525 0.03703703731298447
0 0.37968748807907104 0.6032407283782959 0.012500000186264515 0.034259259700775146
