6 0.5377604365348816 0.13518518209457397 0.0015625000232830644 0.009259259328246117
6 0.5393229126930237 0.1398148089647293 0.0015625000232830644 0.009259259328246117
6 0.5401041507720947 0.14212962985038757 0.0020833334419876337 0.010185184888541698
6 0.5367187261581421 0.13240741193294525 0.0015625000232830644 0.009259259328246117
6 0.5361979007720947 0.130092591047287 0.0015625000232830644 0.010185184888541698
6 0.5385416746139526 0.1379629671573639 0.0020833334419876337 0.011111111380159855
8 0.4557291567325592 0.2231481522321701 0.0031250000465661287 0.024074073880910873
8 0.7315104007720947 0.4254629611968994 0.02447916753590107 0.03611111268401146
7 0.4502604305744171 0.2638888955116272 0.006770833395421505 0.02777777798473835
2 0.48098957538604736 0.1597222238779068 0.01614583283662796 0.06388889253139496
8 0.4697916805744171 0.12268518656492233 0.0031250000465661287 0.012037036940455437
1 0.8434895873069763 0.4245370328426361 0.05781250074505806 0.043518517166376114
1 0.5458333492279053 0.1111111119389534 0.01666666753590107 0.011111111380159855
1 0.9028645753860474 0.46064814925193787 0.08385416865348816 0.05092592537403107
8 0.6875 0.42407408356666565 0.02500000037252903 0.035185184329748154
8 0.03854166716337204 0.2680555582046509 0.01979166641831398 0.02500000037252903
0 0.49661457538604736 0.14953704178333282 0.0015625000232830644 0.015740741044282913
0 0.6049479246139526 0.3513889014720917 0.00572916679084301 0.032407406717538834
0 0.7388020753860474 0.5305555462837219 0.01406249962747097 0.031481482088565826
0 0.561718761920929 0.3689814805984497 0.006770833395421505 0.034259259700775146
0 0.534375011920929 0.1856481432914734 0.0020833334419876337 0.017592592164874077
0 0.49661457538604736 0.23888888955116272 0.0026041667442768812 0.02222222276031971
0 0.4450520873069763 0.16435185074806213 0.0026041667442768812 0.015740741044282913
0 0.5393229126930237 0.1726851910352707 0.0026041667442768812 0.010185184888541698
0 0.5005208253860474 0.1856481432914734 0.0020833334419876337 0.017592592164874077
0 0.8026041388511658 0.11435185372829437 0.004166666883975267 0.012037036940455437
0 0.4986979067325592 0.244907408952713 0.0026041667442768812 0.023148147389292717
0 0.7992187738418579 0.35972222685813904 0.00989583320915699 0.032407406717538834
0 0.6536458134651184 0.3620370328426361 0.0072916666977107525 0.020370369777083397
0 0.5132812261581421 0.25138887763023376 0.0026041667442768812 0.023148147389292717
0 0.5231770873069763 0.27314814925193787 0.0036458333488553762 0.025925925001502037
0 0.4177083373069763 0.2439814805984497 0.004166666883975267 0.023148147389292717
0 0.5335937738418579 0.19398148357868195 0.0026041667442768812 0.01944444514811039
0 0.5013020634651184 0.16944444179534912 0.0026041667442768812 0.01666666753590107
0 0.5080729126930237 0.5550925731658936 0.006770833395421505 0.034259259700775146
0 0.38593751192092896 0.5509259104728699 0.01145833358168602 0.031481482088565826
