6 0.5406249761581421 0.14074073731899261 0.0020833334419876337 0.009259259328246117
6 0.542187511920929 0.14629629254341125 0.0020833334419876337 0.009259259328246117
6 0.54296875 0.14907407760620117 0.0015625000232830644 0.011111111380159855
6 0.5393229126930237 0.13842593133449554 0.0015625000232830644 0.010185184888541698
6 0.5388020873069763 0.13564814627170563 0.0015625000232830644 0.010185184888541698
6 0.5414062738418579 0.14444445073604584 0.0015625000232830644 0.011111111380159855
8 0.4533854126930237 0.24351851642131805 0.0036458333488553762 0.025925925001502037
8 0.7593749761581421 0.48379629850387573 0.02812499925494194 0.0416666679084301
7 0.4466145932674408 0.2925925850868225 0.0078125 0.031481482088565826
2 0.48124998807907104 0.16851851344108582 0.01666666753590107 0.06851851940155029
8 0.4697916805744171 0.12870369851589203 0.0031250000465661287 0.012962962500751019
1 0.8807291388511658 0.4833333194255829 0.0677083358168602 0.05000000074505806
1 0.5486978888511658 0.11574073880910873 0.01718750037252903 0.011111111380159855
1 0.9661458134651184 0.529629647731781 0.0677083358168602 0.05925925821065903
8 0.7093750238418579 0.48240742087364197 0.02916666679084301 0.03888889029622078
0 0.4976562559604645 0.15740740299224854 0.0015625000232830644 0.01666666753590107
0 0.6213541626930237 0.39120370149612427 0.0072916666977107525 0.034259259700775146
0 0.7848958373069763 0.6194444298744202 0.01770833320915699 0.03703703731298447
0 0.5377604365348816 0.19768518209457397 0.0026041667442768812 0.01944444514811039
0 0.4976562559604645 0.25648146867752075 0.0026041667442768812 0.024074073880910873
0 0.44322916865348816 0.1736111044883728 0.0020833334419876337 0.017592592164874077
0 0.5427083373069763 0.18287037312984467 0.0031250000465661287 0.010185184888541698
0 0.5020833611488342 0.19629628956317902 0.0020833334419876337 0.018518518656492233
0 0.8161458373069763 0.11898148059844971 0.004166666883975267 0.012037036940455437
0 0.4997395873069763 0.26249998807907104 0.0026041667442768812 0.02500000037252903
0 0.8294270634651184 0.40138888359069824 0.01197916641831398 0.03611111268401146
0 0.67578125 0.40324074029922485 0.008854166604578495 0.023148147389292717
0 0.5151041746139526 0.27314814925193787 0.0031250000465661287 0.025925925001502037
0 0.5268229246139526 0.29490742087364197 0.0036458333488553762 0.026851851493120193
0 0.4124999940395355 0.26435184478759766 0.004166666883975267 0.02500000037252903
0 0.5388020873069763 0.20648148655891418 0.0026041667442768812 0.020370369777083397
0 0.5033854246139526 0.17916665971279144 0.0026041667442768812 0.017592592164874077
0 0.5145833492279053 0.6555555462837219 0.008333333767950535 0.03888889029622078
0 0.37447917461395264 0.6499999761581421 0.01354166679084301 0.03703703731298447
