6 0.5453125238418579 0.1527777761220932 0.0020833334419876337 0.009259259328246117
6 0.5473958253860474 0.1587962955236435 0.0020833334419876337 0.010185184888541698
6 0.5479166507720947 0.1615740805864334 0.0020833334419876337 0.012037036940455437
6 0.5442708134651184 0.15000000596046448 0.0020833334419876337 0.011111111380159855
6 0.5432291626930237 0.14629629254341125 0.0020833334419876337 0.011111111380159855
6 0.5463541746139526 0.15648147463798523 0.0020833334419876337 0.011111111380159855
8 0.44739583134651184 0.28796297311782837 0.004166666883975267 0.031481482088565826
8 0.8322916626930237 0.6333333253860474 0.0416666679084301 0.051851850003004074
7 0.4372395873069763 0.3578703701496124 0.00989583320915699 0.03981481492519379
2 0.48098957538604736 0.1893518567085266 0.01927083358168602 0.06759259104728699
8 0.4690104126930237 0.14074073731899261 0.0036458333488553762 0.012962962500751019
1 0.9638020992279053 0.6324074268341064 0.07239583134651184 0.06851851940155029
1 0.5533854365348816 0.12361110746860504 0.01822916604578495 0.012037036940455437
8 0.76171875 0.6324074268341064 0.04010416567325592 0.04814814776182175
0 0.49921876192092896 0.17314815521240234 0.0015625000232830644 0.01666666753590107
0 0.6596354246139526 0.4861111044883728 0.00989583320915699 0.040740739554166794
0 0.9130208492279053 0.8666666746139526 0.02812499925494194 0.051851850003004074
0 0.6036458611488342 0.5254629850387573 0.00937500037252903 0.04537037014961243
0 0.543749988079071 0.2222222238779068 0.0031250000465661287 0.02222222276031971
0 0.49947917461395264 0.2925925850868225 0.0031250000465661287 0.02777777798473835
0 0.4390625059604645 0.192592591047287 0.0031250000465661287 0.018518518656492233
0 0.5492187738418579 0.20324073731899261 0.0036458333488553762 0.012037036940455437
0 0.50390625 0.21759259700775146 0.0026041667442768812 0.020370369777083397
0 0.8408854007720947 0.12777778506278992 0.004687500186264515 0.012962962500751019
0 0.5020833611488342 0.30000001192092896 0.0031250000465661287 0.02777777798473835
0 0.9002603888511658 0.49953705072402954 0.01718750037252903 0.043518517166376114
0 0.5190104246139526 0.3212963044643402 0.0036458333488553762 0.029629629105329514
0 0.5346354246139526 0.34259259700775146 0.004687500186264515 0.031481482088565826
0 0.4000000059604645 0.30787035822868347 0.0052083334885537624 0.028703704476356506
0 0.5489583611488342 0.23148147761821747 0.0031250000465661287 0.02222222276031971
0 0.5065104365348816 0.19861111044883728 0.0026041667442768812 0.01944444514811039
0 0.5328124761581421 0.9504629373550415 0.012500000186264515 0.05277777835726738
0 0.3385416567325592 0.9439814686775208 0.02083333395421505 0.05277777835726738
