6 0.5447916388511658 0.1518518477678299 0.0020833334419876337 0.009259259328246117
6 0.546875 0.15740740299224854 0.0020833334419876337 0.009259259328246117
6 0.5479166507720947 0.1606481522321701 0.0020833334419876337 0.012037036940455437
6 0.543749988079071 0.14814814925193787 0.0020833334419876337 0.011111111380159855
6 0.5427083373069763 0.14537036418914795 0.0020833334419876337 0.011111111380159855
6 0.5458333492279053 0.15555556118488312 0.0020833334419876337 0.011111111380159855
8 0.4479166567325592 0.2837963104248047 0.004166666883975267 0.03055555559694767
8 0.8252604007720947 0.6175925731658936 0.04010416567325592 0.051851850003004074
7 0.43828123807907104 0.35185185074806213 0.00989583320915699 0.03888889029622078
2 0.48098957538604736 0.18703703582286835 0.01822916604578495 0.06851851940155029
8 0.4690104126930237 0.1398148089647293 0.0036458333488553762 0.012962962500751019
1 0.9596354365348816 0.6166666746139526 0.0807291641831398 0.06666667014360428
1 0.5533854365348816 0.12268518656492233 0.01822916604578495 0.012037036940455437
8 0.7565104365348816 0.6162037253379822 0.0390625 0.04722222313284874
0 0.49921876192092896 0.17175926268100739 0.0015625000232830644 0.017592592164874077
0 0.6557291746139526 0.47685185074806213 0.00937500037252903 0.040740739554166794
0 0.8986979126930237 0.8388888835906982 0.02656250074505806 0.05000000074505806
0 0.600781261920929 0.5138888955116272 0.008854166604578495 0.04444444552063942
0 0.5432291626930237 0.21990740299224854 0.0031250000465661287 0.021296296268701553
0 0.49947917461395264 0.28935185074806213 0.0031250000465661287 0.026851851493120193
0 0.43958333134651184 0.19074073433876038 0.0031250000465661287 0.018518518656492233
0 0.5486978888511658 0.2013888955116272 0.0036458333488553762 0.012037036940455437
0 0.5036458373069763 0.21574074029922485 0.0020833334419876337 0.020370369777083397
0 0.8388020992279053 0.12731482088565826 0.004687500186264515 0.013888888992369175
0 0.5015624761581421 0.29629629850387573 0.0031250000465661287 0.02777777798473835
0 0.8932291865348816 0.489814817905426 0.01666666753590107 0.04259259253740311
0 0.72265625 0.49259260296821594 0.01197916641831398 0.02777777798473835
0 0.5184895992279053 0.3166666626930237 0.0036458333488553762 0.029629629105329514
0 0.5341145992279053 0.33796295523643494 0.004687500186264515 0.031481482088565826
0 0.4010416567325592 0.3037036955356598 0.0052083334885537624 0.02777777798473835
0 0.5479166507720947 0.22870370745658875 0.0031250000465661287 0.02222222276031971
0 0.5062500238418579 0.19675925374031067 0.0031250000465661287 0.01944444514811039
0 0.5307291746139526 0.9157407283782959 0.01145833358168602 0.051851850003004074
0 0.34296876192092896 0.9097222089767456 0.02031249925494194 0.05092592537403107
