6 0.5447916388511658 0.15046297013759613 0.0020833334419876337 0.010185184888541698
6 0.5463541746139526 0.15648147463798523 0.0020833334419876337 0.009259259328246117
6 0.5473958253860474 0.1597222238779068 0.0020833334419876337 0.012037036940455437
6 0.5434895753860474 0.14722222089767456 0.0015625000232830644 0.011111111380159855
6 0.5427083373069763 0.14444445073604584 0.0020833334419876337 0.011111111380159855
6 0.5458333492279053 0.15416666865348816 0.0020833334419876337 0.012037036940455437
8 0.4489583373069763 0.2796296179294586 0.004166666883975267 0.029629629105329514
8 0.8187500238418579 0.6027777791023254 0.03854166716337204 0.05000000074505806
7 0.43932291865348816 0.34490740299224854 0.00989583320915699 0.037962961941957474
2 0.48124998807907104 0.18518517911434174 0.01875000074505806 0.06851851940155029
8 0.46953123807907104 0.1388888955116272 0.0036458333488553762 0.012962962500751019
1 0.9554687738418579 0.6018518805503845 0.08906249701976776 0.06481481343507767
1 0.5528646111488342 0.12222222238779068 0.01822916604578495 0.011111111380159855
8 0.7513020634651184 0.6013888716697693 0.03802083432674408 0.04537037014961243
0 0.49921876192092896 0.17037037014961243 0.0015625000232830644 0.01666666753590107
0 0.6520833373069763 0.4671296179294586 0.00937500037252903 0.03981481492519379
0 0.8854166865348816 0.8129629492759705 0.02604166604578495 0.04814814776182175
0 0.59765625 0.5032407641410828 0.008854166604578495 0.043518517166376114
0 0.54296875 0.21759259700775146 0.0026041667442768812 0.020370369777083397
0 0.49947917461395264 0.2856481373310089 0.0031250000465661287 0.026851851493120193
0 0.4401041567325592 0.18888889253139496 0.0031250000465661287 0.018518518656492233
0 0.5481770634651184 0.19953703880310059 0.0036458333488553762 0.012037036940455437
0 0.5036458373069763 0.21388888359069824 0.0020833334419876337 0.020370369777083397
0 0.836718738079071 0.12638889253139496 0.004687500186264515 0.013888888992369175
0 0.5015624761581421 0.29305556416511536 0.0031250000465661287 0.026851851493120193
0 0.88671875 0.4800925850868225 0.01614583283662796 0.0416666679084301
0 0.7177083492279053 0.4828703701496124 0.01145833358168602 0.026851851493120193
0 0.5184895992279053 0.3115740716457367 0.0036458333488553762 0.028703704476356506
0 0.5333333611488342 0.33379629254341125 0.004166666883975267 0.03055555559694767
0 0.4026041626930237 0.30000001192092896 0.0052083334885537624 0.02777777798473835
0 0.5473958253860474 0.22685185074806213 0.0031250000465661287 0.02222222276031971
0 0.5062500238418579 0.19490741193294525 0.0031250000465661287 0.01944444514811039
0 0.5289062261581421 0.8842592835426331 0.010937499813735485 0.05000000074505806
0 0.34687501192092896 0.8782407641410828 0.01979166641831398 0.049074072390794754
