6 0.543749988079071 0.1476851850748062 0.0020833334419876337 0.010185184888541698
6 0.5458333492279053 0.15324074029922485 0.0020833334419876337 0.010185184888541698
6 0.5463541746139526 0.15601852536201477 0.0020833334419876337 0.012037036940455437
6 0.5427083373069763 0.14444445073604584 0.0020833334419876337 0.011111111380159855
6 0.5419270992279053 0.14212962985038757 0.0015625000232830644 0.010185184888541698
6 0.5447916388511658 0.1509259194135666 0.0020833334419876337 0.011111111380159855
8 0.4507812559604645 0.2680555582046509 0.0036458333488553762 0.028703704476356506
8 0.7994791865348816 0.5620370507240295 0.03541666641831398 0.046296294778585434
7 0.44218748807907104 0.3273148238658905 0.00937500037252903 0.03611111268401146
2 0.4817708432674408 0.1796296238899231 0.01770833320915699 0.07037036865949631
8 0.4700520932674408 0.13518518209457397 0.0036458333488553762 0.012962962500751019
1 0.9309895634651184 0.5615741014480591 0.08177082985639572 0.06018518656492233
1 0.5520833134651184 0.12037037312984467 0.01770833320915699 0.011111111380159855
8 0.7377604246139526 0.5606481432914734 0.03489583358168602 0.043518517166376114
0 0.49921876192092896 0.1666666716337204 0.0015625000232830644 0.01666666753590107
0 0.6424478888511658 0.44212964177131653 0.008854166604578495 0.037962961941957474
0 0.8502604365348816 0.7444444298744202 0.02239583246409893 0.04444444552063942
0 0.5419270992279053 0.21111111342906952 0.0026041667442768812 0.020370369777083397
0 0.49921876192092896 0.2768518626689911 0.0026041667442768812 0.025925925001502037
0 0.44192707538604736 0.18425926566123962 0.0026041667442768812 0.018518518656492233
0 0.546875 0.1944444477558136 0.0031250000465661287 0.011111111380159855
0 0.5036458373069763 0.2083333283662796 0.0020833334419876337 0.020370369777083397
0 0.8309895992279053 0.1240740716457367 0.004687500186264515 0.012962962500751019
0 0.5015624761581421 0.28333333134651184 0.0031250000465661287 0.025925925001502037
0 0.8682291507720947 0.4541666805744171 0.014583333395421505 0.03981481492519379
0 0.7041666507720947 0.4564814865589142 0.010416666977107525 0.025925925001502037
0 0.5179687738418579 0.29907408356666565 0.0036458333488553762 0.02777777798473835
0 0.5317708253860474 0.3212963044643402 0.004166666883975267 0.029629629105329514
0 0.40625 0.28842592239379883 0.0052083334885537624 0.026851851493120193
0 0.5450521111488342 0.21990740299224854 0.0026041667442768812 0.021296296268701553
0 0.5057291388511658 0.19027778506278992 0.0031250000465661287 0.01944444514811039
0 0.5239583253860474 0.8009259104728699 0.010416666977107525 0.046296294778585434
0 0.3570312559604645 0.7953703999519348 0.01718750037252903 0.04444444552063942
