6 0.5432291626930237 0.14351852238178253 0.0020833334419876337 0.009259259328246117
6 0.5447916388511658 0.14907407760620117 0.0020833334419876337 0.009259259328246117
6 0.5455729365348816 0.1518518477678299 0.0015625000232830644 0.011111111380159855
6 0.5419270992279053 0.14120370149612427 0.0015625000232830644 0.010185184888541698
6 0.5411458611488342 0.13842593133449554 0.0020833334419876337 0.010185184888541698
6 0.5440104007720947 0.14722222089767456 0.0015625000232830644 0.011111111380159855
8 0.4533854126930237 0.2532407343387604 0.0036458333488553762 0.026851851493120193
8 0.776562511920929 0.5148147940635681 0.03125 0.04259259253740311
7 0.44583332538604736 0.3064814805984497 0.008333333767950535 0.03333333507180214
2 0.48255208134651184 0.1726851910352707 0.01718750037252903 0.0694444477558136
8 0.4710937440395355 0.13148148357868195 0.0036458333488553762 0.012962962500751019
1 0.9018229246139526 0.5148147940635681 0.07343749701976776 0.05370370298624039
1 0.5513020753860474 0.11759259551763535 0.01718750037252903 0.011111111380159855
1 0.9856770634651184 0.5671296119689941 0.02864583395421505 0.06388889253139496
8 0.721875011920929 0.5138888955116272 0.03125 0.040740739554166794
0 0.49947917461395264 0.16111111640930176 0.0020833334419876337 0.01666666753590107
0 0.6309896111488342 0.4115740656852722 0.0078125 0.03611111268401146
0 0.8111979365348816 0.6675925850868225 0.01927083358168602 0.03888889029622078
0 0.5403645634651184 0.20324073731899261 0.0026041667442768812 0.01944444514811039
0 0.49947917461395264 0.26435184478759766 0.0031250000465661287 0.02500000037252903
0 0.4437499940395355 0.17824074625968933 0.0020833334419876337 0.017592592164874077
0 0.5458333492279053 0.18796296417713165 0.0031250000465661287 0.011111111380159855
0 0.5036458373069763 0.2013888955116272 0.0020833334419876337 0.01944444514811039
0 0.8239583373069763 0.12129629403352737 0.004166666883975267 0.012962962500751019
0 0.5015624761581421 0.2708333432674408 0.0031250000465661287 0.02500000037252903
0 0.8460937738418579 0.4226851761341095 0.013020833022892475 0.037962961941957474
0 0.688281238079071 0.42500001192092896 0.00989583320915699 0.024074073880910873
0 0.5177083611488342 0.2837963104248047 0.0031250000465661287 0.026851851493120193
0 0.5299479365348816 0.3055555522441864 0.0036458333488553762 0.02777777798473835
0 0.41093748807907104 0.27407407760620117 0.004166666883975267 0.025925925001502037
0 0.5424479246139526 0.21203704178333282 0.0026041667442768812 0.020370369777083397
0 0.5054687261581421 0.18379630148410797 0.0026041667442768812 0.017592592164874077
0 0.5190104246139526 0.7106481194496155 0.008854166604578495 0.0416666679084301
0 0.36901041865348816 0.7050926089286804 0.015104166232049465 0.03981481492519379
