6 0.543749988079071 0.1467592567205429 0.0020833334419876337 0.010185184888541698
6 0.5453125238418579 0.15231481194496155 0.0020833334419876337 0.010185184888541698
6 0.5463541746139526 0.15509259700775146 0.0020833334419876337 0.012037036940455437
6 0.5424479246139526 0.14351852238178253 0.0015625000232830644 0.011111111380159855
6 0.5416666865348816 0.14120370149612427 0.0020833334419876337 0.010185184888541698
6 0.5445312261581421 0.15000000596046448 0.0015625000232830644 0.011111111380159855
8 0.45130208134651184 0.2638888955116272 0.0036458333488553762 0.02777777798473835
8 0.7932291626930237 0.5495370626449585 0.03437500074505806 0.04537037014961243
7 0.4429687559604645 0.3222222328186035 0.008854166604578495 0.035185184329748154
2 0.4817708432674408 0.17777778208255768 0.01770833320915699 0.07037036865949631
8 0.4700520932674408 0.13425925374031067 0.0036458333488553762 0.012962962500751019
1 0.9231770634651184 0.5486111044883728 0.07968749850988388 0.05833333358168602
1 0.5520833134651184 0.11944444477558136 0.01770833320915699 0.011111111380159855
8 0.733593761920929 0.5481481552124023 0.0338541679084301 0.04259259253740311
0 0.49921876192092896 0.1648148149251938 0.0015625000232830644 0.01666666753590107
0 0.6390625238418579 0.4342592656612396 0.008333333767950535 0.03703703731298447
0 0.8395833373069763 0.7236111164093018 0.02187499962747097 0.043518517166376114
0 0.5414062738418579 0.2092592567205429 0.0026041667442768812 0.020370369777083397
0 0.49921876192092896 0.27314814925193787 0.0026041667442768812 0.025925925001502037
0 0.44192707538604736 0.18287037312984467 0.0026041667442768812 0.017592592164874077
0 0.5463541746139526 0.192592591047287 0.0031250000465661287 0.011111111380159855
0 0.5036458373069763 0.20648148655891418 0.0020833334419876337 0.020370369777083397
0 0.8291666507720947 0.12314815074205399 0.004166666883975267 0.012962962500751019
0 0.5015624761581421 0.28009259700775146 0.0031250000465661287 0.026851851493120193
0 0.8622395992279053 0.44583332538604736 0.01406249962747097 0.03981481492519379
0 0.699999988079071 0.447685182094574 0.010416666977107525 0.02500000037252903
0 0.5177083611488342 0.2953703701496124 0.0031250000465661287 0.02777777798473835
0 0.53125 0.317592591047287 0.004166666883975267 0.029629629105329514
0 0.4075520932674408 0.2847222089767456 0.004687500186264515 0.026851851493120193
0 0.5442708134651184 0.21805556118488312 0.0031250000465661287 0.021296296268701553
0 0.5054687261581421 0.18888889253139496 0.0026041667442768812 0.018518518656492233
0 0.522656261920929 0.7768518328666687 0.00989583320915699 0.04444444552063942
0 0.3604166805744171 0.7708333134651184 0.01666666753590107 0.043518517166376114
