6 0.5463541746139526 0.15509259700775146 0.0020833334419876337 0.010185184888541698
6 0.5479166507720947 0.1606481522321701 0.0020833334419876337 0.010185184888541698
6 0.5489583611488342 0.16435185074806213 0.0020833334419876337 0.012037036940455437
6 0.5447916388511658 0.1518518477678299 0.0020833334419876337 0.011111111380159855
6 0.543749988079071 0.14814814925193787 0.0020833334419876337 0.011111111380159855
6 0.5473958253860474 0.1587962955236435 0.0020833334419876337 0.012037036940455437
8 0.44609373807907104 0.29722222685813904 0.004687500186264515 0.031481482088565826
8 0.84765625 0.6675925850868225 0.0442708320915699 0.0555555559694767
7 0.4351562559604645 0.3717592656612396 0.010937499813735485 0.0416666679084301
2 0.48098957538604736 0.19398148357868195 0.01927083358168602 0.06574074178934097
8 0.46875 0.14305555820465088 0.004166666883975267 0.013888888992369175
1 0.9729166626930237 0.6666666865348816 0.05416666716337204 0.07407407462596893
1 0.5544270873069763 0.12546296417713165 0.01822916604578495 0.012037036940455437
8 0.7729166746139526 0.6662036776542664 0.04270833358168602 0.049074072390794754
0 0.49947917461395264 0.17638888955116272 0.0020833334419876337 0.017592592164874077
0 0.6677083373069763 0.5064814686775208 0.010416666977107525 0.04259259253740311
0 0.9447916746139526 0.9277777671813965 0.03125 0.0555555559694767
0 0.610156238079071 0.5495370626449585 0.00989583320915699 0.04722222313284874
0 0.5447916388511658 0.22685185074806213 0.0031250000465661287 0.02222222276031971
0 0.49947917461395264 0.30000001192092896 0.0031250000465661287 0.02777777798473835
0 0.43802082538604736 0.19583334028720856 0.0031250000465661287 0.01944444514811039
0 0.5502604246139526 0.2074074000120163 0.0036458333488553762 0.012962962500751019
0 0.5041666626930237 0.22175925970077515 0.0020833334419876337 0.021296296268701553
0 0.8450520634651184 0.12962962687015533 0.004687500186264515 0.012962962500751019
0 0.5023437738418579 0.30694442987442017 0.0036458333488553762 0.028703704476356506
0 0.9156249761581421 0.520370364189148 0.01875000074505806 0.04444444552063942
0 0.7393229007720947 0.5236111283302307 0.013020833022892475 0.028703704476356506
0 0.51953125 0.3305555582046509 0.0036458333488553762 0.029629629105329514
0 0.5361979007720947 0.3523148000240326 0.004687500186264515 0.032407406717538834
0 0.3973958194255829 0.3166666626930237 0.0052083334885537624 0.029629629105329514
0 0.55078125 0.2361111044883728 0.0036458333488553762 0.02222222276031971
0 0.5072916746139526 0.2023148089647293 0.0031250000465661287 0.01944444514811039
