6 0.5567708611488342 0.1606481522321701 0.0020833334419876337 0.010185184888541698
6 0.5588541626930237 0.16712963581085205 0.0020833334419876337 0.010185184888541698
6 0.5598958134651184 0.17037037014961243 0.0020833334419876337 0.012962962500751019
6 0.555468738079071 0.15694443881511688 0.0015625000232830644 0.012037036940455437
6 0.5544270873069763 0.1537037044763565 0.0015625000232830644 0.011111111380159855
6 0.557812511920929 0.1648148149251938 0.0020833334419876337 0.012962962500751019
8 0.4502604305744171 0.3222222328186035 0.004687500186264515 0.035185184329748154
8 0.9039062261581421 0.7800925970077515 0.0546875 0.06388889253139496
7 0.43671876192092896 0.4106481373310089 0.01197916641831398 0.04722222313284874
2 0.48880207538604736 0.20277777314186096 0.02031249925494194 0.06481481343507767
8 0.4768229126930237 0.14861111342906952 0.0036458333488553762 0.013888888992369175
1 0.5651041865348816 0.12916666269302368 0.01875000074505806 0.012037036940455437
8 0.8153645992279053 0.7768518328666687 0.05156249925494194 0.05370370298624039
0 0.5083333253860474 0.18379630148410797 0.0020833334419876337 0.017592592164874077
0 0.6986979246139526 0.5685185194015503 0.013020833022892475 0.046296294778585434
0 0.6361979246139526 0.6240741014480591 0.01197916641831398 0.051851850003004074
0 0.5559895634651184 0.23981481790542603 0.0036458333488553762 0.02222222276031971
0 0.5080729126930237 0.3194444477558136 0.0036458333488553762 0.029629629105329514
0 0.44348958134651184 0.20462962985038757 0.0036458333488553762 0.020370369777083397
0 0.561718761920929 0.21759259700775146 0.0036458333488553762 0.012962962500751019
0 0.5132812261581421 0.23240740597248077 0.0026041667442768812 0.02222222276031971
0 0.5111979246139526 0.32685184478759766 0.0036458333488553762 0.029629629105329514
0 0.9721354246139526 0.5893518328666687 0.0234375 0.049074072390794754
0 0.7802083492279053 0.5902777910232544 0.015625 0.032407406717538834
0 0.5289062261581421 0.3578703701496124 0.004687500186264515 0.032407406717538834
0 0.547656238079071 0.3782407343387604 0.00572916679084301 0.034259259700775146
0 0.3986979126930237 0.33981481194496155 0.00572916679084301 0.031481482088565826
0 0.5638020634651184 0.2490740716457367 0.0036458333488553762 0.024074073880910873
0 0.5166666507720947 0.21203704178333282 0.0031250000465661287 0.020370369777083397
