6 0.5622395873069763 0.17314815521240234 0.0026041667442768812 0.011111111380159855
6 0.5648437738418579 0.1805555522441864 0.0026041667442768812 0.011111111380159855
6 0.5658854246139526 0.18472221493721008 0.0026041667442768812 0.013888888992369175
6 0.5609375238418579 0.16898147761821747 0.0020833334419876337 0.012037036940455437
6 0.5596354007720947 0.16527777910232544 0.0026041667442768812 0.012037036940455437
6 0.5635416507720947 0.17777778208255768 0.0020833334419876337 0.012962962500751019
8 0.44218748807907104 0.3861111104488373 0.0062500000931322575 0.04259259253740311
7 0.421875 0.5189814567565918 0.01666666753590107 0.06203703582286835
2 0.4893229305744171 0.22083333134651184 0.02135416679084301 0.07129629701375961
8 0.4765625 0.16111111640930176 0.004166666883975267 0.014814814552664757
1 0.5705729126930237 0.13750000298023224 0.02031249925494194 0.013888888992369175
0 0.5104166865348816 0.2013888955116272 0.0020833334419876337 0.01944444514811039
0 0.7682291865348816 0.737500011920929 0.01979166641831398 0.05648148059844971
0 0.6963541507720947 0.8384259343147278 0.01666666753590107 0.06388889253139496
0 0.5638020634651184 0.2689814865589142 0.0036458333488553762 0.02500000037252903
0 0.510937511920929 0.36574074625968933 0.004166666883975267 0.03333333507180214
0 0.4385416805744171 0.22592592239379883 0.004166666883975267 0.02222222276031971
0 0.5692708492279053 0.24166665971279144 0.004166666883975267 0.014814814552664757
0 0.5161458253860474 0.25648146867752075 0.0031250000465661287 0.024074073880910873
0 0.6442708373069763 0.24027778208255768 0.0052083334885537624 0.023148147389292717
0 0.514843761920929 0.3740740716457367 0.004687500186264515 0.03333333507180214
0 0.8765624761581421 0.7708333134651184 0.02395833283662796 0.0416666679084301
0 0.534375011920929 0.4245370328426361 0.0052083334885537624 0.037962961941957474
0 0.5596354007720947 0.44305557012557983 0.006770833395421505 0.03981481492519379
0 0.3830729126930237 0.3986110985279083 0.006770833395421505 0.03611111268401146
0 0.5765625238418579 0.2787036895751953 0.004166666883975267 0.025925925001502037
0 0.5205729007720947 0.23425926268100739 0.0036458333488553762 0.02222222276031971
