6 0.561718761920929 0.17175926268100739 0.0026041667442768812 0.010185184888541698
6 0.5643228888511658 0.17916665971279144 0.0026041667442768812 0.010185184888541698
6 0.5653645992279053 0.18287037312984467 0.0026041667442768812 0.013888888992369175
6 0.5604166388511658 0.1675925999879837 0.0020833334419876337 0.012962962500751019
6 0.559374988079071 0.16435185074806213 0.0020833334419876337 0.012037036940455437
6 0.5630208253860474 0.17638888955116272 0.0020833334419876337 0.013888888992369175
8 0.44322916865348816 0.3787037134170532 0.0062500000931322575 0.04259259253740311
7 0.42395833134651184 0.5050926208496094 0.015625 0.06018518656492233
2 0.4893229305744171 0.21898147463798523 0.02135416679084301 0.07129629701375961
8 0.4765625 0.16018518805503845 0.004166666883975267 0.014814814552664757
1 0.5700520873069763 0.13657407462596893 0.02031249925494194 0.013888888992369175
0 0.5104166865348816 0.19953703880310059 0.0020833334419876337 0.01944444514811039
0 0.7596353888511658 0.7166666388511658 0.01927083358168602 0.0555555559694767
0 0.6888020634651184 0.8101851940155029 0.01614583283662796 0.06296296417713165
0 0.5627604126930237 0.26527777314186096 0.0036458333488553762 0.02500000037252903
0 0.5106770992279053 0.36064815521240234 0.0036458333488553762 0.032407406717538834
0 0.43932291865348816 0.22361111640930176 0.0036458333488553762 0.021296296268701553
0 0.5687500238418579 0.23935185372829437 0.004166666883975267 0.013888888992369175
0 0.5158854126930237 0.2537037134170532 0.0026041667442768812 0.024074073880910873
0 0.5145833492279053 0.36851853132247925 0.004166666883975267 0.03333333507180214
0 0.8645833134651184 0.7476851940155029 0.02291666716337204 0.03981481492519379
0 0.5338541865348816 0.4166666567325592 0.0052083334885537624 0.03703703731298447
0 0.5583333373069763 0.43518519401550293 0.0062500000931322575 0.03888889029622078
0 0.38489583134651184 0.3916666805744171 0.0072916666977107525 0.035185184329748154
0 0.5752604007720947 0.2759259343147278 0.004687500186264515 0.025925925001502037
0 0.5200520753860474 0.23194444179534912 0.0036458333488553762 0.023148147389292717
