6 0.5606771111488342 0.16805554926395416 0.0026041667442768812 0.010185184888541698
6 0.5627604126930237 0.17499999701976776 0.0026041667442768812 0.011111111380159855
6 0.5638020634651184 0.17870371043682098 0.0026041667442768812 0.012962962500751019
6 0.559374988079071 0.16435185074806213 0.0020833334419876337 0.012037036940455437
6 0.5583333373069763 0.1606481522321701 0.0020833334419876337 0.012037036940455437
6 0.5619791746139526 0.17222222685813904 0.0020833334419876337 0.012962962500751019
8 0.44609373807907104 0.3578703701496124 0.00572916679084301 0.03981481492519379
8 0.9739583134651184 0.9606481194496155 0.0520833320915699 0.07870370149612427
7 0.42916667461395264 0.46990740299224854 0.014583333395421505 0.05462963134050369
2 0.4895833432674408 0.21388888359069824 0.02083333395421505 0.06851851940155029
8 0.47708332538604736 0.15601852536201477 0.004166666883975267 0.013888888992369175
1 0.5687500238418579 0.13425925374031067 0.01979166641831398 0.012962962500751019
8 0.874218761920929 0.9564814567565918 0.06718750298023224 0.06111111119389534
0 0.5104166865348816 0.19398148357868195 0.0020833334419876337 0.01944444514811039
0 0.7372395992279053 0.6611111164093018 0.01718750037252903 0.051851850003004074
0 0.6690104007720947 0.7388888597488403 0.01406249962747097 0.05925925821065903
0 0.5611979365348816 0.25648146867752075 0.0036458333488553762 0.024074073880910873
0 0.5101562738418579 0.3462963104248047 0.0036458333488553762 0.031481482088565826
0 0.44140625 0.2171296328306198 0.0036458333488553762 0.021296296268701553
0 0.5666666626930237 0.23194444179534912 0.004166666883975267 0.013888888992369175
0 0.5153645873069763 0.24675926566123962 0.0026041667442768812 0.023148147389292717
0 0.5138021111488342 0.3541666567325592 0.0036458333488553762 0.032407406717538834
0 0.8335937261581421 0.6888889074325562 0.02031249925494194 0.03703703731298447
0 0.5328124761581421 0.39537036418914795 0.0052083334885537624 0.035185184329748154
0 0.5552083253860474 0.4157407283782959 0.0062500000931322575 0.03703703731298447
0 0.3903645873069763 0.3731481432914734 0.006770833395421505 0.03333333507180214
0 0.5718749761581421 0.26620370149612427 0.004166666883975267 0.02500000037252903
0 0.51953125 0.22499999403953552 0.0036458333488553762 0.02222222276031971
