6 0.559374988079071 0.16527777910232544 0.0020833334419876337 0.010185184888541698
6 0.561718761920929 0.1726851910352707 0.0026041667442768812 0.010185184888541698
6 0.5627604126930237 0.17592592537403107 0.0026041667442768812 0.012962962500751019
6 0.5580729246139526 0.1615740805864334 0.0026041667442768812 0.012037036940455437
6 0.5567708611488342 0.15833333134651184 0.0020833334419876337 0.011111111380159855
6 0.5606771111488342 0.16990740597248077 0.0026041667442768812 0.012037036940455437
8 0.4479166567325592 0.34490740299224854 0.0052083334885537624 0.037962961941957474
8 0.9549478888511658 0.8912037014961243 0.06614582985639572 0.07314814627170563
7 0.4322916567325592 0.4481481611728668 0.01354166679084301 0.051851850003004074
2 0.4895833432674408 0.20972222089767456 0.02083333395421505 0.06759259104728699
8 0.47708332538604736 0.15324074029922485 0.004166666883975267 0.013888888992369175
1 0.5677083134651184 0.13240741193294525 0.01979166641831398 0.012962962500751019
8 0.852343738079071 0.887499988079071 0.06093750149011612 0.05833333358168602
0 0.5098958611488342 0.19074073433876038 0.0020833334419876337 0.018518518656492233
0 0.7231770753860474 0.6268518567085266 0.015104166232049465 0.05000000074505806
0 0.657031238079071 0.6958333253860474 0.013020833022892475 0.05648148059844971
0 0.559374988079071 0.2509259283542633 0.0031250000465661287 0.024074073880910873
0 0.5096353888511658 0.33657407760620117 0.0036458333488553762 0.03055555559694767
0 0.4424479305744171 0.21296297013759613 0.0036458333488553762 0.020370369777083397
0 0.5651041865348816 0.22685185074806213 0.004166666883975267 0.012962962500751019
0 0.514843761920929 0.24120371043682098 0.0026041667442768812 0.023148147389292717
0 0.5130208134651184 0.3444444537162781 0.004166666883975267 0.031481482088565826
0 0.5315104126930237 0.3819444477558136 0.004687500186264515 0.034259259700775146
0 0.5526041388511658 0.40231481194496155 0.0062500000931322575 0.03611111268401146
0 0.3934895694255829 0.36157408356666565 0.006770833395421505 0.032407406717538834
0 0.5692708492279053 0.2606481611728668 0.004166666883975267 0.02500000037252903
0 0.518750011920929 0.22083333134651184 0.0031250000465661287 0.021296296268701553
