6 0.5611979365348816 0.16898147761821747 0.0026041667442768812 0.010185184888541698
6 0.563281238079071 0.17638888955116272 0.0026041667442768812 0.010185184888541698
6 0.5643228888511658 0.18009258806705475 0.0026041667442768812 0.013888888992369175
6 0.5596354007720947 0.16527777910232544 0.0026041667442768812 0.012037036940455437
6 0.5583333373069763 0.1615740805864334 0.0020833334419876337 0.012037036940455437
6 0.5622395873069763 0.17407406866550446 0.0026041667442768812 0.012962962500751019
8 0.4453125 0.364814817905426 0.0062500000931322575 0.040740739554166794
8 0.9807291626930237 0.9777777791023254 0.03854166716337204 0.04444444552063942
7 0.42760416865348816 0.4810185134410858 0.014583333395421505 0.05648148059844971
2 0.4895833432674408 0.2152777761220932 0.02083333395421505 0.0694444477558136
8 0.47708332538604736 0.15740740299224854 0.004166666883975267 0.014814814552664757
1 0.5692708492279053 0.13518518209457397 0.01979166641831398 0.012962962500751019
8 0.8856770992279053 0.980555534362793 0.0703125 0.03888889029622078
0 0.5104166865348816 0.19583334028720856 0.0020833334419876337 0.01944444514811039
0 0.7442708611488342 0.6782407164573669 0.01770833320915699 0.05277777835726738
0 0.675000011920929 0.7615740895271301 0.014583333395421505 0.06018518656492233
0 0.561718761920929 0.2597222328186035 0.0036458333488553762 0.02500000037252903
0 0.5104166865348816 0.35092592239379883 0.004166666883975267 0.031481482088565826
0 0.44062501192092896 0.21898147463798523 0.004166666883975267 0.021296296268701553
0 0.5674479007720947 0.23379629850387573 0.0036458333488553762 0.013888888992369175
0 0.515625 0.2490740716457367 0.0031250000465661287 0.024074073880910873
0 0.5140625238418579 0.35879629850387573 0.004166666883975267 0.032407406717538834
0 0.5333333611488342 0.40231481194496155 0.0052083334885537624 0.03611111268401146
0 0.5562499761581421 0.4217592477798462 0.0062500000931322575 0.037962961941957474
0 0.38880208134651184 0.3791666626930237 0.006770833395421505 0.034259259700775146
0 0.5729166865348816 0.26944443583488464 0.004166666883975267 0.025925925001502037
0 0.5197916626930237 0.22685185074806213 0.0031250000465661287 0.02222222276031971
