6 0.5679687261581421 0.19074073433876038 0.0026041667442768812 0.011111111380159855
6 0.5708333253860474 0.19953703880310059 0.0031250000465661287 0.012037036940455437
6 0.5721353888511658 0.20416666567325592 0.0026041667442768812 0.015740741044282913
6 0.56640625 0.1856481432914734 0.0026041667442768812 0.013888888992369175
6 0.5648437738418579 0.18101851642131805 0.0026041667442768812 0.013888888992369175
6 0.569531261920929 0.19629628956317902 0.0026041667442768812 0.014814814552664757
8 0.4242187440395355 0.5069444179534912 0.00989583320915699 0.05833333358168602
7 0.38671875 0.7541666626930237 0.02760416641831398 0.10092592239379883
2 0.4880208373069763 0.24537037312984467 0.02395833283662796 0.0833333358168602
8 0.4739583432674408 0.1796296238899231 0.0052083334885537624 0.01666666753590107
1 0.5755208134651184 0.14861111342906952 0.02187499962747097 0.013888888992369175
0 0.51171875 0.22685185074806213 0.0026041667442768812 0.02222222276031971
0 0.573437511920929 0.3143518567085266 0.004166666883975267 0.028703704476356506
0 0.5132812261581421 0.442592591047287 0.004687500186264515 0.03888889029622078
0 0.42890626192092896 0.25740739703178406 0.004687500186264515 0.024074073880910873
0 0.5791666507720947 0.27731481194496155 0.0052083334885537624 0.015740741044282913
0 0.5182291865348816 0.29305556416511536 0.0031250000465661287 0.026851851493120193
0 0.659375011920929 0.27407407760620117 0.0062500000931322575 0.025925925001502037
0 0.5190104246139526 0.45185184478759766 0.00572916679084301 0.03888889029622078
0 0.542187511920929 0.5476852059364319 0.0072916666977107525 0.04537037014961243
0 0.578125 0.5560185313224792 0.008333333767950535 0.04722222313284874
0 0.3528645932674408 0.5041666626930237 0.00989583320915699 0.0416666679084301
0 0.5940104126930237 0.32499998807907104 0.00572916679084301 0.029629629105329514
0 0.5236979126930237 0.26851850748062134 0.0036458333488553762 0.025925925001502037
