6 0.5658854246139526 0.18425926566123962 0.0026041667442768812 0.011111111380159855
6 0.5687500238418579 0.192592591047287 0.0031250000465661287 0.011111111380159855
6 0.5700520873069763 0.19722221791744232 0.0026041667442768812 0.014814814552664757
6 0.5643228888511658 0.1796296238899231 0.0026041667442768812 0.012962962500751019
6 0.5630208253860474 0.17592592537403107 0.0020833334419876337 0.012962962500751019
6 0.5674479007720947 0.1893518567085266 0.0026041667442768812 0.013888888992369175
8 0.4312500059604645 0.45972222089767456 0.008333333767950535 0.05277777835726738
7 0.4013020694255829 0.6569444537162781 0.02239583246409893 0.08425925672054291
2 0.4885416626930237 0.23657406866550446 0.02291666716337204 0.07870370149612427
8 0.47473958134651184 0.17314815521240234 0.004687500186264515 0.01666666753590107
1 0.5736979246139526 0.1449074000120163 0.02135416679084301 0.013888888992369175
0 0.5114583373069763 0.21759259700775146 0.0020833334419876337 0.020370369777083397
0 0.8617187738418579 0.9680555462837219 0.03281249850988388 0.06388889253139496
0 0.5697916746139526 0.29814815521240234 0.004166666883975267 0.02777777798473835
0 0.5122395753860474 0.4138889014720917 0.004687500186264515 0.03703703731298447
0 0.4322916567325592 0.24629630148410797 0.004166666883975267 0.024074073880910873
0 0.5757812261581421 0.26435184478759766 0.004687500186264515 0.015740741044282913
0 0.5177083611488342 0.28009259700775146 0.0031250000465661287 0.026851851493120193
0 0.6539062261581421 0.2620370388031006 0.00572916679084301 0.024074073880910873
0 0.5174478888511658 0.42314815521240234 0.004687500186264515 0.03703703731298447
0 0.5393229126930237 0.5 0.006770833395421505 0.04259259253740311
0 0.571093738079071 0.5129629373550415 0.0078125 0.04444444552063942
0 0.3643229305744171 0.4634259343147278 0.008854166604578495 0.03981481492519379
0 0.5877603888511658 0.3083333373069763 0.004687500186264515 0.02777777798473835
0 0.522656261920929 0.2560185194015503 0.0036458333488553762 0.02500000037252903
