6 0.5643228888511658 0.17870371043682098 0.0026041667442768812 0.011111111380159855
6 0.5666666626930237 0.1865740716457367 0.0031250000465661287 0.010185184888541698
6 0.5679687261581421 0.19074073433876038 0.0026041667442768812 0.014814814552664757
6 0.5625 0.17407406866550446 0.0020833334419876337 0.012962962500751019
6 0.5611979365348816 0.17037037014961243 0.0026041667442768812 0.012962962500751019
6 0.5653645992279053 0.18379630148410797 0.0026041667442768812 0.013888888992369175
8 0.43697917461395264 0.41990742087364197 0.0072916666977107525 0.04722222313284874
7 0.4127604067325592 0.5805555582046509 0.01927083358168602 0.07222222536802292
2 0.48880207538604736 0.22870370745658875 0.02239583246409893 0.07407407462596893
8 0.47578126192092896 0.16712963581085205 0.004687500186264515 0.015740741044282913
1 0.5718749761581421 0.14120370149612427 0.02083333395421505 0.013888888992369175
0 0.510937511920929 0.2092592567205429 0.0020833334419876337 0.020370369777083397
0 0.8091145753860474 0.8388888835906982 0.02552083320915699 0.06111111119389534
0 0.733593761920929 0.9694444537162781 0.02239583246409893 0.06111111119389534
0 0.5666666626930237 0.2828703820705414 0.004166666883975267 0.026851851493120193
0 0.5114583373069763 0.38842591643333435 0.004166666883975267 0.034259259700775146
0 0.43541666865348816 0.23564815521240234 0.004166666883975267 0.023148147389292717
0 0.5723958611488342 0.2527777850627899 0.004166666883975267 0.014814814552664757
0 0.5166666507720947 0.2680555582046509 0.0031250000465661287 0.02500000037252903
0 0.6489583253860474 0.2509259283542633 0.0052083334885537624 0.024074073880910873
0 0.5158854126930237 0.39722222089767456 0.004687500186264515 0.035185184329748154
0 0.9338541626930237 0.8796296119689941 0.03020833246409893 0.046296294778585434
0 0.5367187261581421 0.45972222089767456 0.00572916679084301 0.03981481492519379
0 0.5648437738418579 0.47546297311782837 0.006770833395421505 0.0416666679084301
0 0.37421876192092896 0.42916667461395264 0.0078125 0.037962961941957474
0 0.58203125 0.29305556416511536 0.004687500186264515 0.026851851493120193
0 0.5216146111488342 0.24444444477558136 0.0036458333488553762 0.024074073880910873
