6 0.5645833611488342 0.18009258806705475 0.0031250000465661287 0.010185184888541698
6 0.567187488079071 0.18796296417713165 0.0031250000465661287 0.011111111380159855
6 0.5684896111488342 0.19212962687015533 0.0026041667442768812 0.013888888992369175
6 0.5630208253860474 0.17592592537403107 0.0020833334419876337 0.012962962500751019
6 0.561718761920929 0.17129629850387573 0.0026041667442768812 0.012962962500751019
6 0.5658854246139526 0.18472221493721008 0.0026041667442768812 0.013888888992369175
8 0.43567708134651184 0.4296296238899231 0.0078125 0.04814814776182175
7 0.4098958373069763 0.5981481671333313 0.01979166641831398 0.07407407462596893
2 0.48880207538604736 0.23055554926395416 0.02239583246409893 0.07592592388391495
8 0.4755208194255829 0.16898147761821747 0.004166666883975267 0.015740741044282913
1 0.5723958611488342 0.14212962985038757 0.02083333395421505 0.013888888992369175
0 0.510937511920929 0.21111111342906952 0.0020833334419876337 0.020370369777083397
0 0.821093738079071 0.8689814805984497 0.02656250074505806 0.06203703582286835
0 0.7445312738418579 0.9888888597488403 0.02447916753590107 0.02222222276031971
0 0.5674479007720947 0.2865740656852722 0.0036458333488553762 0.026851851493120193
0 0.51171875 0.39444443583488464 0.004687500186264515 0.035185184329748154
0 0.4348958432674408 0.23842592537403107 0.004166666883975267 0.023148147389292717
0 0.5731770992279053 0.25555557012557983 0.004687500186264515 0.014814814552664757
0 0.5169270634651184 0.2708333432674408 0.0026041667442768812 0.02500000037252903
0 0.6499999761581421 0.2537037134170532 0.0052083334885537624 0.024074073880910873
0 0.516406238079071 0.40324074029922485 0.004687500186264515 0.03611111268401146
0 0.9505208134651184 0.9111111164093018 0.03229166567325592 0.04814814776182175
0 0.5372396111488342 0.4694444537162781 0.00572916679084301 0.040740739554166794
0 0.5661458373069763 0.48472222685813904 0.0072916666977107525 0.0416666679084301
0 0.37187498807907104 0.4375 0.008333333767950535 0.037962961941957474
0 0.5833333134651184 0.2967592477798462 0.0052083334885537624 0.026851851493120193
0 0.5216146111488342 0.24722221493721008 0.0036458333488553762 0.024074073880910873
