6 0.5669270753860474 0.18703703582286835 0.0026041667442768812 0.011111111380159855
6 0.5697916746139526 0.19629628956317902 0.0031250000465661287 0.011111111380159855
6 0.571093738079071 0.20092593133449554 0.0026041667442768812 0.014814814552664757
6 0.5653645992279053 0.18287037312984467 0.0026041667442768812 0.013888888992369175
6 0.5638020634651184 0.17824074625968933 0.0026041667442768812 0.013888888992369175
6 0.5684896111488342 0.192592591047287 0.0026041667442768812 0.014814814552664757
8 0.42786458134651184 0.4819444417953491 0.008854166604578495 0.05462963134050369
7 0.39453125 0.7023147940635681 0.02447916753590107 0.09166666865348816
2 0.48828125 0.24120371043682098 0.0234375 0.08055555820465088
8 0.4742187559604645 0.17685185372829437 0.004687500186264515 0.01666666753590107
1 0.5747395753860474 0.1467592567205429 0.02135416679084301 0.013888888992369175
0 0.51171875 0.22175925970077515 0.0026041667442768812 0.021296296268701553
0 0.5713541507720947 0.30601853132247925 0.004166666883975267 0.028703704476356506
0 0.5127604007720947 0.4277777671813965 0.004687500186264515 0.03703703731298447
0 0.4307291805744171 0.2518518567085266 0.004166666883975267 0.024074073880910873
0 0.577343761920929 0.2708333432674408 0.004687500186264515 0.015740741044282913
0 0.5177083611488342 0.2865740656852722 0.0031250000465661287 0.026851851493120193
0 0.6565104126930237 0.2680555582046509 0.00572916679084301 0.02500000037252903
0 0.5182291865348816 0.43703705072402954 0.0052083334885537624 0.03888889029622078
0 0.5408853888511658 0.5222222208976746 0.006770833395421505 0.04444444552063942
0 0.5744791626930237 0.5333333611488342 0.008333333767950535 0.046296294778585434
0 0.35885417461395264 0.4828703701496124 0.00937500037252903 0.0416666679084301
0 0.590624988079071 0.3162037134170532 0.0052083334885537624 0.028703704476356506
0 0.5231770873069763 0.26157405972480774 0.0036458333488553762 0.02500000037252903
