6 0.5744791626930237 0.20972222089767456 0.0031250000465661287 0.012037036940455437
6 0.5778645873069763 0.2203703671693802 0.0036458333488553762 0.012962962500751019
6 0.5794270634651184 0.22592592239379883 0.0036458333488553762 0.01666666753590107
6 0.5723958611488342 0.20370370149612427 0.0031250000465661287 0.014814814552664757
6 0.5705729126930237 0.19814814627170563 0.0026041667442768812 0.014814814552664757
6 0.5765625238418579 0.2162037044763565 0.0031250000465661287 0.015740741044282913
8 0.3947916626930237 0.7064814567565918 0.015625 0.08518518507480621
2 0.4869791567325592 0.27546295523643494 0.02708333358168602 0.09537036716938019
8 0.4713541567325592 0.20092593133449554 0.0052083334885537624 0.018518518656492233
1 0.581250011920929 0.1606481522321701 0.02395833283662796 0.015740741044282913
0 0.5132812261581421 0.25555557012557983 0.0026041667442768812 0.024074073880910873
0 0.5854166746139526 0.3717592656612396 0.0052083334885537624 0.034259259700775146
0 0.5161458253860474 0.5467592477798462 0.0062500000931322575 0.04537037014961243
0 0.4177083373069763 0.2953703701496124 0.0052083334885537624 0.02777777798473835
0 0.5908854007720947 0.3203703761100769 0.00572916679084301 0.018518518656492233
0 0.5205729007720947 0.33657407760620117 0.0036458333488553762 0.03055555559694767
0 0.6786458492279053 0.31481480598449707 0.0072916666977107525 0.029629629105329514
0 0.5244791507720947 0.5574073791503906 0.0062500000931322575 0.046296294778585434
0 0.5544270873069763 0.7416666746139526 0.00989583320915699 0.05740740895271301
0 0.6059895753860474 0.7212963104248047 0.01197916641831398 0.05740740895271301
0 0.3075520694255829 0.6625000238418579 0.015104166232049465 0.05277777835726738
0 0.6151041388511658 0.3828703761100769 0.0062500000931322575 0.034259259700775146
0 0.5268229246139526 0.3097222149372101 0.0036458333488553762 0.028703704476356506
