6 0.5692708492279053 0.1935185194015503 0.0031250000465661287 0.011111111380159855
6 0.5721353888511658 0.20324073731899261 0.0036458333488553762 0.012037036940455437
6 0.573437511920929 0.20787036418914795 0.0031250000465661287 0.015740741044282913
6 0.5674479007720947 0.1884259283542633 0.0026041667442768812 0.013888888992369175
6 0.5658854246139526 0.18379630148410797 0.0026041667442768812 0.013888888992369175
6 0.5708333253860474 0.19953703880310059 0.0031250000465661287 0.015740741044282913
8 0.4203124940395355 0.5351851582527161 0.010416666977107525 0.06111111119389534
7 0.3776041567325592 0.8162037134170532 0.03125 0.1120370402932167
2 0.48776042461395264 0.25046294927597046 0.02447916753590107 0.08611111342906952
8 0.47343748807907104 0.18333333730697632 0.0052083334885537624 0.01666666753590107
1 0.5765625238418579 0.1509259194135666 0.02187499962747097 0.014814814552664757
0 0.5122395753860474 0.23148147761821747 0.0026041667442768812 0.02222222276031971
0 0.5752604007720947 0.32407405972480774 0.004687500186264515 0.029629629105329514
0 0.5138021111488342 0.45879629254341125 0.004687500186264515 0.03981481492519379
0 0.4270833432674408 0.26342591643333435 0.004166666883975267 0.02500000037252903
0 0.581250011920929 0.28425925970077515 0.0052083334885537624 0.01666666753590107
0 0.5184895992279053 0.30092594027519226 0.0036458333488553762 0.02777777798473835
0 0.6625000238418579 0.28148147463798523 0.0062500000931322575 0.025925925001502037
0 0.5200520753860474 0.46851852536201477 0.00572916679084301 0.040740739554166794
0 0.5440104007720947 0.5759259462356567 0.0078125 0.04814814776182175
0 0.5822916626930237 0.5800926089286804 0.00937500037252903 0.049074072390794754
0 0.3460937440395355 0.5277777910232544 0.010937499813735485 0.04444444552063942
0 0.59765625 0.33379629254341125 0.00572916679084301 0.03055555559694767
0 0.524218738079071 0.2750000059604645 0.0036458333488553762 0.025925925001502037
