6 0.5723958611488342 0.20416666567325592 0.0031250000465661287 0.012037036940455437
6 0.5757812261581421 0.2143518477678299 0.0036458333488553762 0.012037036940455437
6 0.577343761920929 0.21944443881511688 0.0036458333488553762 0.01666666753590107
6 0.5705729126930237 0.19814814627170563 0.0026041667442768812 0.014814814552664757
6 0.5690104365348816 0.1935185194015503 0.0026041667442768812 0.014814814552664757
6 0.5744791626930237 0.21064814925193787 0.0031250000465661287 0.015740741044282913
8 0.4052083194255829 0.6379629373550415 0.01354166679084301 0.07592592388391495
2 0.4872395694255829 0.2666666805744171 0.02656250074505806 0.09259258955717087
8 0.47187501192092896 0.1944444477558136 0.0052083334885537624 0.018518518656492233
1 0.5796874761581421 0.15694443881511688 0.02291666716337204 0.015740741044282913
0 0.5127604007720947 0.24722221493721008 0.0026041667442768812 0.024074073880910873
0 0.5817708373069763 0.3541666567325592 0.0052083334885537624 0.032407406717538834
0 0.5153645873069763 0.5134259462356567 0.00572916679084301 0.043518517166376114
0 0.42109376192092896 0.2837963104248047 0.004687500186264515 0.026851851493120193
0 0.5874999761581421 0.30694442987442017 0.0052083334885537624 0.017592592164874077
0 0.5197916626930237 0.3231481611728668 0.004166666883975267 0.029629629105329514
0 0.6723958253860474 0.30324074625968933 0.0072916666977107525 0.028703704476356506
0 0.5229166746139526 0.5240740776062012 0.0062500000931322575 0.04444444552063942
0 0.5502604246139526 0.6763888597488403 0.008854166604578495 0.05462963134050369
0 0.5971354246139526 0.667129635810852 0.010937499813735485 0.05462963134050369
0 0.3226562440395355 0.6106481552124023 0.013020833022892475 0.049074072390794754
0 0.6083333492279053 0.3643518388271332 0.0062500000931322575 0.032407406717538834
0 0.5257812738418579 0.29722222685813904 0.0036458333488553762 0.02777777798473835
