6 0.5731770992279053 0.20601852238178253 0.0036458333488553762 0.012037036940455437
6 0.5765625238418579 0.2162037044763565 0.0031250000465661287 0.012037036940455437
6 0.578125 0.2212962955236435 0.0031250000465661287 0.01666666753590107
6 0.571093738079071 0.20000000298023224 0.0026041667442768812 0.014814814552664757
6 0.569531261920929 0.1953703761100769 0.0026041667442768812 0.014814814552664757
6 0.574999988079071 0.21250000596046448 0.0031250000465661287 0.015740741044282913
8 0.40182292461395264 0.6587963104248047 0.01406249962747097 0.07870370149612427
2 0.4872395694255829 0.26944443583488464 0.02656250074505806 0.09259258955717087
8 0.47187501192092896 0.19629628956317902 0.0052083334885537624 0.018518518656492233
1 0.5799478888511658 0.15833333134651184 0.0234375 0.014814814552664757
0 0.5127604007720947 0.25 0.0026041667442768812 0.024074073880910873
0 0.582812488079071 0.35972222685813904 0.0052083334885537624 0.032407406717538834
0 0.5158854126930237 0.5245370268821716 0.00572916679084301 0.043518517166376114
0 0.42005208134651184 0.2874999940395355 0.004687500186264515 0.026851851493120193
0 0.5885416865348816 0.3115740716457367 0.0052083334885537624 0.017592592164874077
0 0.5200520753860474 0.32777777314186096 0.0036458333488553762 0.029629629105329514
0 0.6744791865348816 0.30694442987442017 0.0072916666977107525 0.028703704476356506
0 0.5234375 0.5342592597007751 0.0062500000931322575 0.04444444552063942
0 0.551562488079071 0.6962962746620178 0.00937500037252903 0.0555555559694767
0 0.5997396111488342 0.6842592358589172 0.010937499813735485 0.0555555559694767
0 0.3179687559604645 0.6268518567085266 0.01406249962747097 0.05000000074505806
0 0.6104166507720947 0.37037035822868347 0.0062500000931322575 0.03333333507180214
0 0.5263020992279053 0.3013888895511627 0.0036458333488553762 0.028703704476356506
