6 0.5708333253860474 0.19907407462596893 0.0031250000465661287 0.011111111380159855
6 0.5739583373069763 0.20879629254341125 0.0031250000465661287 0.012037036940455437
6 0.5755208134651184 0.2134259194135666 0.0031250000465661287 0.015740741044282913
6 0.5690104365348816 0.1935185194015503 0.0026041667442768812 0.014814814552664757
6 0.5674479007720947 0.1884259283542633 0.0026041667442768812 0.013888888992369175
6 0.5726562738418579 0.20509259402751923 0.0026041667442768812 0.015740741044282913
8 0.41328126192092896 0.5824074149131775 0.01197916641831398 0.06851851940155029
7 0.3609375059604645 0.927314817905426 0.03750000149011612 0.13425925374031067
2 0.48776042461395264 0.25833332538604736 0.02552083320915699 0.08888889104127884
8 0.4729166626930237 0.1884259283542633 0.0052083334885537624 0.017592592164874077
1 0.578125 0.1537037044763565 0.02291666716337204 0.014814814552664757
0 0.5122395753860474 0.23935185372829437 0.0026041667442768812 0.023148147389292717
0 0.5783854126930237 0.3384259343147278 0.004687500186264515 0.03055555559694767
0 0.5145833492279053 0.4851851761341095 0.0052083334885537624 0.040740739554166794
0 0.4242187440395355 0.27314814925193787 0.004687500186264515 0.025925925001502037
0 0.5843750238418579 0.2953703701496124 0.0052083334885537624 0.01666666753590107
0 0.5190104246139526 0.3115740716457367 0.0036458333488553762 0.028703704476356506
0 0.6674479246139526 0.2916666567325592 0.006770833395421505 0.02777777798473835
0 0.5216146111488342 0.494907408952713 0.00572916679084301 0.0416666679084301
0 0.546875 0.6226851940155029 0.008333333767950535 0.05092592537403107
0 0.5893229246139526 0.6212962865829468 0.00989583320915699 0.051851850003004074
0 0.33515626192092896 0.5666666626930237 0.01197916641831398 0.046296294778585434
0 0.6031249761581421 0.3490740656852722 0.0062500000931322575 0.031481482088565826
0 0.5249999761581421 0.28611111640930176 0.0031250000465661287 0.025925925001502037
