6 0.5807291865348816 0.22870370745658875 0.004166666883975267 0.012962962500751019
6 0.5848958492279053 0.24120371043682098 0.004166666883975267 0.013888888992369175
6 0.586718738079071 0.24768517911434174 0.0036458333488553762 0.01944444514811039
6 0.578125 0.2212962955236435 0.0031250000465661287 0.01666666753590107
6 0.5760416388511658 0.2152777761220932 0.0031250000465661287 0.015740741044282913
6 0.5830729007720947 0.2361111044883728 0.0036458333488553762 0.018518518656492233
8 0.3463541567325592 0.9833333492279053 0.02916666679084301 0.03333333507180214
2 0.4854166805744171 0.3064814805984497 0.03020833246409893 0.10555555671453476
8 0.46822917461395264 0.2212962955236435 0.0062500000931322575 0.020370369777083397
1 0.5864583253860474 0.17175926268100739 0.02500000037252903 0.015740741044282913
0 0.5153645873069763 0.2856481373310089 0.0036458333488553762 0.026851851493120193
0 0.5989583134651184 0.43703705072402954 0.0062500000931322575 0.03888889029622078
0 0.518750011920929 0.6791666746139526 0.008333333767950535 0.05462963134050369
0 0.40625 0.33472222089767456 0.0062500000931322575 0.03055555559694767
0 0.6031249761581421 0.36666667461395264 0.0062500000931322575 0.020370369777083397
0 0.5229166746139526 0.3828703761100769 0.004166666883975267 0.034259259700775146
0 0.7020833492279053 0.3629629611968994 0.008333333767950535 0.03333333507180214
0 0.53125 0.6893518567085266 0.008333333767950535 0.05462963134050369
0 0.64453125 0.9564814567565918 0.01718750037252903 0.07037036865949631
0 0.24166665971279144 0.8935185074806213 0.02395833283662796 0.06296296417713165
0 0.6395833492279053 0.4481481611728668 0.008333333767950535 0.03888889029622078
0 0.5302083492279053 0.35462963581085205 0.004166666883975267 0.031481482088565826
