6 0.5778645873069763 0.21944443881511688 0.0036458333488553762 0.012962962500751019
6 0.5815104246139526 0.23148147761821747 0.0036458333488553762 0.012962962500751019
6 0.5830729007720947 0.23749999701976776 0.0036458333488553762 0.017592592164874077
6 0.5755208134651184 0.2134259194135666 0.0031250000465661287 0.015740741044282913
6 0.5736979246139526 0.2074074000120163 0.0026041667442768812 0.014814814552664757
6 0.5799478888511658 0.22685185074806213 0.0036458333488553762 0.01666666753590107
8 0.3723958432674408 0.8592592477798462 0.02187499962747097 0.10740740597248077
2 0.48619791865348816 0.29212963581085205 0.02864583395421505 0.10092592239379883
8 0.46953123807907104 0.21157407760620117 0.00572916679084301 0.01944444514811039
1 0.5841146111488342 0.1666666716337204 0.02447916753590107 0.01666666753590107
0 0.5140625238418579 0.2717592716217041 0.0031250000465661287 0.02500000037252903
0 0.5924479365348816 0.40509259700775146 0.00572916679084301 0.03611111268401146
0 0.5177083611488342 0.6129629611968994 0.0072916666977107525 0.05000000074505806
0 0.4117187559604645 0.3157407343387604 0.00572916679084301 0.029629629105329514
0 0.5973958373069763 0.3444444537162781 0.0062500000931322575 0.020370369777083397
0 0.5218750238418579 0.36064815521240234 0.004166666883975267 0.032407406717538834
0 0.6908854246139526 0.34074074029922485 0.0078125 0.031481482088565826
0 0.5276041626930237 0.6236110925674438 0.0072916666977107525 0.05092592537403107
0 0.563281238079071 0.8837962746620178 0.01197916641831398 0.06574074178934097
0 0.6247395873069763 0.8347222208976746 0.01406249962747097 0.06388889253139496
0 0.2757812440395355 0.7736111283302307 0.01927083358168602 0.05833333358168602
0 0.6278645992279053 0.4166666567325592 0.006770833395421505 0.03703703731298447
0 0.5286458134651184 0.3333333432674408 0.004166666883975267 0.029629629105329514
