6 0.5763021111488342 0.2152777761220932 0.0036458333488553762 0.012037036940455437
6 0.5799478888511658 0.22685185074806213 0.0036458333488553762 0.012962962500751019
6 0.5817708373069763 0.23287037014961243 0.0031250000465661287 0.017592592164874077
6 0.57421875 0.20972222089767456 0.0026041667442768812 0.015740741044282913
6 0.5723958611488342 0.20370370149612427 0.0031250000465661287 0.014814814552664757
6 0.5783854126930237 0.2222222238779068 0.0036458333488553762 0.01666666753590107
8 0.38229167461395264 0.7912036776542664 0.01875000074505806 0.0972222238779068
2 0.48645833134651184 0.28518518805503845 0.02812499925494194 0.09814814478158951
8 0.4703125059604645 0.20694445073604584 0.0052083334885537624 0.01944444514811039
1 0.582812488079071 0.16435185074806213 0.02395833283662796 0.015740741044282913
0 0.5135416388511658 0.26527777314186096 0.0031250000465661287 0.02500000037252903
0 0.5893229246139526 0.39120370149612427 0.00572916679084301 0.034259259700775146
0 0.5169270634651184 0.585185170173645 0.006770833395421505 0.04814814776182175
0 0.4143229126930237 0.30694442987442017 0.00572916679084301 0.028703704476356506
0 0.594531238079071 0.3342592716217041 0.00572916679084301 0.018518518656492233
0 0.5213541388511658 0.35046297311782837 0.004166666883975267 0.032407406717538834
0 0.6861979365348816 0.3305555582046509 0.0078125 0.031481482088565826
0 0.5263020992279053 0.595370352268219 0.006770833395421505 0.04814814776182175
0 0.5596354007720947 0.8212962746620178 0.010937499813735485 0.06296296417713165
0 0.6166666746139526 0.7856481671333313 0.01354166679084301 0.06203703582286835
0 0.28984373807907104 0.7254629731178284 0.01718750037252903 0.05648148059844971
0 0.6226562261581421 0.40231481194496155 0.006770833395421505 0.03611111268401146
0 0.5278645753860474 0.3236111104488373 0.0036458333488553762 0.03055555559694767
