6 0.574999988079071 0.21157407760620117 0.0031250000465661287 0.012037036940455437
6 0.5786458253860474 0.2222222238779068 0.0031250000465661287 0.012962962500751019
6 0.5802083611488342 0.2282407432794571 0.0031250000465661287 0.017592592164874077
6 0.5729166865348816 0.20555555820465088 0.0031250000465661287 0.014814814552664757
6 0.5713541507720947 0.20000000298023224 0.0031250000465661287 0.014814814552664757
6 0.5770833492279053 0.21851852536201477 0.0031250000465661287 0.01666666753590107
8 0.39114582538604736 0.7324073910713196 0.01666666753590107 0.08888889104127884
2 0.4867187440395355 0.2787036895751953 0.02760416641831398 0.0962962955236435
8 0.47083333134651184 0.20277777314186096 0.0052083334885537624 0.018518518656492233
1 0.5817708373069763 0.1615740805864334 0.02395833283662796 0.015740741044282913
0 0.5132812261581421 0.2587963044643402 0.0026041667442768812 0.02500000037252903
0 0.586718738079071 0.3782407343387604 0.00572916679084301 0.034259259700775146
0 0.5166666507720947 0.5592592358589172 0.0062500000931322575 0.046296294778585434
0 0.4166666567325592 0.29907408356666565 0.0052083334885537624 0.02777777798473835
0 0.5919271111488342 0.32499998807907104 0.00572916679084301 0.018518518656492233
0 0.5208333134651184 0.3412036895751953 0.004166666883975267 0.03055555559694767
0 0.6791666746139526 0.32083332538604736 0.0072916666977107525 0.03055555559694767
0 0.5252603888511658 0.5689814686775208 0.006770833395421505 0.04722222313284874
0 0.5562499761581421 0.7666666507720947 0.010416666977107525 0.05925925821065903
0 0.609375 0.7416666746139526 0.012500000186264515 0.05925925821065903
0 0.3020833432674408 0.6824073791503906 0.015625 0.05370370298624039
0 0.6177083253860474 0.3888888955116272 0.0062500000931322575 0.035185184329748154
0 0.52734375 0.3143518567085266 0.0036458333488553762 0.028703704476356506
