6 0.5822916626930237 0.23287037014961243 0.004166666883975267 0.013888888992369175
6 0.5864583253860474 0.24629630148410797 0.004166666883975267 0.014814814552664757
6 0.5885416865348816 0.2532407343387604 0.004166666883975267 0.01944444514811039
6 0.5796874761581421 0.22592592239379883 0.0031250000465661287 0.01666666753590107
6 0.5776041746139526 0.21944443881511688 0.0031250000465661287 0.01666666753590107
6 0.5846354365348816 0.24074074625968933 0.0036458333488553762 0.018518518656492233
2 0.48489582538604736 0.31388887763023376 0.03125 0.10925926268100739
8 0.4677083194255829 0.22638888657093048 0.0062500000931322575 0.021296296268701553
1 0.5877603888511658 0.1745370328426361 0.02552083320915699 0.017592592164874077
0 0.5158854126930237 0.2925925850868225 0.0036458333488553762 0.02777777798473835
0 0.6026041507720947 0.45509257912635803 0.0072916666977107525 0.03981481492519379
0 0.5200520753860474 0.7180555462837219 0.008854166604578495 0.05648148059844971
0 0.40312498807907104 0.3453703820705414 0.0062500000931322575 0.031481482088565826
0 0.6065104007720947 0.3791666626930237 0.006770833395421505 0.021296296268701553
0 0.5236979126930237 0.3949074149131775 0.004687500186264515 0.034259259700775146
0 0.7088541388511658 0.37546294927597046 0.008333333767950535 0.034259259700775146
0 0.5335937738418579 0.7291666865348816 0.008854166604578495 0.05648148059844971
0 0.2200520783662796 0.9680555462837219 0.02760416641831398 0.06388889253139496
0 0.6460937261581421 0.4662036895751953 0.008854166604578495 0.03981481492519379
0 0.5309895873069763 0.36666667461395264 0.004687500186264515 0.03333333507180214
