6 0.589062511920929 0.2537037134170532 0.004166666883975267 0.014814814552664757
6 0.5940104126930237 0.2689814865589142 0.004687500186264515 0.015740741044282913
6 0.5966145992279053 0.27731481194496155 0.004687500186264515 0.021296296268701553
6 0.5861979126930237 0.244907408952713 0.0036458333488553762 0.01944444514811039
6 0.5835937261581421 0.23749999701976776 0.0036458333488553762 0.017592592164874077
6 0.5916666388511658 0.2629629671573639 0.004166666883975267 0.020370369777083397
2 0.4833333194255829 0.34768518805503845 0.03437500074505806 0.12129629403352737
8 0.46432292461395264 0.25 0.006770833395421505 0.024074073880910873
1 0.5932291746139526 0.18611110746860504 0.02708333358168602 0.018518518656492233
0 0.5190104246139526 0.3263888955116272 0.004687500186264515 0.03055555559694767
0 0.75390625 0.6597222089767456 0.013020833022892475 0.03981481492519379
0 0.6205729246139526 0.5416666865348816 0.008854166604578495 0.046296294778585434
0 0.5236979126930237 0.9254629611968994 0.01197916641831398 0.06759259104728699
0 0.3895833194255829 0.39351850748062134 0.0072916666977107525 0.035185184329748154
0 0.6216145753860474 0.4365740716457367 0.0078125 0.02500000037252903
0 0.5268229246139526 0.45092591643333435 0.00572916679084301 0.03888889029622078
0 0.73828125 0.43287035822868347 0.00989583320915699 0.037962961941957474
0 0.5445312261581421 0.9351851940155029 0.01197916641831398 0.06666667014360428
0 0.6778646111488342 0.5509259104728699 0.01197916641831398 0.046296294778585434
0 0.5348958373069763 0.42222222685813904 0.0052083334885537624 0.03703703731298447
