6 0.5848958492279053 0.24027778208255768 0.004166666883975267 0.013888888992369175
6 0.5893229246139526 0.2541666626930237 0.004687500186264515 0.015740741044282913
6 0.5911458134651184 0.26157405972480774 0.004166666883975267 0.01944444514811039
6 0.58203125 0.23287037014961243 0.0036458333488553762 0.017592592164874077
6 0.5799478888511658 0.22592592239379883 0.0036458333488553762 0.01666666753590107
6 0.5872395634651184 0.24861110746860504 0.0036458333488553762 0.01944444514811039
2 0.484375 0.32592591643333435 0.03229166567325592 0.11296296119689941
8 0.46666666865348816 0.2351851910352707 0.0062500000931322575 0.02222222276031971
1 0.58984375 0.17870371043682098 0.02656250074505806 0.01666666753590107
0 0.5169270634651184 0.30416667461395264 0.004687500186264515 0.028703704476356506
0 0.7244791388511658 0.5763888955116272 0.010416666977107525 0.03611111268401146
0 0.608593761920929 0.48379629850387573 0.0078125 0.0416666679084301
0 0.5210937261581421 0.782870352268219 0.00989583320915699 0.06018518656492233
0 0.3986979126930237 0.36157408356666565 0.006770833395421505 0.032407406717538834
0 0.6117187738418579 0.3986110985279083 0.006770833395421505 0.023148147389292717
0 0.5247395634651184 0.4138889014720917 0.004687500186264515 0.03703703731298447
0 0.71875 0.3949074149131775 0.008333333767950535 0.03611111268401146
0 0.5369791388511658 0.7939814925193787 0.00937500037252903 0.06018518656492233
0 0.657031238079071 0.49444442987442017 0.00989583320915699 0.04259259253740311
0 0.5325520634651184 0.3856481611728668 0.004687500186264515 0.034259259700775146
