6 0.5958333611488342 0.27407407760620117 0.0052083334885537624 0.01666666753590107
6 0.6015625 0.29212963581085205 0.0052083334885537624 0.017592592164874077
6 0.6044270992279053 0.3013888895511627 0.00572916679084301 0.023148147389292717
6 0.5921875238418579 0.2638888955116272 0.004166666883975267 0.020370369777083397
6 0.5895833373069763 0.255092591047287 0.004166666883975267 0.01944444514811039
6 0.5992187261581421 0.2847222089767456 0.004687500186264515 0.021296296268701553
2 0.4817708432674408 0.3791666626930237 0.03750000149011612 0.13425925374031067
8 0.4609375 0.27407407760620117 0.0072916666977107525 0.025925925001502037
1 0.598437488079071 0.19768518209457397 0.02916666679084301 0.01944444514811039
0 0.5231770873069763 0.3601851761341095 0.004687500186264515 0.03333333507180214
0 0.8114583492279053 0.8217592835426331 0.01875000074505806 0.049074072390794754
0 0.6419270634651184 0.647685170173645 0.010937499813735485 0.05277777835726738
0 0.375 0.4472222328186035 0.008333333767950535 0.03888889029622078
0 0.6388021111488342 0.5018518567085266 0.00989583320915699 0.02777777798473835
0 0.5296875238418579 0.5143518447875977 0.0062500000931322575 0.043518517166376114
0 0.7718750238418579 0.49861112236976624 0.012500000186264515 0.043518517166376114
0 0.7153645753860474 0.6523148417472839 0.01614583283662796 0.05277777835726738
0 0.5388020873069763 0.48472222685813904 0.006770833395421505 0.0416666679084301
