6 0.6005208492279053 0.28101852536201477 0.0052083334885537624 0.017592592164874077
6 0.6067708134651184 0.30000001192092896 0.0052083334885537624 0.018518518656492233
6 0.6096354126930237 0.3092592656612396 0.00572916679084301 0.024074073880910873
6 0.5971354246139526 0.27037036418914795 0.004687500186264515 0.020370369777083397
6 0.5942708253860474 0.26157405972480774 0.004166666883975267 0.01944444514811039
6 0.6039062738418579 0.29212963581085205 0.004687500186264515 0.023148147389292717
2 0.48359376192092896 0.38935184478759766 0.0390625 0.1398148089647293
8 0.4622395932674408 0.2819444537162781 0.0078125 0.026851851493120193
1 0.6028645634651184 0.2013888955116272 0.02968749962747097 0.01944444514811039
0 0.5270833373069763 0.3712962865829468 0.004166666883975267 0.03333333507180214
0 0.8364583253860474 0.8870370388031006 0.02083333395421505 0.051851850003004074
0 0.6520833373069763 0.6875 0.012500000186264515 0.05462963134050369
0 0.3723958432674408 0.4652777910232544 0.008333333767950535 0.03981481492519379
0 0.6473958492279053 0.5249999761581421 0.010416666977107525 0.029629629105329514
0 0.5330728888511658 0.5356481671333313 0.006770833395421505 0.04537037014961243
0 0.7861979007720947 0.522685170173645 0.01406249962747097 0.04537037014961243
0 0.7309895753860474 0.6898148059844971 0.01822916604578495 0.0555555559694767
0 0.5424479246139526 0.5060185194015503 0.006770833395421505 0.043518517166376114
