6 0.5950520634651184 0.2708333432674408 0.004687500186264515 0.015740741044282913
6 0.6005208492279053 0.28842592239379883 0.0052083334885537624 0.017592592164874077
6 0.6031249761581421 0.2976851761341095 0.0052083334885537624 0.023148147389292717
6 0.5916666388511658 0.2611111104488373 0.004166666883975267 0.020370369777083397
6 0.5885416865348816 0.25231480598449707 0.004166666883975267 0.01944444514811039
6 0.5981770753860474 0.28101852536201477 0.004687500186264515 0.021296296268701553
2 0.4820312559604645 0.37453705072402954 0.03697916492819786 0.13240741193294525
8 0.46145832538604736 0.27037036418914795 0.0072916666977107525 0.025925925001502037
1 0.59765625 0.19583334028720856 0.02864583395421505 0.01944444514811039
0 0.522656261920929 0.3550925850868225 0.004687500186264515 0.032407406717538834
0 0.801562488079071 0.793055534362793 0.01770833320915699 0.04722222313284874
0 0.6382812261581421 0.6296296119689941 0.010937499813735485 0.051851850003004074
0 0.3776041567325592 0.4384259283542633 0.008333333767950535 0.037962961941957474
0 0.635937511920929 0.49074074625968933 0.00937500037252903 0.02777777798473835
0 0.5291666388511658 0.5037037134170532 0.0062500000931322575 0.04259259253740311
0 0.7661458253860474 0.48750001192092896 0.012500000186264515 0.0416666679084301
0 0.7088541388511658 0.635185182094574 0.015625 0.051851850003004074
0 0.538281261920929 0.4740740656852722 0.00572916679084301 0.040740739554166794
