6 0.5973958373069763 0.27731481194496155 0.0052083334885537624 0.017592592164874077
6 0.6036458611488342 0.29629629850387573 0.0052083334885537624 0.018518518656492233
6 0.606249988079071 0.3055555522441864 0.0052083334885537624 0.024074073880910873
6 0.5940104126930237 0.2671296298503876 0.004687500186264515 0.021296296268701553
6 0.5911458134651184 0.25833332538604736 0.004166666883975267 0.020370369777083397
6 0.600781261920929 0.28796297311782837 0.004687500186264515 0.02222222276031971
2 0.4820312559604645 0.38425925374031067 0.03802083432674408 0.13703703880310059
8 0.4611979126930237 0.27824074029922485 0.0078125 0.026851851493120193
1 0.5997396111488342 0.19953703880310059 0.02968749962747097 0.01944444514811039
0 0.5244791507720947 0.36574074625968933 0.004166666883975267 0.03333333507180214
0 0.8229166865348816 0.8527777791023254 0.01979166641831398 0.05000000074505806
0 0.6463541388511658 0.667129635810852 0.01145833358168602 0.05462963134050369
0 0.37291666865348816 0.45601850748062134 0.008333333767950535 0.03981481492519379
0 0.6424478888511658 0.5134259462356567 0.00989583320915699 0.028703704476356506
0 0.530468761920929 0.5249999761581421 0.006770833395421505 0.04444444552063942
0 0.7778645753860474 0.510185182094574 0.013020833022892475 0.04444444552063942
0 0.7223958373069763 0.6703703999519348 0.01666666753590107 0.05370370298624039
0 0.539843738079071 0.49537035822868347 0.006770833395421505 0.04259259253740311
