6 0.5908854007720947 0.2587963044643402 0.004687500186264515 0.015740741044282913
6 0.5963541865348816 0.27546295523643494 0.0052083334885537624 0.017592592164874077
6 0.5986979007720947 0.2837963104248047 0.004687500186264515 0.021296296268701553
6 0.5877603888511658 0.25 0.0036458333488553762 0.018518518656492233
6 0.585156261920929 0.24259258806705475 0.0036458333488553762 0.018518518656492233
6 0.59375 0.26851850748062134 0.004166666883975267 0.020370369777083397
2 0.4828124940395355 0.3560185134410858 0.03541666641831398 0.125
8 0.4635416567325592 0.25648146867752075 0.0072916666977107525 0.024074073880910873
1 0.5947916507720947 0.1893518567085266 0.02812499925494194 0.017592592164874077
0 0.5200520753860474 0.3351851999759674 0.004687500186264515 0.031481482088565826
0 0.7682291865348816 0.699999988079071 0.014583333395421505 0.04259259253740311
0 0.6260416507720947 0.5689814686775208 0.00937500037252903 0.04722222313284874
0 0.5249999761581421 0.980555534362793 0.01354166679084301 0.03888889029622078
0 0.3856770694255829 0.4078703820705414 0.0078125 0.03611111268401146
0 0.6260416507720947 0.45370370149612427 0.008333333767950535 0.025925925001502037
0 0.52734375 0.46759259700775146 0.00572916679084301 0.040740739554166794
0 0.746874988079071 0.44999998807907104 0.010416666977107525 0.040740739554166794
0 0.5481770634651184 0.9856481552124023 0.013020833022892475 0.028703704476356506
0 0.6875 0.5773147940635681 0.01354166679084301 0.04722222313284874
0 0.535937488079071 0.4384259283542633 0.0052083334885537624 0.037962961941957474
