6 0.5919271111488342 0.26157405972480774 0.004687500186264515 0.015740741044282913
6 0.5973958373069763 0.2787036895751953 0.0052083334885537624 0.01666666753590107
6 0.5997396111488342 0.28703704476356506 0.004687500186264515 0.02222222276031971
6 0.5885416865348816 0.2527777850627899 0.004166666883975267 0.018518518656492233
6 0.5861979126930237 0.244907408952713 0.0036458333488553762 0.01944444514811039
6 0.5947916507720947 0.2717592716217041 0.004166666883975267 0.021296296268701553
2 0.4828124940395355 0.36064815521240234 0.03541666641831398 0.1268518567085266
8 0.46302083134651184 0.260185182094574 0.0072916666977107525 0.024074073880910873
1 0.5953124761581421 0.19074073433876038 0.02812499925494194 0.018518518656492233
0 0.5205729007720947 0.33981481194496155 0.004687500186264515 0.031481482088565826
0 0.7757812738418579 0.7217592597007751 0.015104166232049465 0.043518517166376114
0 0.62890625 0.582870364189148 0.00989583320915699 0.049074072390794754
0 0.38359373807907104 0.4148148000240326 0.0078125 0.03703703731298447
0 0.6286458373069763 0.4625000059604645 0.008333333767950535 0.026851851493120193
0 0.5278645753860474 0.47592592239379883 0.00572916679084301 0.040740739554166794
0 0.7515624761581421 0.45879629254341125 0.010416666977107525 0.03981481492519379
0 0.6927083134651184 0.5907407402992249 0.01354166679084301 0.04814814776182175
0 0.5364583134651184 0.44675925374031067 0.0052083334885537624 0.03981481492519379
