6 0.612500011920929 0.2916666567325592 0.0052083334885537624 0.018518518656492233
6 0.6192708611488342 0.3125 0.0062500000931322575 0.01944444514811039
6 0.6221354007720947 0.322685182094574 0.00572916679084301 0.02500000037252903
6 0.608593761920929 0.2805555462837219 0.004687500186264515 0.02222222276031971
6 0.6057291626930237 0.2708333432674408 0.004166666883975267 0.021296296268701553
6 0.6161458492279053 0.3037036955356598 0.0052083334885537624 0.024074073880910873
2 0.4911458194255829 0.4046296179294586 0.04062499850988388 0.14629629254341125
8 0.4690104126930237 0.2935185134410858 0.0078125 0.02777777798473835
1 0.6143229007720947 0.2074074000120163 0.03072916716337204 0.020370369777083397
0 0.5377604365348816 0.38935184478759766 0.004687500186264515 0.034259259700775146
0 0.8851562738418579 0.9893518686294556 0.02656250074505806 0.021296296268701553
0 0.672656238079071 0.7560185194015503 0.01406249962747097 0.06018518656492233
0 0.3723958432674408 0.4921296238899231 0.00937500037252903 0.0416666679084301
0 0.6651041507720947 0.5638889074325562 0.01145833358168602 0.031481482088565826
0 0.5419270992279053 0.5708333253860474 0.0078125 0.04722222313284874
0 0.8151041865348816 0.5648148059844971 0.015625 0.04814814776182175
0 0.3895833194255829 0.22268518805503845 0.004166666883975267 0.021296296268701553
0 0.7614583373069763 0.7550926208496094 0.02083333395421505 0.06018518656492233
0 0.5518229007720947 0.5416666865348816 0.0078125 0.046296294778585434
