6 0.6213541626930237 0.31111112236976624 0.0062500000931322575 0.020370369777083397
6 0.62890625 0.33472222089767456 0.006770833395421505 0.021296296268701553
6 0.6325520873069763 0.34675925970077515 0.006770833395421505 0.026851851493120193
6 0.6171875 0.2986111044883728 0.0052083334885537624 0.023148147389292717
6 0.6135416626930237 0.28796297311782837 0.0052083334885537624 0.02222222276031971
6 0.6255208253860474 0.32499998807907104 0.0062500000931322575 0.025925925001502037
2 0.4921875 0.4342592656612396 0.04374999925494194 0.16111111640930176
8 0.46796876192092896 0.317592591047287 0.008854166604578495 0.029629629105329514
1 0.6208333373069763 0.2171296328306198 0.03229166567325592 0.021296296268701553
0 0.5450521111488342 0.42500001192092896 0.00572916679084301 0.03703703731298447
0 0.706250011920929 0.9055555462837219 0.01979166641831398 0.06666667014360428
0 0.35885417461395264 0.5518518686294556 0.010416666977107525 0.046296294778585434
0 0.6885416507720947 0.6425926089286804 0.01354166679084301 0.035185184329748154
0 0.5481770634651184 0.6435185074806213 0.008854166604578495 0.051851850003004074
0 0.8591145873069763 0.645370364189148 0.02031249925494194 0.05370370298624039
0 0.38671875 0.23425926268100739 0.004687500186264515 0.02222222276031971
0 0.813281238079071 0.8902778029441833 0.02760416641831398 0.06759259104728699
0 0.5591145753860474 0.6143518686294556 0.008854166604578495 0.05092592537403107
