6 0.6260416507720947 0.3236111104488373 0.0062500000931322575 0.021296296268701553
6 0.6343749761581421 0.34861111640930176 0.0072916666977107525 0.023148147389292717
6 0.6380208134651184 0.36157408356666565 0.0072916666977107525 0.028703704476356506
6 0.62109375 0.31018519401550293 0.00572916679084301 0.024074073880910873
6 0.6177083253860474 0.2986111044883728 0.0052083334885537624 0.023148147389292717
6 0.6304687261581421 0.3384259343147278 0.006770833395421505 0.026851851493120193
2 0.4919270873069763 0.45370370149612427 0.04531250149011612 0.17037037014961243
8 0.4664062559604645 0.3333333432674408 0.008854166604578495 0.031481482088565826
1 0.6244791746139526 0.2231481522321701 0.03333333507180214 0.02222222276031971
0 0.5489583611488342 0.44907405972480774 0.0062500000931322575 0.03888889029622078
0 0.7315104007720947 0.9930555820465088 0.0234375 0.013888888992369175
0 0.34843748807907104 0.5935184955596924 0.01145833358168602 0.04814814776182175
0 0.7041666507720947 0.6981481313705444 0.015625 0.03888889029622078
0 0.5513020753860474 0.6939814686775208 0.00989583320915699 0.05462963134050369
0 0.8893229365348816 0.7027778029441833 0.0234375 0.05740740895271301
0 0.3841145932674408 0.24166665971279144 0.004687500186264515 0.02222222276031971
0 0.8505208492279053 0.9768518805503845 0.03125 0.046296294778585434
0 0.5630208253860474 0.6662036776542664 0.00937500037252903 0.05462963134050369
