6 0.6200520992279053 0.30694442987442017 0.00572916679084301 0.01944444514811039
6 0.6273437738418579 0.33009257912635803 0.006770833395421505 0.021296296268701553
6 0.6307291388511658 0.3421296179294586 0.0062500000931322575 0.026851851493120193
6 0.6156250238418579 0.29490742087364197 0.0052083334885537624 0.023148147389292717
6 0.6122395992279053 0.28425925970077515 0.004687500186264515 0.02222222276031971
6 0.6239583492279053 0.32083332538604736 0.0062500000931322575 0.02500000037252903
2 0.4924479126930237 0.42824074625968933 0.04322916641831398 0.15833333134651184
8 0.46875 0.31296294927597046 0.008333333767950535 0.029629629105329514
1 0.6200520992279053 0.2152777761220932 0.03177083283662796 0.021296296268701553
0 0.543749988079071 0.4175925850868225 0.0052083334885537624 0.03703703731298447
0 0.69921875 0.8722222447395325 0.01822916604578495 0.06481481343507767
0 0.3619791567325592 0.5388888716697693 0.010416666977107525 0.04444444552063942
0 0.6838541626930237 0.6259258985519409 0.01354166679084301 0.035185184329748154
0 0.5471354126930237 0.6282407641410828 0.008854166604578495 0.05092592537403107
0 0.8500000238418579 0.6277777552604675 0.01875000074505806 0.051851850003004074
0 0.38749998807907104 0.23148147761821747 0.004166666883975267 0.02222222276031971
0 0.8020833134651184 0.8611111044883728 0.02604166604578495 0.06666667014360428
0 0.557812511920929 0.5981481671333313 0.008333333767950535 0.05000000074505806
