6 0.6229166388511658 0.3152777850627899 0.0062500000931322575 0.01944444514811039
6 0.6307291388511658 0.33888888359069824 0.0072916666977107525 0.02222222276031971
6 0.6341145634651184 0.35185185074806213 0.006770833395421505 0.02777777798473835
6 0.6182291507720947 0.302314817905426 0.0052083334885537624 0.023148147389292717
6 0.6148437261581421 0.29120370745658875 0.004687500186264515 0.023148147389292717
6 0.6270833611488342 0.3291666805744171 0.0062500000931322575 0.02500000037252903
2 0.4919270873069763 0.4407407343387604 0.0442708320915699 0.1648148149251938
8 0.4674479067325592 0.322685182094574 0.008854166604578495 0.03055555559694767
1 0.6221354007720947 0.21944443881511688 0.03281249850988388 0.02222222276031971
0 0.5463541746139526 0.43287035822868347 0.0052083334885537624 0.037962961941957474
0 0.714062511920929 0.9416666626930237 0.02083333395421505 0.06851851940155029
0 0.35546875 0.5648148059844971 0.010937499813735485 0.046296294778585434
0 0.6934896111488342 0.6601851582527161 0.01406249962747097 0.03703703731298447
0 0.5489583611488342 0.6597222089767456 0.00937500037252903 0.05277777835726738
0 0.8687499761581421 0.6634259223937988 0.02083333395421505 0.05462963134050369
0 0.38593751192092896 0.23657406866550446 0.004166666883975267 0.023148147389292717
0 0.8247395753860474 0.9212962985038757 0.02864583395421505 0.07037036865949631
0 0.5604166388511658 0.6305555701255798 0.00937500037252903 0.051851850003004074
