6 0.6294270753860474 0.3324074149131775 0.006770833395421505 0.02222222276031971
6 0.6380208134651184 0.3592592477798462 0.0072916666977107525 0.024074073880910873
6 0.6421874761581421 0.3722222149372101 0.0072916666977107525 0.029629629105329514
6 0.624218761920929 0.31805557012557983 0.00572916679084301 0.02500000037252903
6 0.620312511920929 0.3055555522441864 0.0052083334885537624 0.024074073880910873
6 0.6341145634651184 0.34768518805503845 0.006770833395421505 0.026851851493120193
2 0.4919270873069763 0.46759259700775146 0.04739583283662796 0.17777778208255768
8 0.46536457538604736 0.34398147463798523 0.00989583320915699 0.032407406717538834
1 0.6265624761581421 0.22777777910232544 0.03437500074505806 0.02222222276031971
0 0.5518229007720947 0.46666666865348816 0.006770833395421505 0.040740739554166794
0 0.34062498807907104 0.625 0.012500000186264515 0.05000000074505806
0 0.7161458134651184 0.7407407164573669 0.01666666753590107 0.040740739554166794
0 0.553906261920929 0.7319444417953491 0.010937499813735485 0.05648148059844971
0 0.9125000238418579 0.7462962865829468 0.02604166604578495 0.05925925821065903
0 0.38203126192092896 0.24675926566123962 0.004687500186264515 0.023148147389292717
0 0.5661458373069763 0.7050926089286804 0.010416666977107525 0.05648148059844971
