6 0.64453125 0.3731481432914734 0.0078125 0.025925925001502037
6 0.6557291746139526 0.4069444537162781 0.00937500037252903 0.028703704476356506
6 0.660937488079071 0.4236111044883728 0.00937500037252903 0.034259259700775146
6 0.6382812261581421 0.3550925850868225 0.006770833395421505 0.028703704476356506
6 0.6333333253860474 0.3402777910232544 0.0062500000931322575 0.026851851493120193
6 0.6505208611488342 0.39259257912635803 0.008333333767950535 0.031481482088565826
7 0.34166666865348816 0.25462964177131653 0.015625 0.02222222276031971
2 0.49140626192092896 0.5333333611488342 0.05364583432674408 0.2092592567205429
8 0.4598958194255829 0.3976851999759674 0.01145833358168602 0.037962961941957474
1 0.63671875 0.24675926566123962 0.03697916492819786 0.02500000037252903
0 0.5651041865348816 0.5546296238899231 0.00937500037252903 0.04814814776182175
0 0.2984375059604645 0.7935185432434082 0.01875000074505806 0.05925925821065903
0 0.7846354246139526 0.9777777791023254 0.02552083320915699 0.04444444552063942
0 0.5674479007720947 0.9393518567085266 0.01406249962747097 0.06759259104728699
0 0.3734374940395355 0.26944443583488464 0.0052083334885537624 0.025925925001502037
0 0.5838541388511658 0.9268518686294556 0.014583333395421505 0.06851851940155029
