6 0.6403645873069763 0.3620370328426361 0.0078125 0.024074073880910873
6 0.6507812738418579 0.3930555582046509 0.008854166604578495 0.026851851493120193
6 0.6557291746139526 0.4097222089767456 0.008333333767950535 0.032407406717538834
6 0.6343749761581421 0.34490740299224854 0.0062500000931322575 0.026851851493120193
6 0.629687488079071 0.3305555582046509 0.0062500000931322575 0.025925925001502037
6 0.6460937261581421 0.380092591047287 0.0078125 0.03055555559694767
7 0.3450520932674408 0.2490740716457367 0.015104166232049465 0.02222222276031971
2 0.49166667461395264 0.5148147940635681 0.0520833320915699 0.20000000298023224
8 0.46145832538604736 0.38240739703178406 0.010416666977107525 0.03703703731298447
1 0.6338541507720947 0.24166665971279144 0.0364583320915699 0.024074073880910873
0 0.5614583492279053 0.5287036895751953 0.008333333767950535 0.046296294778585434
0 0.3114583194255829 0.7421296238899231 0.01666666753590107 0.05648148059844971
0 0.7632812261581421 0.9064815044403076 0.02239583246409893 0.05000000074505806
0 0.563281238079071 0.8759258985519409 0.013020833022892475 0.06481481343507767
0 0.9927083253860474 0.9194444417953491 0.014583333395421505 0.06851851940155029
0 0.37578123807907104 0.26342591643333435 0.004687500186264515 0.02500000037252903
0 0.5783854126930237 0.8578703999519348 0.013020833022892475 0.06574074178934097
