6 0.6343749761581421 0.3462963104248047 0.0072916666977107525 0.02222222276031971
6 0.6442708373069763 0.37546294927597046 0.008333333767950535 0.02500000037252903
6 0.6484375 0.39027777314186096 0.008333333767950535 0.03055555559694767
6 0.6291666626930237 0.3305555582046509 0.0062500000931322575 0.025925925001502037
6 0.6247395873069763 0.317592591047287 0.00572916679084301 0.024074073880910873
6 0.6395833492279053 0.36342594027519226 0.0072916666977107525 0.028703704476356506
2 0.49166667461395264 0.4902777671813965 0.04895833507180214 0.18796296417713165
8 0.4635416567325592 0.36250001192092896 0.010416666977107525 0.034259259700775146
1 0.6302083134651184 0.23472222685813904 0.03541666641831398 0.023148147389292717
0 0.5565103888511658 0.4958333373069763 0.0078125 0.043518517166376114
0 0.3270833194255829 0.6782407164573669 0.014583333395421505 0.05277777835726738
0 0.7372395992279053 0.8152777552604675 0.01927083358168602 0.04537037014961243
0 0.5583333373069763 0.7976852059364319 0.01145833358168602 0.06018518656492233
0 0.9536458253860474 0.8236111402511597 0.03125 0.06388889253139496
0 0.37890625 0.25462964177131653 0.004687500186264515 0.024074073880910873
0 0.5716145634651184 0.7740740776062012 0.01197916641831398 0.06111111119389534
