6 0.6382812261581421 0.35648149251937866 0.0078125 0.024074073880910873
6 0.6484375 0.38749998807907104 0.008333333767950535 0.026851851493120193
6 0.653124988079071 0.40324074029922485 0.008333333767950535 0.032407406717538834
6 0.6325520873069763 0.3402777910232544 0.006770833395421505 0.026851851493120193
6 0.628125011920929 0.32592591643333435 0.0062500000931322575 0.025925925001502037
6 0.643750011920929 0.3740740716457367 0.0072916666977107525 0.029629629105329514
7 0.3466145694255829 0.24629630148410797 0.015104166232049465 0.02222222276031971
2 0.49166667461395264 0.5060185194015503 0.05104166641831398 0.1953703761100769
8 0.4619791805744171 0.37546294927597046 0.010416666977107525 0.03611111268401146
1 0.6325520873069763 0.23935185372829437 0.03593749925494194 0.023148147389292717
0 0.5598958134651184 0.5171296000480652 0.008333333767950535 0.04537037014961243
0 0.31692707538604736 0.7194444537162781 0.01614583283662796 0.0555555559694767
0 0.75390625 0.8740741014480591 0.02135416679084301 0.04814814776182175
0 0.5614583492279053 0.8481481671333313 0.012500000186264515 0.06296296417713165
0 0.984375 0.885185182094574 0.03125 0.06666667014360428
0 0.37682291865348816 0.2606481611728668 0.004687500186264515 0.02500000037252903
0 0.5760416388511658 0.8282407522201538 0.012500000186264515 0.06388889253139496
