6 0.6309896111488342 0.33703702688217163 0.006770833395421505 0.02222222276031971
6 0.639843761920929 0.3643518388271332 0.0078125 0.02500000037252903
6 0.6440104246139526 0.3782407343387604 0.0078125 0.03055555559694767
6 0.625781238079071 0.32175925374031067 0.00572916679084301 0.02500000037252903
6 0.6216145753860474 0.3092592656612396 0.00572916679084301 0.024074073880910873
6 0.6356770992279053 0.35277777910232544 0.006770833395421505 0.02777777798473835
2 0.4919270873069763 0.47453704476356506 0.04739583283662796 0.1805555522441864
8 0.46484375 0.3499999940395355 0.00989583320915699 0.03333333507180214
1 0.6276041865348816 0.2300925999879837 0.03437500074505806 0.023148147389292717
0 0.5533854365348816 0.47546297311782837 0.0078125 0.0416666679084301
0 0.33645832538604736 0.6412037014961243 0.01354166679084301 0.05092592537403107
0 0.7229166626930237 0.7634259462356567 0.01770833320915699 0.0416666679084301
0 0.555468738079071 0.7523148059844971 0.010937499813735485 0.05833333358168602
0 0.9252604246139526 0.770370364189148 0.02760416641831398 0.06111111119389534
0 0.38098958134651184 0.2490740716457367 0.004687500186264515 0.024074073880910873
0 0.5679687261581421 0.7263888716697693 0.010937499813735485 0.05833333358168602
