6 0.6424478888511658 0.3671296238899231 0.0078125 0.02500000037252903
6 0.653124988079071 0.4000000059604645 0.00937500037252903 0.02777777798473835
6 0.6583333611488342 0.4166666567325592 0.00937500037252903 0.03333333507180214
6 0.6361979246139526 0.3499999940395355 0.006770833395421505 0.02777777798473835
6 0.6315104365348816 0.3351851999759674 0.006770833395421505 0.025925925001502037
6 0.6481770873069763 0.3861111104488373 0.0078125 0.031481482088565826
7 0.3434895873069763 0.2518518567085266 0.015104166232049465 0.02222222276031971
2 0.49140626192092896 0.5236111283302307 0.05260416492819786 0.20462962985038757
8 0.4606770873069763 0.3898148238658905 0.010937499813735485 0.03703703731298447
1 0.6354166865348816 0.24444444477558136 0.0364583320915699 0.024074073880910873
0 0.563281238079071 0.5412036776542664 0.008854166604578495 0.04722222313284874
0 0.30520832538604736 0.7666666507720947 0.01770833320915699 0.05740740895271301
0 0.7734375 0.9425926208496094 0.02395833283662796 0.051851850003004074
0 0.5653645992279053 0.9064815044403076 0.01406249962747097 0.06666667014360428
0 0.3747395873069763 0.26620370149612427 0.004687500186264515 0.02500000037252903
0 0.5809895992279053 0.8907407522201538 0.01406249962747097 0.06666667014360428
