6 0.6536458134651184 0.39722222089767456 0.00937500037252903 0.02777777798473835
6 0.6664062738418579 0.4356481432914734 0.010937499813735485 0.03055555559694767
6 0.6723958253860474 0.45509257912635803 0.010416666977107525 0.037962961941957474
6 0.6466146111488342 0.3768518567085266 0.0078125 0.029629629105329514
6 0.6408854126930237 0.3601851761341095 0.006770833395421505 0.02777777798473835
6 0.6604166626930237 0.41898149251937866 0.00937500037252903 0.034259259700775146
2 0.4911458194255829 0.5731481313705444 0.05833333358168602 0.22962963581085205
8 0.45625001192092896 0.43101853132247925 0.012500000186264515 0.0416666679084301
1 0.6424478888511658 0.25740739703178406 0.0390625 0.025925925001502037
0 0.5731770992279053 0.6120370626449585 0.010937499813735485 0.051851850003004074
0 0.26770833134651184 0.9157407283782959 0.02291666716337204 0.06481481343507767
0 0.3687500059604645 0.28240740299224854 0.0052083334885537624 0.025925925001502037
