6 0.6489583253860474 0.385185182094574 0.008333333767950535 0.025925925001502037
6 0.660937488079071 0.4208333194255829 0.010416666977107525 0.03055555559694767
6 0.6664062738418579 0.4393518567085266 0.00989583320915699 0.03611111268401146
6 0.6421874761581421 0.36574074625968933 0.0072916666977107525 0.029629629105329514
6 0.6372395753860474 0.3499999940395355 0.006770833395421505 0.02777777798473835
6 0.655468761920929 0.4055555462837219 0.008854166604578495 0.03333333507180214
2 0.49140626192092896 0.5527777671813965 0.05572916567325592 0.21851852536201477
8 0.4580729305744171 0.4138889014720917 0.01197916641831398 0.040740739554166794
1 0.6393229365348816 0.25231480598449707 0.03802083432674408 0.02500000037252903
0 0.5690104365348816 0.5824074149131775 0.00989583320915699 0.05000000074505806
0 0.2838541567325592 0.8513888716697693 0.02083333395421505 0.06203703582286835
0 0.5721353888511658 0.9884259104728699 0.01614583283662796 0.023148147389292717
0 0.37109375 0.2759259343147278 0.00572916679084301 0.025925925001502037
0 0.5903645753860474 0.9851852059364319 0.015104166232049465 0.029629629105329514
