6 0.6976562738418579 0.5143518447875977 0.01406249962747097 0.03981481492519379
6 0.7197916507720947 0.5791666507720947 0.01770833320915699 0.04722222313284874
6 0.7309895753860474 0.6138888597488403 0.01718750037252903 0.05370370298624039
6 0.6856771111488342 0.4810185134410858 0.01197916641831398 0.03981481492519379
6 0.676562488079071 0.4541666805744171 0.010416666977107525 0.037962961941957474
6 0.7093750238418579 0.5504629611968994 0.014583333395421505 0.04722222313284874
7 0.30546873807907104 0.3166666626930237 0.02031249925494194 0.02777777798473835
2 0.49010416865348816 0.7800925970077515 0.0833333358168602 0.3453703820705414
8 0.4377604126930237 0.6092592477798462 0.01822916604578495 0.06111111119389534
1 0.667187511920929 0.3046296238899231 0.046875 0.031481482088565826
0 0.6187499761581421 0.9597222208976746 0.01875000074505806 0.07129629701375961
0 0.34713542461395264 0.3402777910232544 0.006770833395421505 0.03055555559694767
