6 0.682812511920929 0.4749999940395355 0.012500000186264515 0.035185184329748154
6 0.7015625238418579 0.5300925970077515 0.014583333395421505 0.0416666679084301
6 0.7106770873069763 0.5587962865829468 0.015104166232049465 0.04722222313284874
6 0.6723958253860474 0.4462963044643402 0.010416666977107525 0.03703703731298447
6 0.6645833253860474 0.4226851761341095 0.00937500037252903 0.034259259700775146
6 0.6927083134651184 0.5060185194015503 0.012500000186264515 0.0416666679084301
7 0.3148437440395355 0.3004629611968994 0.01927083358168602 0.026851851493120193
2 0.4906249940395355 0.7083333134651184 0.07395832985639572 0.3037036955356598
8 0.44453126192092896 0.5458333492279053 0.01614583283662796 0.05462963134050369
1 0.659375011920929 0.2898148000240326 0.04374999925494194 0.029629629105329514
0 0.6015625 0.8277778029441833 0.015625 0.06481481343507767
0 0.3539062440395355 0.3222222328186035 0.006770833395421505 0.029629629105329514
