6 0.6794270873069763 0.4662036895751953 0.01197916641831398 0.034259259700775146
6 0.6973958611488342 0.5189814567565918 0.014583333395421505 0.03981481492519379
6 0.706250011920929 0.5462962985038757 0.014583333395421505 0.046296294778585434
6 0.6695312261581421 0.4384259283542633 0.00989583320915699 0.03611111268401146
6 0.6619791388511658 0.4157407283782959 0.00937500037252903 0.03333333507180214
6 0.6890624761581421 0.4958333373069763 0.012500000186264515 0.0416666679084301
7 0.31718748807907104 0.29629629850387573 0.01875000074505806 0.025925925001502037
2 0.4906249940395355 0.6921296119689941 0.07187499850988388 0.2935185134410858
8 0.44583332538604736 0.5319444537162781 0.015625 0.05277777835726738
1 0.6575520634651184 0.28611111640930176 0.04322916641831398 0.029629629105329514
0 0.5981770753860474 0.800000011920929 0.015104166232049465 0.06296296417713165
0 0.3557291626930237 0.317592591047287 0.0062500000931322575 0.029629629105329514
