6 0.7419270873069763 0.6333333253860474 0.02031249925494194 0.05370370298624039
6 0.7770833373069763 0.7337962985038757 0.02604166604578495 0.06759259104728699
6 0.7955729365348816 0.7879629731178284 0.02760416641831398 0.07407407462596893
6 0.7242187261581421 0.5833333134651184 0.01614583283662796 0.05000000074505806
6 0.7109375 0.5444444417953491 0.014583333395421505 0.046296294778585434
6 0.7604166865348816 0.6879629492759705 0.02187499962747097 0.06111111119389534
7 0.2799479067325592 0.3592592477798462 0.0234375 0.031481482088565826
2 0.48828125 0.8833333253860474 0.11406250298023224 0.23333333432674408
7 0.24322916567325592 0.3592592477798462 0.02604166604578495 0.029629629105329514
8 0.41484373807907104 0.8259259462356567 0.02656250074505806 0.08703703433275223
1 0.688281238079071 0.3444444537162781 0.05364583432674408 0.035185184329748154
0 0.328125 0.39120370149612427 0.008333333767950535 0.034259259700775146
