6 0.7486979365348816 0.6504629850387573 0.02135416679084301 0.05648148059844971
6 0.7856770753860474 0.7564814686775208 0.02760416641831398 0.07037036865949631
6 0.8052083253860474 0.8143518567085266 0.02916666679084301 0.07685185223817825
6 0.7294270992279053 0.5981481671333313 0.01718750037252903 0.051851850003004074
6 0.7153645753860474 0.5574073791503906 0.015104166232049465 0.04814814776182175
6 0.7682291865348816 0.707870364189148 0.02291666716337204 0.06388889253139496
7 0.27656251192092896 0.364814817905426 0.02395833283662796 0.031481482088565826
2 0.48828125 0.895370364189148 0.11927083134651184 0.2092592567205429
7 0.23932291567325592 0.364814817905426 0.02656250074505806 0.029629629105329514
8 0.4114583432674408 0.8606481552124023 0.02812499925494194 0.09166666865348816
1 0.6908854246139526 0.34953704476356506 0.0546875 0.03611111268401146
0 0.3255208432674408 0.39814814925193787 0.008333333767950535 0.035185184329748154
