6 0.7359374761581421 0.6175925731658936 0.01979166641831398 0.051851850003004074
6 0.7692708373069763 0.7120370268821716 0.02500000037252903 0.06481481343507767
6 0.7864583134651184 0.7634259462356567 0.02604166604578495 0.07129629701375961
6 0.71875 0.5694444179534912 0.015625 0.04814814776182175
6 0.7059895992279053 0.532870352268219 0.01406249962747097 0.04537037014961243
6 0.7533854246139526 0.6689814925193787 0.02031249925494194 0.06018518656492233
7 0.28333333134651184 0.3541666567325592 0.02291666716337204 0.03055555559694767
2 0.4885416626930237 0.8722222447395325 0.109375 0.25555557012557983
7 0.24687500298023224 0.3541666567325592 0.02604166604578495 0.028703704476356506
8 0.41796875 0.7939814925193787 0.02552083320915699 0.08425925672054291
1 0.6856771111488342 0.3393518626689911 0.05260416492819786 0.03611111268401146
0 0.33020833134651184 0.3847222328186035 0.008333333767950535 0.034259259700775146
