6 0.73046875 0.6027777791023254 0.01822916604578495 0.05000000074505806
6 0.76171875 0.6921296119689941 0.0234375 0.06203703582286835
6 0.7778645753860474 0.7412037253379822 0.02447916753590107 0.06759259104728699
6 0.7143229246139526 0.5569444298744202 0.015104166232049465 0.04722222313284874
6 0.7020833492279053 0.5217592716217041 0.01354166679084301 0.043518517166376114
6 0.746874988079071 0.6518518328666687 0.01979166641831398 0.05740740895271301
7 0.2861979305744171 0.34861111640930176 0.02239583246409893 0.03055555559694767
2 0.48906248807907104 0.8620370626449585 0.10520832985639572 0.2759259343147278
7 0.25052082538604736 0.34861111640930176 0.02500000037252903 0.028703704476356506
8 0.42109376192092896 0.7652778029441833 0.02447916753590107 0.08055555820465088
1 0.6830729246139526 0.33472222089767456 0.05156249925494194 0.034259259700775146
0 0.33281248807907104 0.3787037134170532 0.008333333767950535 0.03333333507180214
