6 0.7252604365348816 0.5884259343147278 0.01822916604578495 0.049074072390794754
6 0.7549479007720947 0.6740740537643433 0.02239583246409893 0.05925925821065903
6 0.7705729007720947 0.7199074029922485 0.0234375 0.06574074178934097
6 0.7096354365348816 0.5444444417953491 0.01406249962747097 0.046296294778585434
6 0.6981770992279053 0.5111111402511597 0.013020833022892475 0.04259259253740311
6 0.7411458492279053 0.635185182094574 0.01875000074505806 0.0555555559694767
7 0.2893229126930237 0.34398147463798523 0.02239583246409893 0.03055555559694767
2 0.4893229305744171 0.8527777791023254 0.1015625 0.2944444417953491
7 0.25390625 0.34351852536201477 0.02447916753590107 0.02777777798473835
8 0.4242187440395355 0.7384259104728699 0.0234375 0.07685185223817825
1 0.6807291507720947 0.33009257912635803 0.05104166641831398 0.034259259700775146
0 0.3348958194255829 0.3731481432914734 0.008333333767950535 0.03333333507180214
