6 0.7151041626930237 0.5615741014480591 0.01666666753590107 0.04537037014961243
6 0.7419270873069763 0.6393518447875977 0.02031249925494194 0.05462963134050369
6 0.7557291388511658 0.6805555820465088 0.02083333395421505 0.06111111119389534
6 0.7010416388511658 0.5217592716217041 0.01354166679084301 0.043518517166376114
6 0.6903645992279053 0.49074074625968933 0.01197916641831398 0.040740739554166794
6 0.7294270992279053 0.6041666865348816 0.01718750037252903 0.05277777835726738
7 0.29505208134651184 0.3342592716217041 0.02135416679084301 0.029629629105329514
2 0.4893229305744171 0.8347222208976746 0.09427083283662796 0.3305555582046509
7 0.2604166567325592 0.33379629254341125 0.02395833283662796 0.026851851493120193
8 0.42916667461395264 0.6898148059844971 0.02187499962747097 0.07037036865949631
1 0.67578125 0.3212963044643402 0.0494791679084301 0.03333333507180214
0 0.33932292461395264 0.36157408356666565 0.0078125 0.032407406717538834
