6 0.7848958373069763 0.7476851940155029 0.02708333358168602 0.0694444477558136
6 0.8354166746139526 0.8902778029441833 0.03750000149011612 0.09166666865348816
6 0.8627604246139526 0.9611111283302307 0.04010416567325592 0.07777778059244156
6 0.7601562738418579 0.6787037253379822 0.02135416679084301 0.06111111119389534
6 0.7421875 0.6273148059844971 0.01875000074505806 0.05462963134050369
6 0.8109375238418579 0.8231481313705444 0.03020833246409893 0.07777778059244156
7 0.2591145932674408 0.3949074149131775 0.02656250074505806 0.034259259700775146
2 0.4869791567325592 0.9634259343147278 0.15208333730697632 0.07314814627170563
7 0.21875 0.39444443583488464 0.02916666679084301 0.031481482088565826
7 0.17786458134651184 0.3930555582046509 0.02864583395421505 0.034259259700775146
1 0.7052083611488342 0.3768518567085266 0.05937499925494194 0.040740739554166794
0 0.31171876192092896 0.4337962865829468 0.00989583320915699 0.037962961941957474
