6 0.9028645753860474 0.5185185074806213 0.0234375 0.04259259253740311
6 0.89453125 0.5513888597488403 0.01718750037252903 0.04537037014961243
6 0.9317708611488342 0.41018518805503845 0.012500000186264515 0.031481482088565826
6 0.8783854246139526 0.595370352268219 0.01822916604578495 0.046296294778585434
2 0.987500011920929 0.11296296119689941 0.02395833283662796 0.03703703731298447
7 0.9830729365348816 0.12731482088565826 0.006770833395421505 0.012037036940455437
2 0.983593761920929 0.12083332985639572 0.02552083320915699 0.03981481492519379
1 0.5252603888511658 0.8462963104248047 0.10572917014360428 0.20000000298023224
0 0.956250011920929 0.2541666626930237 0.00937500037252903 0.02500000037252903
0 0.7796875238418579 0.33379629254341125 0.00937500037252903 0.03055555559694767
0 0.9359375238418579 0.12916666269302368 0.0052083334885537624 0.013888888992369175
0 0.9651041626930237 0.23148147761821747 0.008333333767950535 0.02222222276031971
0 0.9598958492279053 0.29027777910232544 0.010416666977107525 0.026851851493120193
0 0.9057291746139526 0.3791666626930237 0.012500000186264515 0.034259259700775146
0 0.9471353888511658 0.11620370298624039 0.004687500186264515 0.012037036940455437
0 0.6820312738418579 0.4893518388271332 0.010937499813735485 0.043518517166376114
0 0.9705728888511658 0.08935185521841049 0.0036458333488553762 0.010185184888541698
0 0.936718761920929 0.1310185194015503 0.004687500186264515 0.013888888992369175
0 0.9752604365348816 0.19398148357868195 0.0078125 0.01944444514811039
0 0.9255208373069763 0.15925925970077515 0.0052083334885537624 0.01666666753590107
0 0.852343738079071 0.23749999701976776 0.0078125 0.023148147389292717
