6 0.8903645873069763 0.5185185074806213 0.02239583246409893 0.04259259253740311
6 0.8830729126930237 0.5527777671813965 0.01614583283662796 0.046296294778585434
6 0.9158853888511658 0.40833333134651184 0.01197916641831398 0.031481482088565826
6 0.8682291507720947 0.5981481671333313 0.01770833320915699 0.046296294778585434
2 0.9622395634651184 0.11064814776182175 0.02239583246409893 0.03611111268401146
2 0.9588541388511658 0.11851851642131805 0.02395833283662796 0.03888889029622078
1 0.515625 0.8763889074325562 0.10833333432674408 0.21388888359069824
0 0.9356771111488342 0.2509259283542633 0.008854166604578495 0.024074073880910873
0 0.7653645873069763 0.3333333432674408 0.008854166604578495 0.031481482088565826
0 0.9127604365348816 0.1268518567085266 0.004687500186264515 0.012962962500751019
0 0.9437500238418579 0.22870370745658875 0.008333333767950535 0.02222222276031971
0 0.9401041865348816 0.28703704476356506 0.010416666977107525 0.02777777798473835
0 0.8901041746139526 0.3782407343387604 0.012500000186264515 0.034259259700775146
0 0.9234374761581421 0.11435185372829437 0.004166666883975267 0.012037036940455437
0 0.6713541746139526 0.494907408952713 0.010416666977107525 0.043518517166376114
0 0.9450520873069763 0.08749999850988388 0.0036458333488553762 0.010185184888541698
0 0.9138020873069763 0.12824073433876038 0.004687500186264515 0.013888888992369175
0 0.9526041746139526 0.19074073433876038 0.0072916666977107525 0.018518518656492233
0 0.9036458134651184 0.15694443881511688 0.0052083334885537624 0.015740741044282913
0 0.8343750238418579 0.23564815521240234 0.0072916666977107525 0.023148147389292717
