6 0.9268229007720947 0.5180555582046509 0.02447916753590107 0.0416666679084301
6 0.8981770873069763 0.5898148417472839 0.01927083358168602 0.04444444552063942
1 0.54296875 0.7953703999519348 0.10052083432674408 0.17777778208255768
0 0.995312511920929 0.2611111104488373 0.00937500037252903 0.025925925001502037
0 0.8065103888511658 0.3342592716217041 0.00989583320915699 0.031481482088565826
0 0.981249988079071 0.13379628956317902 0.0052083334885537624 0.013888888992369175
0 0.99609375 0.2967592477798462 0.0078125 0.028703704476356506
0 0.9361979365348816 0.38240739703178406 0.013020833022892475 0.035185184329748154
0 0.9937499761581421 0.12083332985639572 0.0052083334885537624 0.012037036940455437
0 0.7020833492279053 0.4800925850868225 0.01145833358168602 0.0416666679084301
0 0.9820312261581421 0.13564814627170563 0.00572916679084301 0.013888888992369175
0 0.9682291746139526 0.1648148149251938 0.0062500000931322575 0.01666666753590107
0 0.8869791626930237 0.24166665971279144 0.008333333767950535 0.024074073880910873
