6 0.7614583373069763 0.5078703761100769 0.01666666753590107 0.0416666679084301
6 0.7611979246139526 0.5481481552124023 0.00989583320915699 0.04814814776182175
6 0.7643229365348816 0.38425925374031067 0.006770833395421505 0.031481482088565826
6 0.7562500238418579 0.6037036776542664 0.01145833358168602 0.05000000074505806
2 0.7557291388511658 0.09444444626569748 0.014583333395421505 0.031481482088565826
2 0.7544270753860474 0.10138888657093048 0.015104166232049465 0.034259259700775146
0 0.7559896111488342 0.22453702986240387 0.00572916679084301 0.021296296268701553
0 0.6286458373069763 0.33101850748062134 0.0062500000931322575 0.03055555559694767
0 0.7208333611488342 0.1111111119389534 0.0031250000465661287 0.011111111380159855
0 0.7588541507720947 0.20462962985038757 0.0052083334885537624 0.020370369777083397
0 0.7651041746139526 0.26157405972480774 0.0062500000931322575 0.02500000037252903
0 0.741406261920929 0.3611111044883728 0.008854166604578495 0.03333333507180214
0 0.7268229126930237 0.09907407313585281 0.0026041667442768812 0.011111111380159855
0 0.5609375238418579 0.5361111164093018 0.008333333767950535 0.046296294778585434
0 0.739062488079071 0.07453703880310059 0.0020833334419876337 0.008333333767950535
0 0.7221354246139526 0.11249999701976776 0.0026041667442768812 0.012037036940455437
0 0.7598958611488342 0.1666666716337204 0.004166666883975267 0.01666666753590107
0 0.7182291746139526 0.1398148089647293 0.0031250000465661287 0.014814814552664757
0 0.6736978888511658 0.22268518805503845 0.004687500186264515 0.021296296268701553
