6 0.8187500238418579 0.510185182094574 0.01875000074505806 0.04259259253740311
6 0.8153645992279053 0.5476852059364319 0.013020833022892475 0.04722222313284874
6 0.8309895992279053 0.39259257912635803 0.008854166604578495 0.031481482088565826
6 0.8062499761581421 0.5990740656852722 0.01354166679084301 0.04814814776182175
2 0.842968761920929 0.10000000149011612 0.01718750037252903 0.03333333507180214
2 0.8408854007720947 0.10740740597248077 0.01822916604578495 0.035185184329748154
1 0.46432292461395264 0.9375 0.12135417014360428 0.125
0 0.8335937261581421 0.23379629850387573 0.006770833395421505 0.023148147389292717
0 0.6901041865348816 0.33009257912635803 0.0072916666977107525 0.03055555559694767
0 0.8028646111488342 0.11666666716337204 0.0036458333488553762 0.012962962500751019
0 0.8380208611488342 0.21296297013759613 0.0062500000931322575 0.020370369777083397
0 0.8403645753860474 0.27037036418914795 0.0078125 0.025925925001502037
0 0.8067708611488342 0.36574074625968933 0.010416666977107525 0.03333333507180214
0 0.8104166388511658 0.10462962836027145 0.0031250000465661287 0.011111111380159855
0 0.6114583611488342 0.5138888955116272 0.00937500037252903 0.04444444552063942
0 0.8263021111488342 0.07870370149612427 0.0026041667442768812 0.009259259328246117
0 0.803906261920929 0.1180555522441864 0.0036458333488553762 0.012037036940455437
0 0.8421875238418579 0.17546296119689941 0.0052083334885537624 0.017592592164874077
0 0.7979166507720947 0.1458333283662796 0.004166666883975267 0.015740741044282913
0 0.7440103888511658 0.22685185074806213 0.00572916679084301 0.02222222276031971
