6 0.7119791507720947 0.5041666626930237 0.015625 0.0416666679084301
6 0.7138020992279053 0.5458333492279053 0.008854166604578495 0.049074072390794754
6 0.7085937261581421 0.3782407343387604 0.00572916679084301 0.03055555559694767
6 0.711718738079071 0.6041666865348816 0.00989583320915699 0.05092592537403107
2 0.6869791746139526 0.09074074029922485 0.012500000186264515 0.029629629105329514
2 0.6861979365348816 0.09768518805503845 0.013020833022892475 0.032407406717538834
0 0.6932291388511658 0.21805556118488312 0.004166666883975267 0.021296296268701553
0 0.5760416388511658 0.33287036418914795 0.0052083334885537624 0.03055555559694767
0 0.6552083492279053 0.10787037014961243 0.0020833334419876337 0.012037036940455437
0 0.6947916746139526 0.19861111044883728 0.004166666883975267 0.01944444514811039
0 0.7033854126930237 0.255092591047287 0.00572916679084301 0.02500000037252903
0 0.6861979365348816 0.35740742087364197 0.0078125 0.031481482088565826
0 0.6598958373069763 0.09583333134651184 0.0020833334419876337 0.010185184888541698
0 0.515625 0.5541666746139526 0.0072916666977107525 0.04722222313284874
0 0.6705729365348816 0.07175926119089127 0.0015625000232830644 0.008333333767950535
0 0.6565104126930237 0.10925926268100739 0.0026041667442768812 0.011111111380159855
0 0.6940104365348816 0.16111111640930176 0.0036458333488553762 0.01666666753590107
0 0.6539062261581421 0.13657407462596893 0.0026041667442768812 0.013888888992369175
0 0.6148437261581421 0.22083333134651184 0.0036458333488553762 0.021296296268701553
