6 0.8044270873069763 0.5111111402511597 0.01822916604578495 0.04259259253740311
6 0.8020833134651184 0.550000011920929 0.01145833358168602 0.04814814776182175
6 0.8135416507720947 0.39120370149612427 0.008333333767950535 0.03055555559694767
6 0.7940104007720947 0.6027777791023254 0.013020833022892475 0.05000000074505806
2 0.8190104365348816 0.09861110895872116 0.01614583283662796 0.032407406717538834
2 0.817187488079071 0.10555555671453476 0.01770833320915699 0.035185184329748154
1 0.4518229067325592 0.9555555582046509 0.12552084028720856 0.08888889104127884
0 0.8127604126930237 0.23148147761821747 0.006770833395421505 0.02222222276031971
0 0.6739583611488342 0.33101850748062134 0.0072916666977107525 0.03055555559694767
0 0.7807291746139526 0.11527777463197708 0.0031250000465661287 0.012037036940455437
0 0.8166666626930237 0.21064814925193787 0.0062500000931322575 0.021296296268701553
0 0.8205729126930237 0.26851850748062134 0.0078125 0.025925925001502037
0 0.789843738079071 0.36574074625968933 0.00989583320915699 0.03333333507180214
0 0.7875000238418579 0.10277777910232544 0.0031250000465661287 0.011111111380159855
0 0.5986979007720947 0.5212963223457336 0.008854166604578495 0.04444444552063942
0 0.8023437261581421 0.0773148164153099 0.0026041667442768812 0.008333333767950535
0 0.7817708253860474 0.11666666716337204 0.0031250000465661287 0.012962962500751019
0 0.8197916746139526 0.17314815521240234 0.0052083334885537624 0.01666666753590107
0 0.7763020992279053 0.14444445073604584 0.0036458333488553762 0.014814814552664757
0 0.7255208492279053 0.22592592239379883 0.0052083334885537624 0.02222222276031971
