6 0.6833333373069763 0.512499988079071 0.015625 0.0416666679084301
6 0.6864583492279053 0.5564814805984497 0.00937500037252903 0.05000000074505806
6 0.67578125 0.38055557012557983 0.00572916679084301 0.031481482088565826
6 0.686718761920929 0.6189814805984497 0.010937499813735485 0.05277777835726738
2 0.6447916626930237 0.08981481194496155 0.01145833358168602 0.029629629105329514
2 0.6442708373069763 0.0962962955236435 0.012500000186264515 0.031481482088565826
0 0.6552083492279053 0.2171296328306198 0.004166666883975267 0.021296296268701553
0 0.5424479246139526 0.33981481194496155 0.004687500186264515 0.031481482088565826
0 0.6143229007720947 0.10694444179534912 0.0015625000232830644 0.012037036940455437
0 0.6559895873069763 0.19768518209457397 0.0036458333488553762 0.01944444514811039
0 0.6661458611488342 0.255092591047287 0.0052083334885537624 0.02500000037252903
0 0.6536458134651184 0.36157408356666565 0.0072916666977107525 0.032407406717538834
0 0.6187499761581421 0.09490741044282913 0.0020833334419876337 0.010185184888541698
0 0.4854166805744171 0.5796296000480652 0.0072916666977107525 0.04814814776182175
0 0.6283854246139526 0.07037036865949631 0.0015625000232830644 0.007407407276332378
0 0.6156250238418579 0.10833333432674408 0.0020833334419876337 0.011111111380159855
0 0.6541666388511658 0.1597222238779068 0.0031250000465661287 0.015740741044282913
0 0.614062488079071 0.13564814627170563 0.0020833334419876337 0.013888888992369175
0 0.578125 0.22268518805503845 0.0031250000465661287 0.021296296268701553
