6 0.7864583134651184 0.5111111402511597 0.01770833320915699 0.04259259253740311
6 0.78515625 0.5504629611968994 0.010937499813735485 0.049074072390794754
6 0.7927083373069763 0.3888888955116272 0.0072916666977107525 0.031481482088565826
6 0.7783854007720947 0.6050925850868225 0.01197916641831398 0.049074072390794754
2 0.7911458611488342 0.09675925970077515 0.015625 0.032407406717538834
2 0.7895833253860474 0.1041666641831398 0.01666666753590107 0.034259259700775146
1 0.4372395873069763 0.9750000238418579 0.13072916865348816 0.05000000074505806
0 0.788281261920929 0.22870370745658875 0.00572916679084301 0.02222222276031971
0 0.6544271111488342 0.33101850748062134 0.006770833395421505 0.03055555559694767
0 0.7541666626930237 0.11342592537403107 0.0031250000465661287 0.012037036940455437
0 0.7914062738418579 0.2083333283662796 0.00572916679084301 0.020370369777083397
0 0.7966145873069763 0.2657407522201538 0.006770833395421505 0.025925925001502037
0 0.7692708373069763 0.3643518388271332 0.00937500037252903 0.032407406717538834
0 0.760937511920929 0.10092592239379883 0.0031250000465661287 0.011111111380159855
0 0.5825520753860474 0.5291666388511658 0.008854166604578495 0.04537037014961243
0 0.7744791507720947 0.0763888880610466 0.0020833334419876337 0.008333333767950535
0 0.7557291388511658 0.11435185372829437 0.0031250000465661287 0.012037036940455437
0 0.7934895753860474 0.17037037014961243 0.004687500186264515 0.01666666753590107
0 0.750781238079071 0.14259259402751923 0.0036458333488553762 0.014814814552664757
0 0.703125 0.22499999403953552 0.0052083334885537624 0.02222222276031971
