6 0.8552083373069763 0.5138888955116272 0.02083333395421505 0.04259259253740311
6 0.8500000238418579 0.550000011920929 0.014583333395421505 0.046296294778585434
6 0.8734375238418579 0.4000000059604645 0.010416666977107525 0.031481482088565826
6 0.8380208611488342 0.5981481671333313 0.015625 0.04814814776182175
2 0.901562511920929 0.1050925925374031 0.01979166641831398 0.034259259700775146
2 0.8986979126930237 0.11249999701976776 0.02135416679084301 0.03611111268401146
1 0.4908854067325592 0.9087963104248047 0.11406250298023224 0.182407408952713
0 0.8841145634651184 0.24166665971279144 0.0078125 0.024074073880910873
0 0.7283853888511658 0.33101850748062134 0.0078125 0.03055555559694767
0 0.8572916388511658 0.12129629403352737 0.004166666883975267 0.012962962500751019
0 0.8903645873069763 0.2203703671693802 0.006770833395421505 0.02222222276031971
0 0.8901041746139526 0.27824074029922485 0.00937500037252903 0.026851851493120193
0 0.8489583134651184 0.3712962865829468 0.01145833358168602 0.03333333507180214
0 0.8658854365348816 0.10879629850387573 0.0036458333488553762 0.012037036940455437
0 0.6424478888511658 0.5032407641410828 0.00989583320915699 0.043518517166376114
0 0.8843749761581421 0.0824074074625969 0.0031250000465661287 0.009259259328246117
0 0.8583333492279053 0.12314815074205399 0.004166666883975267 0.012962962500751019
0 0.8968750238418579 0.182407408952713 0.0062500000931322575 0.018518518656492233
0 0.8502604365348816 0.1509259194135666 0.004687500186264515 0.014814814552664757
0 0.7895833253860474 0.23101851344108582 0.0062500000931322575 0.023148147389292717
