6 0.6950520873069763 0.5069444179534912 0.015104166232049465 0.0416666679084301
6 0.6976562738418579 0.5495370626449585 0.008854166604578495 0.049074072390794754
6 0.6893228888511658 0.3782407343387604 0.00572916679084301 0.03055555559694767
6 0.6968749761581421 0.6101852059364319 0.010416666977107525 0.051851850003004074
2 0.6627604365348816 0.08981481194496155 0.01197916641831398 0.029629629105329514
2 0.6619791388511658 0.09675925970077515 0.012500000186264515 0.032407406717538834
0 0.6713541746139526 0.2171296328306198 0.004166666883975267 0.021296296268701553
0 0.5567708611488342 0.33564814925193787 0.0052083334885537624 0.03055555559694767
0 0.6317708492279053 0.10740740597248077 0.0020833334419876337 0.011111111380159855
0 0.6723958253860474 0.19768518209457397 0.004166666883975267 0.01944444514811039
0 0.6817708611488342 0.25462964177131653 0.0052083334885537624 0.024074073880910873
0 0.667187511920929 0.35879629850387573 0.0072916666977107525 0.032407406717538834
0 0.6364583373069763 0.09537036716938019 0.0020833334419876337 0.011111111380159855
0 0.4986979067325592 0.5662037134170532 0.006770833395421505 0.04722222313284874
0 0.6466146111488342 0.07083333283662796 0.0015625000232830644 0.008333333767950535
0 0.6330729126930237 0.10833333432674408 0.0026041667442768812 0.011111111380159855
0 0.6708333492279053 0.16018518805503845 0.0031250000465661287 0.01666666753590107
0 0.6309896111488342 0.13564814627170563 0.0026041667442768812 0.013888888992369175
0 0.5940104126930237 0.2212962955236435 0.0036458333488553762 0.02222222276031971
