6 0.7348958253860474 0.5041666626930237 0.015625 0.0416666679084301
6 0.7354166507720947 0.5453703999519348 0.00937500037252903 0.04814814776182175
6 0.734375 0.380092591047287 0.0062500000931322575 0.03055555559694767
6 0.7320312261581421 0.602314829826355 0.00989583320915699 0.05092592537403107
2 0.71875 0.09212963283061981 0.01354166679084301 0.03055555559694767
2 0.7174479365348816 0.09907407313585281 0.01406249962747097 0.03333333507180214
0 0.7221354246139526 0.22083333134651184 0.004687500186264515 0.021296296268701553
0 0.600781261920929 0.33101850748062134 0.00572916679084301 0.03055555559694767
0 0.6856771111488342 0.10925926268100739 0.0026041667442768812 0.011111111380159855
0 0.7242187261581421 0.20092593133449554 0.004687500186264515 0.020370369777083397
0 0.7320312261581421 0.2578703761100769 0.00572916679084301 0.02500000037252903
0 0.7119791507720947 0.3578703701496124 0.008333333767950535 0.032407406717538834
0 0.6908854246139526 0.0972222238779068 0.0026041667442768812 0.011111111380159855
0 0.5369791388511658 0.5444444417953491 0.0072916666977107525 0.046296294778585434
0 0.702343761920929 0.07268518209457397 0.0015625000232830644 0.008333333767950535
0 0.686718761920929 0.11064814776182175 0.0026041667442768812 0.012037036940455437
0 0.7244791388511658 0.16388888657093048 0.004166666883975267 0.01666666753590107
0 0.6838541626930237 0.13750000298023224 0.0031250000465661287 0.013888888992369175
0 0.6421874761581421 0.2212962955236435 0.004166666883975267 0.02222222276031971
