6 0.6658853888511658 0.592129647731781 0.01927083358168602 0.049074072390794754
6 0.6739583611488342 0.6532407402992249 0.01354166679084301 0.06203703582286835
6 0.6447916626930237 0.42129629850387573 0.0072916666977107525 0.035185184329748154
6 0.6807291507720947 0.7425925731658936 0.015625 0.06666667014360428
2 0.5908854007720947 0.09074074029922485 0.010937499813735485 0.029629629105329514
2 0.590624988079071 0.09814814478158951 0.01145833358168602 0.031481482088565826
0 0.6098958253860474 0.22777777910232544 0.004166666883975267 0.02222222276031971
0 0.4971354305744171 0.3791666626930237 0.004687500186264515 0.034259259700775146
0 0.5609375238418579 0.10972221940755844 0.0020833334419876337 0.012037036940455437
0 0.6096354126930237 0.2083333283662796 0.0036458333488553762 0.020370369777083397
0 0.6234375238418579 0.2736110985279083 0.0052083334885537624 0.026851851493120193
0 0.6205729246139526 0.40509259700775146 0.006770833395421505 0.03611111268401146
0 0.5648437738418579 0.0972222238779068 0.0015625000232830644 0.011111111380159855
0 0.4390625059604645 0.710185170173645 0.010416666977107525 0.0555555559694767
0 0.5729166865348816 0.07129629701375961 0.0010416667209938169 0.007407407276332378
0 0.5627604126930237 0.11064814776182175 0.0015625000232830644 0.012037036940455437
0 0.6044270992279053 0.1648148149251938 0.0026041667442768812 0.01666666753590107
0 0.5625 0.14074073731899261 0.0020833334419876337 0.014814814552664757
0 0.5296875238418579 0.24027778208255768 0.0031250000465661287 0.023148147389292717
