6 0.6742187738418579 0.5708333253860474 0.01822916604578495 0.04722222313284874
6 0.6807291507720947 0.6268518567085266 0.012500000186264515 0.05925925821065903
6 0.6572916507720947 0.4106481373310089 0.0072916666977107525 0.034259259700775146
6 0.6851562261581421 0.7092592716217041 0.01406249962747097 0.06296296417713165
2 0.610156238079071 0.09074074029922485 0.010937499813735485 0.029629629105329514
2 0.6098958253860474 0.09768518805503845 0.01145833358168602 0.032407406717538834
0 0.6265624761581421 0.22546295821666718 0.004166666883975267 0.021296296268701553
0 0.5132812261581421 0.36851853132247925 0.004687500186264515 0.03333333507180214
0 0.5799478888511658 0.10925926268100739 0.0015625000232830644 0.011111111380159855
0 0.6268228888511658 0.20555555820465088 0.0036458333488553762 0.020370369777083397
0 0.6393229365348816 0.2689814865589142 0.004687500186264515 0.02500000037252903
0 0.6338541507720947 0.39351850748062134 0.0072916666977107525 0.035185184329748154
0 0.5841146111488342 0.09675925970077515 0.0015625000232830644 0.010185184888541698
0 0.45520833134651184 0.6712962985038757 0.00937500037252903 0.05370370298624039
0 0.5927083492279053 0.07083333283662796 0.0010416667209938169 0.008333333767950535
0 0.5817708373069763 0.1101851835846901 0.0020833334419876337 0.011111111380159855
0 0.6226562261581421 0.16388888657093048 0.0026041667442768812 0.01666666753590107
0 0.581250011920929 0.13935184478759766 0.0020833334419876337 0.013888888992369175
0 0.5471354126930237 0.23564815521240234 0.0036458333488553762 0.023148147389292717
