6 0.6760416626930237 0.519444465637207 0.015625 0.04259259253740311
6 0.6799479126930237 0.5648148059844971 0.00989583320915699 0.051851850003004074
6 0.6666666865348816 0.38425925374031067 0.0062500000931322575 0.031481482088565826
6 0.6809895634651184 0.6296296119689941 0.010937499813735485 0.05370370298624039
2 0.6322916746139526 0.08935185521841049 0.01145833358168602 0.028703704476356506
2 0.6317708492279053 0.0962962955236435 0.01145833358168602 0.031481482088565826
0 0.6440104246139526 0.21759259700775146 0.0036458333488553762 0.020370369777083397
0 0.532031238079071 0.34351852536201477 0.004687500186264515 0.031481482088565826
0 0.6020833253860474 0.10740740597248077 0.0020833334419876337 0.011111111380159855
0 0.6447916626930237 0.19861111044883728 0.004166666883975267 0.01944444514811039
0 0.6552083492279053 0.2560185194015503 0.0052083334885537624 0.02500000037252903
0 0.6442708373069763 0.3652777671813965 0.0072916666977107525 0.032407406717538834
0 0.6065104007720947 0.09490741044282913 0.0015625000232830644 0.010185184888541698
0 0.47604167461395264 0.5930555462837219 0.0072916666977107525 0.049074072390794754
0 0.6156250238418579 0.07037036865949631 0.0010416667209938169 0.007407407276332378
0 0.6036458611488342 0.10833333432674408 0.0020833334419876337 0.011111111380159855
0 0.6421874761581421 0.1597222238779068 0.0031250000465661287 0.015740741044282913
0 0.6020833253860474 0.13564814627170563 0.0020833334419876337 0.013888888992369175
0 0.5669270753860474 0.22453702986240387 0.0036458333488553762 0.021296296268701553
