6 0.6747395992279053 0.5486111044883728 0.01718750037252903 0.04537037014961243
6 0.6799479126930237 0.6000000238418579 0.010937499813735485 0.0555555559694767
6 0.660937488079071 0.39953702688217163 0.0062500000931322575 0.032407406717538834
6 0.6830729246139526 0.6745370626449585 0.013020833022892475 0.05833333358168602
2 0.6190103888511658 0.08981481194496155 0.010937499813735485 0.029629629105329514
2 0.6187499761581421 0.0972222238779068 0.01145833358168602 0.031481482088565826
0 0.633593738079071 0.22175925970077515 0.0036458333488553762 0.021296296268701553
0 0.5210937261581421 0.3578703701496124 0.004687500186264515 0.032407406717538834
0 0.5888020992279053 0.10833333432674408 0.0015625000232830644 0.011111111380159855
0 0.6341145634651184 0.20277777314186096 0.0036458333488553762 0.020370369777083397
0 0.6458333134651184 0.26342591643333435 0.0052083334885537624 0.02500000037252903
0 0.6380208134651184 0.38148146867752075 0.0072916666977107525 0.03333333507180214
0 0.592968761920929 0.09583333134651184 0.0015625000232830644 0.010185184888541698
0 0.4638020694255829 0.6370370388031006 0.008854166604578495 0.051851850003004074
0 0.6018229126930237 0.07083333283662796 0.0015625000232830644 0.008333333767950535
0 0.590624988079071 0.10925926268100739 0.0020833334419876337 0.011111111380159855
0 0.6304687261581421 0.16203702986240387 0.0026041667442768812 0.01666666753590107
0 0.5895833373069763 0.1379629671573639 0.0020833334419876337 0.014814814552664757
0 0.5552083253860474 0.23055554926395416 0.0031250000465661287 0.02222222276031971
