6 0.6705729365348816 0.5814814567565918 0.01822916604578495 0.04814814776182175
6 0.6778646111488342 0.6398147940635681 0.013020833022892475 0.06111111119389534
6 0.651562511920929 0.41620370745658875 0.0072916666977107525 0.034259259700775146
6 0.68359375 0.7254629731178284 0.015104166232049465 0.06574074178934097
2 0.6010416746139526 0.09074074029922485 0.010416666977107525 0.029629629105329514
2 0.6010416746139526 0.09768518805503845 0.01145833358168602 0.032407406717538834
0 0.6190103888511658 0.22685185074806213 0.0036458333488553762 0.02222222276031971
0 0.5059896111488342 0.37361112236976624 0.004687500186264515 0.034259259700775146
0 0.571093738079071 0.10972221940755844 0.0015625000232830644 0.012037036940455437
0 0.6190103888511658 0.20694445073604584 0.0036458333488553762 0.01944444514811039
0 0.632031261920929 0.27129629254341125 0.004687500186264515 0.025925925001502037
0 0.6276041865348816 0.39907407760620117 0.0072916666977107525 0.035185184329748154
0 0.5752604007720947 0.0972222238779068 0.0015625000232830644 0.011111111380159855
0 0.4476562440395355 0.6902777552604675 0.00989583320915699 0.05462963134050369
0 0.5833333134651184 0.07129629701375961 0.0010416667209938169 0.007407407276332378
0 0.5729166865348816 0.11064814776182175 0.0020833334419876337 0.012037036940455437
0 0.6143229007720947 0.16388888657093048 0.0026041667442768812 0.01666666753590107
0 0.5723958611488342 0.14027777314186096 0.0020833334419876337 0.013888888992369175
0 0.5390625 0.23796296119689941 0.0031250000465661287 0.02222222276031971
