6 0.6458333134651184 0.7208333611488342 0.02500000037252903 0.06203703582286835
6 0.6630208492279053 0.8134258985519409 0.01979166641831398 0.08425925672054291
6 0.6041666865348816 0.4819444417953491 0.00937500037252903 0.0416666679084301
6 0.682812511920929 0.9555555582046509 0.02500000037252903 0.08888889104127884
2 0.5231770873069763 0.09398148208856583 0.00989583320915699 0.03055555559694767
2 0.5236979126930237 0.10138888657093048 0.010937499813735485 0.032407406717538834
2 0.9794270992279053 0.08425925672054291 0.03281249850988388 0.025925925001502037
0 0.5510416626930237 0.2439814805984497 0.0031250000465661287 0.023148147389292717
0 0.43437498807907104 0.4412037134170532 0.0062500000931322575 0.037962961941957474
0 0.4934895932674408 0.11527777463197708 0.0015625000232830644 0.012037036940455437
0 0.550000011920929 0.22361111640930176 0.0031250000465661287 0.021296296268701553
0 0.5682291388511658 0.30092594027519226 0.004166666883975267 0.02777777798473835
0 0.577343761920929 0.47175925970077515 0.006770833395421505 0.03981481492519379
0 0.49687498807907104 0.10138888657093048 0.0010416667209938169 0.010185184888541698
0 0.36640626192092896 0.9587963223457336 0.01718750037252903 0.06759259104728699
0 0.50390625 0.07361111044883728 0.0005208333604969084 0.008333333767950535
0 0.4958333373069763 0.11527777463197708 0.0020833334419876337 0.012037036940455437
0 0.5414062738418579 0.17222222685813904 0.0026041667442768812 0.01666666753590107
0 0.4971354305744171 0.14907407760620117 0.0015625000232830644 0.014814814552664757
0 0.46562498807907104 0.2671296298503876 0.0031250000465661287 0.02500000037252903
