6 0.6481770873069763 0.6532407402992249 0.02135416679084301 0.05462963134050369
6 0.660937488079071 0.7287036776542664 0.01666666753590107 0.07222222536802292
6 0.6161458492279053 0.4504629671573639 0.008333333767950535 0.037962961941957474
6 0.6742187738418579 0.8435184955596924 0.02031249925494194 0.07962962985038757
2 0.5466145873069763 0.09212963283061981 0.00989583320915699 0.03055555559694767
2 0.546875 0.09953703731298447 0.010416666977107525 0.032407406717538834
0 0.571093738079071 0.2351851910352707 0.0036458333488553762 0.02222222276031971
0 0.45755207538604736 0.4106481373310089 0.00572916679084301 0.03611111268401146
0 0.5169270634651184 0.11249999701976776 0.0015625000232830644 0.012037036940455437
0 0.5703125 0.21574074029922485 0.0031250000465661287 0.020370369777083397
0 0.586718738079071 0.2865740656852722 0.004687500186264515 0.026851851493120193
0 0.5908854007720947 0.4375 0.006770833395421505 0.037962961941957474
0 0.5205729007720947 0.09907407313585281 0.0015625000232830644 0.011111111380159855
0 0.3973958194255829 0.8291666507720947 0.01354166679084301 0.06018518656492233
0 0.528124988079071 0.07222222536802292 0.0010416667209938169 0.007407407276332378
0 0.5192708373069763 0.11249999701976776 0.0020833334419876337 0.012037036940455437
0 0.563281238079071 0.16805554926395416 0.0026041667442768812 0.017592592164874077
0 0.5200520753860474 0.1449074000120163 0.0015625000232830644 0.013888888992369175
0 0.4885416626930237 0.2537037134170532 0.0031250000465661287 0.024074073880910873
